Timestamp,Signature,Slot,Logs,Error,Transaction Fee,Slippage
2024-06-19T16:45:46.403Z,NRLwgPdEw8WFNfpjBqkPNRGeLpMNJTryDGFcE1VjzTc9u8ReSh4q9KuTr9vzY9ANG2xV5C3nuQELVHt8e13uGgV,272804415,,,0,0

2024-06-19T16:45:46.412Z,38P8xRfvXc7WqgA26uoWT7qS1xqewAWiG5HFS4FxxCMPsxqXbVCNi6XzsVBaRCj17H2g9hvb4vKBQqjAbZ9agHWE,272804415,,,0,0
2024-06-19T16:45:46.417Z,5J94ifKHsAX6MtooAPeuxPFbDNCowBUFMr2HEDDXGM8jYfZxq93yEnRdvzGnFTtysWGcqhsuqQsbRb2ZyKxds2Xa,272804415,,,0,0
2024-06-19T16:45:46.419Z,6FCniu2oWJccRknXWyh9xRzBnhUonD2zL2MWxR3gq8EfBAemupRbb1haAd9k9sUaymr9XSUR9J2p5JEtCdaHSdA,272804415,,,0,0
2024-06-19T16:45:46.415Z,35ZxeeGW5QQVuNSDXS5mUntGAEnrRRr5uNgb1noxB8bmGLZQvkHetKYj8ztwKJ4g1oKjfsLy4nScSHhCuJpZ35Lu,272804415,,,0,0
2024-06-19T16:45:46.421Z,4zGLTbXzAMMTEBPjtEq9B9xrehCacSs2WFWP1iX8Kc8AdJwAfh2ZZYw1qHgBpK8nXC4uT8e8yQe6GPZDcmXknMQ9,272804415,,,0,0
2024-06-19T16:45:46.425Z,hWDqcaZuVfXdFCm4JgXwYdw6aJrerZCqyZ5se6fEkCc5ESSosJ9ojTJKyqUoY3VVj85iSXDGkmnbBprBoFQyYhi,272804415,,,0,0
2024-06-19T16:45:46.423Z,yStEEFSw8VZ3PvoSWvEBAjpRXnSeUGDGH9NkYbU3QHcuF9UDaYfLWaaT2CvZEeLjvtQEC2BBWcahExHzDSqsAkG,272804415,,,0,0
2024-06-19T16:45:46.428Z,DkLpa4JpeHYTwRdWuik47tWGbANNzeSPbM6kXJLmzXFr3DpJMBvZd9eqPyfYqcv4Z3C8GqaMmeyzH3Xu19g5n88,272804415,,,0,0
2024-06-19T16:45:46.430Z,2YbXE8nwXwZNxDJSLDsbg7pELHjmWJAnMaF62yeATayZdrVx3WCmk1UeTq7HLrrRLyreL665XZMZ1BQnCRcocpyB,272804415,,,0,0
2024-06-19T16:45:46.433Z,5SbnpxwF1yZa4PTKzjUESJLe1CkH6vxjDgE3SJYg3zm3W2dBYZqStyWL2nV6mHmrGwyDzSwyD7QeQ5TSKmUMxp8V,272804415,,,0,0
2024-06-19T16:45:46.435Z,61pG47VwZbQQ4nnCvv1TRmBbubTahBZ1t4y7f3TVkzFk8h38gq3Sr1z84bwzzB6okeYFQpJ9qHwhgqWnoVgLowMm,272804415,,,0,0
2024-06-19T16:45:46.438Z,22X8hRwXYi1jzHNvCyNYuchhpp8UwzpecnMtZgSAq6eBdQMEJrK3pohg1DoD2KKxVxxZuPMsSS5ztj5kPiQtBrbN,272804415,,,0,0
2024-06-19T16:45:46.437Z,3pLdewVo2MQ5GBVqzTNZA8zEhVBPZDSKNGyZerqd7XSN74fbzoVdz4CcBhzDkDLZosXE591dK8wF6avNV3pE4ujC,272804415,,,0,0
2024-06-19T16:45:46.440Z,3ABTZvVLbzULXc3ZAMJMddevidbYFajCKbkHzbAyTLvytwMEuggwyd1S2hXTfEdk9vck5hPKfJpVwfhSjbf37pEj,272804415,,,0,0
2024-06-19T16:45:46.451Z,3av18s9yLnTVPxTmqdvxQzqnWFFtuahK4L2gxSEQ93sLNbUWeojwpYHvhCpYLtSyaA7sRo6fRa8DffwfpdFQFRyK,272804415,,,0,0
2024-06-19T16:45:46.455Z,2L6uDDgb45gXYFPLH1fua2QXJeymeQaqxBv7ckpFZ6mZCpfb2V69Nf52dN1CaKxr1YtUHcoAwjF7iZ94w39SVKEU,272804415,,,0,0
2024-06-19T16:45:46.458Z,3zjbLbDGKecffJ23v2mJfFr3PfBst7gLoXTZNgwBvtjDQRvv2XFZ2PirbV7r6xJRRwmMTPEewFJzqp8smRDMV5iF,272804415,,,0,0
2024-06-19T16:45:46.453Z,2xLHsFdBTw7yxC5t6wUCx5KvEuwGT5wjEDd4xyENiaZXaWY4qBra5CrQ5ueSNfFgdSfsb7HS5hxYAQaSw6KAk2cq,272804415,,,0,0
2024-06-19T16:45:46.457Z,3JfW73NtJVoMMkxqxmqjXW6cZp1ziragybHGRmR6kCQLFQwX7Fg3uKGp28W9XWqqkt8u9NTRJK9RQ1AhHrw7Dzts,272804415,,,0,0
2024-06-19T16:45:46.460Z,2sFegsH6MbG7pYHdfvqmrZ8nShrkr9cUtpKdkn4PtyTLwmMP7XEq4CT9mHyfU4WPe5LW7oBEDB89VSBoKEAqfs6L,272804415,,,0,0
2024-06-19T16:45:46.465Z,3WPfN696As4kgZXZVwi7QiLGmDKPAE56QutESW8Mkm8ojPy1tVYErDmhZeCNskhBwPQdsBQ38Nf8kntXZ5dnKey3,272804415,,,0,0
2024-06-19T16:45:46.461Z,2aNExajerrYKjM8GaeQtnTEjvGKLqixWzP3pSongrxzbWyzKuM5NPawxk6RfbMjFfCjtmeg6S1yvY2RLkdgLgUca,272804415,,,0,0
2024-06-19T16:45:46.470Z,3YEdx7ADb5drWYtJDQCpB7PHLZEZzvErtei1tfMdJxFAGrhLiLxLE6woqXLfHD9v44dhugFMpkGk1e64wBBBHFKW,272804415,,,0,0
2024-06-19T16:45:46.472Z,4RBj4Ljdkx6qGR5dZmHAyyT5KZxdRRp11ShvCEijd4yCcPggu5MNTaSD3bWh8fcFcUeLir1qB6TBHpK3kdudvLu8,272804415,,,0,0
2024-06-19T16:45:46.468Z,37kPZ3nnL1AdXpbdFHTLaoxXDbehTBH5jrzkzMwpZpPWh4fdhbW9yEWHiRayTiGou9cUtfWGbqG6KmAaZD4vnLd3,272804415,,,0,0
2024-06-19T16:45:46.463Z,63eyj9P2Rb7wLqLy4LnUJxgWyqpVBgrG6Jk9A2S6aU3HNukddrWZz9DwFEMPSeoCTW9CSx1GohaU7oxMcqHz8QHB,272804415,,,0,0
2024-06-19T16:45:46.478Z,6rtNN7rPq9CwP4MmEtha1Vc5N2Zr8HqX8TMtEqkY3xetd4UMeuNmq729eEFFZns11sd2rYkV4BaVFckUkbCrweu,272804415,,,0,0
2024-06-19T16:45:46.474Z,5Dar6iN5HYoCXsKW5pVX1mQKhCUohMN19JtaNt13Db65WKJ7JEMzTcWbqM83tVCqKnBa3aCNfjNDH93UYQrvqmhP,272804415,,,0,0
2024-06-19T16:45:46.476Z,VaYYat41yiUpSuwNaQydt8f2ZDLjQCtYrzx2jJMTrk8BkxEEwGNKYD3SgEr4MStvpnB5V2Jm1tGBeMKjddZcnSN,272804415,,,0,0
2024-06-19T16:45:46.480Z,2n4abskcYT3QQCT7SsAMWkDv9ALF5p4z6aAb4RoXaWtKWV6gY8MCnWbR5F7xk2s9s8fJZPJ7cfCBipASbLLhmH4X,272804415,,,0,0
2024-06-19T16:45:46.482Z,2nDWdgfHhwRgMPSYdGw6jFCNWHnuHUWTyJHTPRSiD9f936MpyLSyCm11p2QfWtev39ks8XZPJHKCTJvBnXADWG9v,272804415,,,0,0
2024-06-19T16:45:46.487Z,4wCBpgwaCpeZaS1o6kEDEgZVjYirbPwmuz6wjCPDujtWVZKiLDT7JJhVEtJRZakEBrMvU1NGXQqN9LqKHnvsv58L,272804415,,,0,0
2024-06-19T16:45:46.485Z,2wDeCsdwbLjsANxW68fDak9oFSnfkL8kF2KB77UM3os4DdGNwJju3FE7cTrkw6rxYSEtr4Mw15PvC1yFadVPmno8,272804415,,,0,0
2024-06-19T16:45:46.489Z,2QgEn5CbMZy7vuQUEkkZ6JoS6zFbwpWVhYkuSXCz6uApF5K1cpUarLrZMeukgyS8nTTV82EJdGCyKZxWBczc3XC,272804415,,,0,0
2024-06-19T16:45:46.483Z,4GPUKD6RJwTRrhLtMm76ww3uU2BQ5iHpD3UPCQbhRRk38fbRbsrhmPLEu364VaKH5to2orjEDg8Zj2fqBdGGmejZ,272804415,,,0,0
2024-06-19T16:45:46.494Z,3RvnpLXssdr6byVNqS3LdECK3RVDEAi345fMzxPPR754Vx542Hhp7GJsrh66TrgsTc365Xp9C9By3BgzJizSFqrE,272804415,,,0,0
2024-06-19T16:45:46.490Z,wqRusBHJw4vR9ZZVxqL2K54gbJW8W2bm1Jqr4CZ2rgCiXTs8RtALX3PpVm53RyYgAUqWTJ3mPBPE5xcnPffvPeX,272804415,,,0,0
2024-06-19T16:45:46.492Z,2ue6s9H38DGjL32tMdLL41Dq6osUb7jvokLvDRnJ7cddY8CitoskdiS3oQaQWqof57PkGY5nU5dt5inFpqb4TdqU,272804415,,,0,0
2024-06-19T16:45:46.504Z,3Ha56RcynUjTT7xMdicNeEdfQQuFn8JGTU7JKDcM5VXvYRjtnHTPdsAa7gLspkNAxVMqneTEGeHLgBxJPfqsPSZy,272804415,,,0,0
2024-06-19T16:45:46.496Z,5q3xtUXHpw1YJ8bwA3Ey1JsUo9XHrLwHLb5qZ2dfHjzk6tuyzxJMjCEbxaXuvzKdMfTZKsXVi8NRppWR6EEzSiz7,272804415,,,0,0
2024-06-19T16:45:46.506Z,4oEvVvXG5AZr7fYM7uMifPbfkuZWBr7pTo7JckDHgZSTbHJfpQgsamxsBJMRnz3APXvcrBvjW1iukYFBNDoNVvRn,272804415,,,0,0
2024-06-19T16:45:46.505Z,42jffzg3nSXJGZAdKgDa4yuMJJ5EQmLXm3Eh4QPNjSgD3TUkLLWc8MPH6zJCNSYfdaSvQDRFstitSjq71AWbaVww,272804415,,,0,0
2024-06-19T16:45:46.509Z,2SVt1SZpmMPzDC7wXGYQSMzGtXfX7Mqqw51JnQn1ZaucZHoQ8JALY7iQr5Y3Bczmg5kiSm78reHinaxetAFfaPyz,272804415,,,0,0
2024-06-19T16:45:46.498Z,4UqcxtXm6SJd7fWFaFnCGfwAaLZrudapnVPVEG5g3V11PhgjUyt6qW4g75kjCe7G7MDhv2kYkALjNr319qVaEcaJ,272804415,,,0,0
2024-06-19T16:45:46.510Z,Kvbt6VGgPpBTHehem3sj3z286qbdWCASdHeVfEBhiBUnXJEQCUFNKUrg1m7PRjb3gG4A94Geh6Ain2qSU4tSnGG,272804415,,,0,0
2024-06-19T16:45:46.515Z,2NicU5VsJyEp6bSKkTKwvom6YfCu2YEWaN1urdrSn7ZaMaB9TTuyKE59jMtbyQcrjZd2UGTkELsueNZZoAXp6BqF,272804415,,,0,0
2024-06-19T16:45:46.516Z,44QxQtF2WYqmkEZknLM8eaCwp3HCxbUpnKaR9wFZgAb5BwbXapQ26Ad8eMZTpAaxxzMRsfXN3rcHfWbxPCTxDm3K,272804415,,,0,0
2024-06-19T16:45:46.512Z,2V99cLGvzmLq9s85o36MLEY17djBoiZj56qwaY424AnhAYV3YFoNCCuPXHkZwZ9hVxNib2NEp8Egu1QQ2cN4m1oi,272804415,,,0,0
2024-06-19T16:45:46.519Z,3CR3DtUCpgQKB8F2ukWyi3Ww4HAAun96s21L8kpqAAABaC6FKfxbdWdyhNeTmBpUWXMVT31b9jnLX8UPbxdQxmGe,272804415,,,0,0
2024-06-19T16:45:46.520Z,WZPMSUNgdcF6UFiRPaY6BU4SpwSKgVdpy412CAxDhiDYQb4cXUkQuvN3x2sfCo6Z8oPXP6haAJpigTPF8HQQPAR,272804415,,,0,0
2024-06-19T16:45:46.517Z,RZDCSpmzuvB2tf3KhZ9XT2iCcNbXMEmPwqDWn6y1siiHERF2enEQ4PPBHTAGpGehxGuxbQKLtgLmR438U35BfBa,272804415,,,0,0
2024-06-19T16:45:46.523Z,4oYU1Z84e19iLQd7aGtoTi243YAyX8M7CW4KuoZXChQwNZ7wbtvxy3Qxa7EuCKSPP4YUpxdGU4T1g8wWh9HxgXi4,272804415,,,0,0
2024-06-19T16:45:46.522Z,2nvS9f7t1AAjZ2Q46m7Euz6MfjDKBmJFEdx1tmFiy5z4fj3GKVP9EBesf8H1HQUYcyrKxSqa3yNqhLr5Q5f2dLo2,272804415,,,0,0
2024-06-19T16:45:46.513Z,q1tLk9YeYCTt6mypKqJNd38jKWQMTEoqHKGoKaddXUUnH98bEoUZ9j8jWaSHJxddVhdywah8WMv5JgXvWX6N5iJ,272804415,,,0,0
2024-06-19T16:45:46.524Z,27TAYsfjuDXKWm5rgDQcZiftkP4nuaZ38WnjY4RnjyVDWUF8RTL3eSGMhF5KyoHw9HRmcxWdWGFEjF2QoUednuj9,272804415,,,0,0
2024-06-19T16:45:46.527Z,4vjEy3FHXbQNdAJ2PMfbNAfPPicgH6qTyqY11UGxgo6RYSL7Z6t59cHDHj7TkbE8kqw7gU6tEfi56BNb6VAcV5DC,272804415,,,0,0
2024-06-19T16:45:46.529Z,3n2eYvqa9mz7AiGTXhYCZUPXf3g7RcitaZ2bidozzNW6Uy3Sb7qkv9LSmqC5pyVDoz9q2inBqTH7xaHZ5E6MLcGQ,272804415,,,0,0
2024-06-19T16:45:46.530Z,4UBjR48cyT4KQqjskwC65tfzmzsunsTf6dzcHc8qxxtXBequAUQCHHvedbLAF6rQbL1rhKn4xHRXpBdJ9D4JjT4z,272804415,,,0,0
2024-06-19T16:45:46.532Z,2riDj8rko2cqhA3PyY486bzYBZ7W5JpzAsLdRhoACLxHh8ZowuGQRWJNGcVPP9w6cxPiM44EKFg271gsyXGvDR8A,272804415,,,0,0
2024-06-19T16:45:46.534Z,4Rp8zkcgnm1KXp1XYHhr18sQ8LybVBoAuZqppectiSqmWnGiJhv94DzoxdtZEhKbLwiUnnqFveJYR3Hpc69JAYBv,272804415,,,0,0
2024-06-19T16:45:46.537Z,4bg3f3a2bt5VCh22dLkqTvQHeBtz9AZdkR14xRUYHFuMJSgajuN72TWiNbi17N7xdfuQsmaQ5bY6y2L5SZJdZm34,272804415,,,0,0
2024-06-19T16:45:46.536Z,QxebGV1kv7t32hpxA7fLYYBQdDni5V2WXibRmSqoNpvoXwHzE263TJ4ggpgZEmih1P3H6kvuEG3RzxL5iXF9VEE,272804415,,,0,0
2024-06-19T16:45:46.526Z,4JwpdYX7ZfUDFzES46kmmagTasFPy9zvdMe4hFjA71ifbi9QtDJvsNX2tj94acSMoykiL5gr3Vgzaspcm1YXcUea,272804415,,,0,0
2024-06-19T16:45:46.542Z,3RKp3gMQYxZmHSoRaLiuNAefsgssJFPVFjq6siGPCgANfgEnpxgiLyzC3UM8azeXsWd5Hj5ZSfauBTy5WWq5knge,272804415,,,0,0
2024-06-19T16:45:46.540Z,2q3eiRifxDjxVea8LPrKXTbeoWj1hNRMfWZRoQVXqDyJoAHiqpPfasyeNCN8bkbrPL3immUoy8DiCukxX6GRLfGu,272804415,,,0,0
2024-06-19T16:45:46.538Z,VVeHVGQRqJRKEvBRAB1KR6Pqpf7nvntnwHt9X11png166TSdyS1aZ6mUo8TY3fSdCmhXZC4CrVSNpUFveefdojs,272804415,,,0,0
2024-06-19T16:45:46.544Z,3wHS6VQbyeCc3WE1FbVHVQ55Rt8WovxmP8U4Utan8Fm3tdibcmtkV1NdDb3SmmvMMkZkYVsD79TX7GXzoGU4XBU1,272804415,,,0,0
2024-06-19T16:45:46.546Z,p6voWB6VjpfDj1ZExFdkW2QVUQiTyi61afnMgkACY1ktnNLZWQpjTaKi1Ve9nSidgpBViC4awBkutKbCyyCCHuW,272804415,,,0,0
2024-06-19T16:45:46.549Z,54rsTcXm5Ltka1Zhgc95c7PhAXouDYpWEMhzygdJ8HVwYdWPJ57V4RFPBwQpC6c8ZstjKkZk1LAs5UQAsnijFi3S,272804415,,,0,0
2024-06-19T16:45:46.547Z,5XMbRv6XUxSPPC8Njmpexi8fzy7Y5KNpRRyyhFntC9oahk1CkedXqbGy33acrWDX4FjS71UCjWMg9i4tsDptquMS,272804415,,,0,0
2024-06-19T16:45:46.551Z,4JnoebpfpJsQWLJki3NUiq7vAzgm89H7XMCpvCQ7o88WrQFB13TDGdBT6Rd4CD5YQHa6vnvHFjenjdBvsJPJ52dF,272804415,,,0,0
2024-06-19T16:45:46.557Z,4ZaSSNBoeaBDC4SWeLjnd3buN3mBRb9PGPuBqngDzCMqdQRyvWmQ5tA6MCgKWWdtmgxY8sEMUjN3nWVLqDbESFA8,272804415,,,0,0
2024-06-19T16:45:46.553Z,2dDGbKuV3UwocfqWPtNsE12mE8jBuKmmMqiKwPmj7GeapkXDNwGzKUajpwDYgqkaVbnSpcvsWXf4pG8yVULC2ZPM,272804415,,,0,0
2024-06-19T16:45:46.562Z,4U4zpR9oApJQFYvQ4PqNVREag3QfpMC9yycbuWMzn4FYEGj8AhFcPhMUuUx7YynCiz2WrriCunddw9Bivi9D5S74,272804415,,,0,0
2024-06-19T16:45:46.555Z,C7rdWDjSakrv5j15FBbpQnizpsWywdQGVykDWXm8mZWiPvvSZmpxYeAAFMyLa6oEAf2CcQcgGvXywyg21qm15hj,272804415,,,0,0
2024-06-19T16:45:46.564Z,5Pd9pmTxhL5cgH8ixrM1sa2r3wZ6W3LiCP2xjXhDpAamTNM7HUH8TtVejcWYGF3drDsiF6k5X3yYuDLfYchbLvUX,272804415,,,0,0
2024-06-19T16:45:46.559Z,5g8v2EahWsH9oGvQDMNkkE21ozqav6BXLxzCqaVCzEaXSDAPimCnbPeXJvYXAeDaGbFf1HzkSvy7uHBY7ESY4eGj,272804415,,,0,0
2024-06-19T16:45:46.570Z,3woyP52wvew88MeB4fz4knSmx9fmj6EpBV3Cc51wZAZvwpMtenpmNkqpJ2aX1Tdtn1kBh3MHu1U66W9ePzq8A15C,272804415,,,0,0
2024-06-19T16:45:46.568Z,2c81jAE4JsmLdRFLFP6XgC46BnjSwNYiRo1Ad6h8bJHELyLBp1yz2AVNvCQMUvoZ9jiwUAQqozZzskForU6ZJdTH,272804415,,,0,0
2024-06-19T16:45:46.841Z,5vNbzaBc7fvQg4eUpDs2UWwxfjMUD8w6bn1qVWSBG97uL2TWvRywAdEk8EXvAkJGR9MngorEKK8v2ZJtyqwyCo3W,272804415,,,0,0
2024-06-19T16:45:46.838Z,5Pft9dGGP7SrVGorpHMDetWmPsSZXWW7tTtzT2iqBRrZ1QWUoXMw4WUGrxuWDBzBw7w3MBBrQ62zD2sbZLBKmiFN,272804415,,,0,0
2024-06-19T16:45:46.844Z,2mYEz5hzgbtzJkiULPqVWE96dicba9B84Z6ZH6dU19EjB9yDmdviEQSp3oGh8HrUya3zhkKk9s9jGoA467KhemZE,272804415,,,0,0
2024-06-19T16:45:46.843Z,4gDW6yutTMr9VwUKn9es2GycAfwpGmBZEtzcZUeHNF2rEp8NBahQKMLdn1HTaLCsPyA86TBaYGw7E8E4d9FiyE1W,272804415,,,0,0
2024-06-19T16:45:46.848Z,4pUh3aX8qyRWGW3xwRc5bjKGZDTchQqwMqMhhUhbCdhe5vEa1rW83cWU3D7W6azfLUseMDthjStBvpUoFNRaWMnr,272804415,,,0,0
2024-06-19T16:45:46.851Z,61XGib4vucdTxQBt2LxwBYbhJV2AizUVTChPR7HRXjQvtuehA9AcX6iZXVTpeZ3EYxJEn3Uy2NzSNjiTDWyzakm9,272804415,,,0,0
2024-06-19T16:45:46.847Z,5XZGqhvGEKefcQbkTw6Wz6xpQVfdTN65HcegmU43v1EyrNdDheTWfAR6aLVb6A9RMBLUhoBHs6K5ipbvhmhyzfB2,272804415,,,0,0
2024-06-19T16:45:46.857Z,5Qg5L5ZCpaWYEf17FbirirTYj8FPvPxG8AkxLmzQnoDYVLfhReGxtVwtkss813tSVesjjxDK1UM2xKVVBJ1vuDMX,272804415,,,0,0
2024-06-19T16:45:46.854Z,3ZdzRUqG839sMaxQoYUnPcrf2t58UL6zosdRcpzh2qfqJqw9dcBnWdRPu71k6iv9mCb1WiCvQaT28WP74MPVBRvL,272804415,,,0,0
2024-06-19T16:45:46.859Z,2mqzFTVrYQEgAndqWoiivgiiFRJiqqs8jGo9Bzw59ok3jFNkPzour6G26qxKR62jWKgt9deaa2FMDpRESafUjEeE,272804415,,,0,0
2024-06-19T16:45:46.860Z,5RLVJMFTDRxrPiwZ4RwAP2ZcS69ppPcMNkFvBGiWguDGBs8VyVxx67SAuAhgqxbTWA1fg5wyTf9jyQd7zovE34Qn,272804415,,,0,0
2024-06-19T16:45:46.863Z,5pKoKkwra5AYctYCxGVtCMnixcn2U74VTJ1vWB2GBQi9gttPqKyvigGbDPnxBt7d4p3zZD8YFKGSLqfdG4zp8EL3,272804415,,,0,0
2024-06-19T16:45:46.868Z,Zt37mn6EcwBaBy9gJDruzXWDzC81s1ofjEpYwZstMeSDTNjdhHWhCDwNDYxjjLN3VAgysApg2tQEGvhnxWRPHo5,272804415,,,0,0
2024-06-19T16:45:46.866Z,CYGFGeX9xEG4HQ1e5evnts8j6Nr36Wuc4WYFKJKMjxKbAJ9SzihoaKPhFQeJn3R9Sa6HPdJW1gLM9ahBkV1GQKV,272804415,,,0,0
2024-06-19T16:45:46.855Z,24a9GVdcEBDiq96RsswBbarrNQfhhrjcyzLKPDihosLm8Nd7E5NVW8syg81hFtc3w5dkDoajYfQg9mwHauRyQPwY,272804415,,,0,0
2024-06-19T16:45:46.872Z,3xovdTk8Z4wkRie9cU1tizLyYjfUkSL6UBpVJaJH2qE35VUvchxoRRAHJuRDBjXdZ9ymMY44mLaLf7NiahFfaR4j,272804415,,,0,0
2024-06-19T16:45:46.874Z,3bbBsLWCbKUDVLFdnCdCXDs9uBsENVZqemTkN9PqqUhRX5a59EfjiYP2ULDFT5QjE4ACnao5SHiiRQCckDeisr1Y,272804415,,,0,0
2024-06-19T16:45:46.869Z,2KJm99wqQ4RtKaM3xRiw8YdkscTnNxwA1vzGQbE6HBwuhWw8wYuEjqd6cW86G8zs3cktAM9EjoVi9y6nzT9uR3bC,272804415,,,0,0
2024-06-19T16:45:46.871Z,56CWYzJczSHeTt7Q33HENboHkoTgtJJkVtGxFxtweV1wxUC22B7HTDHv6VQudoZwudBQ3DMZF8finffZbqu5BPtR,272804415,,,0,0
2024-06-19T16:45:46.875Z,pTW9F3YTdSWqdGts4HURBwzFs8AqQfK7AL7fJcwnABgN9RvwfwzXUgcVbhjqd6hBscJrRPVmoRev43vMryJxcvq,272804415,,,0,0
2024-06-19T16:45:46.967Z,4kRUdpSexExaXCMzZUrpkQouJaFy6DJQobEJ3Ft3qvbzoGffUzvxrqWsu9URenVKipBW7FEcvhMmqNT7Bpv26swD,272804416,,,0,0
2024-06-19T16:45:46.969Z,NMfSoiB6VtLGs1xWZ5FVoPXRfZ919KMZwm5kqLXj2bPLQuHCfWz49zLFtn4TwqGMyNjWvbyVB6wELSmTJ6cxsDb,272804416,,,0,0
2024-06-19T16:45:46.972Z,3T2u6QGRoRwMGuPYoCftpE1AC9g5ZnMKQLTDTZT1WamaxLLKLkyBdKsUA6evP55i1orA7DFJoPHoakMcNH7Zs2Sk,272804416,,,0,0
2024-06-19T16:45:46.970Z,WT8k9EzPdaUhXLw7Y4QFGRfGzHRwkfn85mmxzWizLz4gFp4qrKsipJwRsJ5J8gzgJZrH4iM33grjyRWC41XczsH,272804416,,,0,0
2024-06-19T16:45:46.975Z,28aHoLePHK4VVEaq8DsmHGF71T4RJLFup9rJfcH3PRJBVACbSzSCFMZ2hhvzz6Ra33ztKy9r9KNSqKiaLEjU1rGL,272804416,,,0,0
2024-06-19T16:45:46.973Z,5gz7R3M3w9gnfQ38ZjARnZ3TGk9g5YDPiN3jtupo7kemDaC4xrpNT5MhM7GP3B2ycjZp89pj5ajFxwiaB8sCCAQf,272804416,,,0,0
2024-06-19T16:45:46.980Z,2z7SyxSBsjV4fR1vznyQvTc7tgbfCiAiTvWPUrRV9fNnRUh2kCUejT4yJmXex9bQbo3vtAcGtNxyFSXfGvW2KY9W,272804416,,,0,0
2024-06-19T16:45:46.977Z,3qwSXeBWGvezn65RVWUHQ8Diq76AxvRF6po9H5WyCUb83caCNSUpvkUaBFnqSRww4xoZ92gvQbc9tGDmW4zBuZDj,272804416,,,0,0
2024-06-19T16:45:46.982Z,ywvyAdxu8TcozgHB37dm7nJDgFTbaYdHou8s7PGRTgf6gmepDTkRsQvmAvi7tKXPiCqtveCKm2YBVhYXWpqJTEX,272804416,,,0,0
2024-06-19T16:45:46.976Z,AgS1Y4WYoVJdgWwwZ8haPLxWxWa8B92vqpmrBzswHruT8VJ4j9Aa6YkbHAcziPwwxooQQnd8Z7CsnJ2mBejQ7Qa,272804416,,,0,0
2024-06-19T16:45:46.986Z,4NK38k6PEyYuoKqYF8uG8fZjo5aEnpnZVztYLBz4vBd1iBLCYEJBY1TQBJ9bh2dZ2TfPZMUcKFXvvJkfAe1meoZC,272804416,,,0,0
2024-06-19T16:45:46.984Z,d3x7p3M6df15cZJyFuJk675GkoYBBiKQVS3Xi7z47nN6CvFXQyEkXfziC9pv1QVnwyossX1SMTcg8jfXMtb2CFZ,272804416,,,0,0
2024-06-19T16:45:46.989Z,2j8LTXTNmNyRUNwMTfCtomu63rqdHFj3SsFkNTT5USfQfbRj1B89YUE4osGJN9CXZyrauz3G9wodVTu6Ltu13JGr,272804416,,,0,0
2024-06-19T16:45:46.987Z,GQuJbxasnUXLvfLWQa9VM3cmtLgyH9kdHbpwUbYU4TujFnqWGrn6Uqu44FKG74Hwhz56PPwm3y3AnP5dw7Nwxrm,272804416,,,0,0
2024-06-19T16:45:46.990Z,4D3Bny9xLNypsr4UCuC76w2gVBzRaha4VPjy3W43snybUVAEX2BXRvwJzfuzmY9VpNFZUCW6BY6GmXfiqinKcQyY,272804416,,,0,0
2024-06-19T16:45:46.995Z,5JM2Mchem6cPucuaxYVGhJCafVAd1Y5UccHkC3Fuyosj3T2UBPC9Szbq8fEB55885B9dH1CacyF1QP58tqMJEx1x,272804416,,,0,0
2024-06-19T16:45:46.997Z,qCuRTx48DRD2TouuanacG9pQbw8Kx2y6p2feH3gbYt27NDDkmP8MxvXrUNXRM2eiJz99o5a8TKXqq9i5A3dXXV9,272804416,,,0,0
2024-06-19T16:45:46.992Z,3o1Ga8TBvXhVtySprqRB6MdyejNQGi4WXARfJpdwHnm4DLPnJBncHGjbMHdg7pp6f5aBSpQhbBXgp7FiyWrB83AS,272804416,,,0,0
2024-06-19T16:45:46.999Z,5jkP8ixa7GY9s5od7spbm7KWbk9xvAq9V3nqAwMVfBnoXqY8pprx1iK6geJc7vgPzamGc2DJx4ps3ucdc51Bgkfe,272804416,,,0,0
2024-06-19T16:45:46.993Z,2c5kEPDQ43uXHv7iS93tdSkr5DeiHx5Fk6WVEe8dNJ9npHxqA8EyBGAo5tm6GmM9EcSu97cH5KvFmPT3pkZWVyS8,272804416,,,0,0
2024-06-19T16:45:47.002Z,3goFwa7VLGTHVJXfPBQKDymLxmhqs6j9GK1uuLdLPg87FdEv399KgNocqaaNS3WztqrNw2NGKqXKNbSvxNSdAB3c,272804416,,,0,0
2024-06-19T16:45:47.007Z,4tTG1XQu7AqQExbubaoC7mY6pQ762GyZKYeozpNzZtVgK5baTJ1LH32WUnde7dgzcc565wm534mfkR1e5r7ugL5P,272804416,,,0,0
2024-06-19T16:45:47.005Z,4aXJjMcQVoorLU3SLDJL3corDBsE5vEaKJN7sKAwfDWy5VPSpp5Sb4AVo3t91LTqCxAozuY83BwmfL9Go5TQBShy,272804416,,,0,0
2024-06-19T16:45:47.010Z,2oNzPjq5Bj2at3N4eocri9tJxda3VQX5bGYENQsfoPCYPZXAStXxtVJKpWv4CB6BTCeeCJoyku65iryUE6ks7R9i,272804416,,,0,0
2024-06-19T16:45:47.013Z,39n9zBikNLULmSUxQvQg9HMEZktu4wwW8QpoJEMRqLSRKd3Hwx4FakeBS1X75tgoR1WhwqQtARYcXfAtovidVNog,272804416,,,0,0
2024-06-19T16:45:47.011Z,5tFDyGD9cU5a1YkFcxwxytHJPywfa7n4ste9jbyTJn9HSrDpTkVvPab6ZYcEkMRS7ddq6W8EFt5s8VaXYUuSvTts,272804416,,,0,0
2024-06-19T16:45:47.015Z,5Ci7wapcEmjtD4un2LmC7dajepVgB6ucsVQzWfvBCRcL3g1svnEMYnbAUJyoYXqUdCSDisMjUjr4joWTPphNcbb1,272804416,,,0,0
2024-06-19T16:45:47.003Z,26MwR775hgopoZTsmSPpt9mjU9trWhEWWPQJKjsvYBd9Unm1cUjR8eqWRXhSSumGXc3z3ZHHSDf5etUtLHh2S6uG,272804416,,,0,0
2024-06-19T16:45:47.018Z,4bgpGFNGVC1NYqW2WNfy4NFFJJZmC3rPMNWz68oy5LTpZeeZtB4H1rFssdLqoFHj9w5UqxZjwEarFf14EXJEAhRg,272804416,,,0,0
2024-06-19T16:45:47.020Z,3XZRkpYoMMitEGQA8eQZKegBY157yvDT5PmRMQhx9uvcyyqcU2bGsK5qBSp4bdHEVgTaxUqFAcEFiZTrTt9vGvUC,272804416,,,0,0
2024-06-19T16:45:47.023Z,5baDNkPQ1FUktmou2TcoqEbiPpWXaUfmhpjuqNmkUSipRRmEEMVkufYVKPFwsQS3RAyzNmwNTvmw2yPf19s4oSbh,272804416,,,0,0
2024-06-19T16:45:47.025Z,dNYcC4aJhFNJkuVhM8sjceFupYnjsb1L4VBhjRRgeiqr4FQtcxrk8fE8tEBq1be9Rr2bkduEMXwCgocxkpfALqL,272804416,,,0,0
2024-06-19T16:45:47.027Z,45j7N3dY1zfJF44VR1e2z6FeMpX6GdfxbAJAsFkNRgTtCseWcuHKfLsYSXoYZkcV7fEVDWhxzTNNszCxanWgCpZk,272804416,,,0,0
2024-06-19T16:45:47.036Z,RzFphmx3iyaPkHNkGWEV3xYTK5sSVUCdeSAYYWeQRTti9uL679PmfCWMRyiu1KrSJDk3mKgwmSJHA2YoWi8A96J,272804416,,,0,0
2024-06-19T16:45:47.031Z,5E8Fknknr2HfbHAqm5S99hcWppRDFYtHyq83qonyysh2otpdDx4owQntTbbV3sSdaqCn6t41KyxM3hC3oWaECSzp,272804416,,,0,0
2024-06-19T16:45:47.034Z,Ym5XkiLmNDRQu6NXRDdUo5dGWAX3sEyHqgyBN18PqGTNpDg8obH4oKUnSqdaFj69CKgNYXEJrBuoTTT1J8TDcqS,272804416,,,0,0
2024-06-19T16:45:47.041Z,5wRejfi1aU2kpQEJ89j7eZbGNhyvCvdz23iJjEsky8PkuyJ8CQycoifW1FKCumEZyGQS1C4E1Y4qS1DKAnGha72i,272804416,,,0,0
2024-06-19T16:45:47.044Z,3xi7AEMJrzNzJ9WSCj9DW3CoPzQnduhHTDZpcbgyfjZoJJEw9HJnqzUfpFVU8eyiWGLQBavcTeKkgXKsvXyRR8DU,272804416,,,0,0
2024-06-19T16:45:47.039Z,22wi35WwZUvc8121HnqotZz8GuJsTbPkgaRYQVa4CiZNb8Ext8x1D11NoUwMKry7ePcWbfA4paPKzGTBWa4CyWgK,272804416,,,0,0
2024-06-19T16:45:47.046Z,uUJhgH2o5whj4peLJknF3WTtj3HG6bkzbUtf2JzHPobEqwTJahLFKCLrgFn7c4fyh6MqnbxR9V5TuHVLLBHkRib,272804416,,,0,0
2024-06-19T16:45:47.048Z,5i1XMAMGU1hdY3inmccp5PfszJLAih6Tqay432jvqkJWg98P1X5itRM9eUJwL2Yxz5xwYAzS1Uvuv3BWjGHYBy54,272804416,,,0,0
2024-06-19T16:45:47.052Z,4nfmSwDFMjE5spNkumzpHy1SbNrDf2Ke9J1f8BQ8NyavHZuXBkYZe42aeqfPw7cFbP3Pj2bbooGXeF8N1hGEW3Jr,272804416,,,0,0
2024-06-19T16:45:47.054Z,PfPdq7pH4DPrgQMqkXjjKPg1FHw16ynzA3o42CYY5G5DyPgbJTjNUpsoshLkfEoNvbxTUBFZzp8whtMG7a5dWoA,272804416,,,0,0
2024-06-19T16:45:47.050Z,5xpXVJwUjYM3mARoKr3YAHkYS4KnjtBJzgwNrEjADYwyvtGFSZQyLEdBhkcNHEs3WiuTD9e9uQac5mydTKqKL31f,272804416,,,0,0
2024-06-19T16:45:47.057Z,2qStjavTgR7KAmDyLT7NY8TreiRCbsCA97BNtSJva1T4EEZwaN4xM1tEu7MVzmk9ibxBHMuzJQL5R1AP3v2ayjBr,272804416,,,0,0
2024-06-19T16:45:47.043Z,4vfi5hi5QMEGkH9kvjLvDJDHJLHkrvK3AfX64zYDSDv1FEFa5pXgtZDK747som4BTFQeRoRHYWNe5vBcyfTGG1Jn,272804416,,,0,0
2024-06-19T16:45:47.060Z,WNz6BMyUvxmytEvcvJzpwxgFHxSzDxApkH1uDxwW6gyTSBUTQKjAgAkzu3qZ52Hi4VxjnGUhnakNW2tgw6VK9w3,272804416,,,0,0
2024-06-19T16:45:47.059Z,3RFRvb1UUDy8R7AMnu1BU8ec35aLjsLZYVpEbfdFX1uSSXMmtSHHpqpDX87joACfV8LDxoR6MMaPMwQzDSKdurho,272804416,,,0,0
2024-06-19T16:45:47.055Z,3krqawkaoAwvggF2cq5SN2gqwoPmEvHAbMePe3PqdRqBnLTaxmbG1yiyS1w7YNZ97KYMsjpi5fn8bX4DP5mySDo7,272804416,,,0,0
2024-06-19T16:45:47.064Z,3QdUbW2zEaTJeJLbuAxARu3eQVAHNB34WPX7KZbr2eEhkLGZfk4HCQb9NyRZF4uBJzAaBzobnjtfFBMFKxPaXJFy,272804416,,,0,0
2024-06-19T16:45:47.062Z,zTJ4cR9QhSnnvVU5cuVmrx3oquiDnaeuhfvDxoronZYZrxjpGrCqQirrN3wi5tQ6xw1cgsamoR6FgUAdQUpgqCe,272804416,,,0,0
2024-06-19T16:45:47.068Z,QNfhQ7k361F8p4fe1wq6w765HZ63m7cmn9tmSUM6qxsjybn4ycTuZWezgSZvCUVPHhk6kzbjwSjTkdxQTd1ibs3,272804416,,,0,0
2024-06-19T16:45:47.066Z,4P7tzpgfCbDQKasXVpUpb98giSB4E6cdnQB62T1384vG4ycMxcvQLqfw72Gi6DVZ4nUUEJr6XcD8G8imjAbdE8w4,272804416,,,0,0
2024-06-19T16:45:47.071Z,5ucsxdwPdsG5pNjwoT33PQnpip5VdHd4mohx7UgKKFcV4vqGQM1yMgQqKzSBQDYfD9ziQ2PSEoFxKUzAb1Hn3UTt,272804416,,,0,0
2024-06-19T16:45:47.075Z,2pamQX9dCVoMP8W3xTYVFCpYkUP6B23Azwd17LUujzj9KLSqwJpSQbTF9MKRSzTeg9bBq7Yxf72oLGtW4zZK7vHd,272804416,,,0,0
2024-06-19T16:45:47.073Z,3XMXLFCDWf83DHkpYwYCkZcqEN4nuPB2eBBjiVHhxKzwLXsahV19BEmddFz3RpsfxD3D4xt1qL6SXxs4GcEt7P7K,272804416,,,0,0
2024-06-19T16:45:47.078Z,TSEASq7Kd6XJ9a9jAr1iKA15Lrrw8qcQJwT1sz2NzYwE2otZnggbxp1xSZ2htZsuYyEvFNPdXin6fV6CYsz7uHM,272804416,,,0,0
2024-06-19T16:45:47.076Z,4ySdw6nyFVNkY7DGxCDXX2dL3iLVj8ssbynWPmirisnnMpzxTFmA7MMTvZu86kHMxgG7othWfX2EaB3pX3RTRbQq,272804416,,,0,0
2024-06-19T16:45:47.083Z,4DM8mq6ipxmohWoUA5jYfkY7d33P9sxU6zjkDQ1upwz6dibBWQauRM6nfSowko2VUGwjoG9dHWvaajb5a5jXd5n7,272804416,,,0,0
2024-06-19T16:45:47.081Z,2BVLK4TQdYkPGKQ4YiNK8wt1FUTJkf9w9XwLkwGD1abTTfeARBLqtgjYL7SzuJekVVQtkhfrKcDN8DZ5rHZT4tnS,272804416,,,0,0
2024-06-19T16:45:47.087Z,3ia9Q8kMsd8hfaJw6p15EokTbgJAPyHF9Qa79FFX3enKYDKHcJPfocSLCLZSwMcUMzUhfnrCfvqhKirKtrkuhiYP,272804416,,,0,0
2024-06-19T16:45:47.079Z,XUqUmi5UUJsTaLj1ucSev2hEa82pY2d7UDRDPjxUxVM9igaJe4s35ocYRKySuMuMYkNW7JgSJEzY3fQ84ZyX8jM,272804416,,,0,0
2024-06-19T16:45:47.089Z,5UHJybZcvgxvQ5ThEqTA9aVbyac5DtxLXD9DG5MpxWZgddhyijAXkiBBU6MEbipHBBDm21ycNcGGg7dpknQD1VPx,272804416,,,0,0
2024-06-19T16:45:47.093Z,3wnwLW8Xev47RhabRcHX17BhycudMn71PpqP9tW4CqbKmtkL7uXPvLVhppdFW2cd2VQc4fMjpo4ReFqVyax7P7bJ,272804416,,,0,0
2024-06-19T16:45:47.085Z,4JeqWGeANBK6xCDSrSFaUUDoKnTaywdTeV5YX3Df8svRFsdcC9BEgWFmqWgSBth7pAyyKVE98GQ4rrqmnez8MpLi,272804416,,,0,0
2024-06-19T16:45:47.096Z,66xDzcZLYXPoFRv5R4JNuV67EavuMHTJFjUZcC66UqZ7VFKJAsf25mitBuDqrHEdheKEMmULRCpPq3GK4aZ8kLwz,272804416,,,0,0
2024-06-19T16:45:47.092Z,5YfM6tfajVGG73Bhi2bYUpyyAy5AMTbEKxRnyqqVueGb1XYSXGnPiHGLqaWRAX2suiCUQM6buUPMaBbEvQbdqDcp,272804416,,,0,0
2024-06-19T16:45:47.102Z,AS3yMGmvAvRbhBvf8TBfDh34LFENA3QttCmJK9EiiHRPapYoUAqWacwWjB818RsdUW7CFMFtxoV2Q5TXF4S4J6S,272804416,,,0,0
2024-06-19T16:45:47.099Z,4P3VUWgY4VaYjuRGUAweeNjuexinzTciSbJDVgmo8Dp45EZPUgJXS813KnUr8KiweR84ridKCsf9euVAQf8PSjif,272804416,,,0,0
2024-06-19T16:45:47.104Z,bHeLcLz4KzBGM4VB4J3CX6uFyKqvN8uUbbQ7GXbsEJ1o5rxb3sE16uY8nNHxc1zTGoynGpiyzR4sJrzXUt5muux,272804416,,,0,0
2024-06-19T16:45:47.108Z,2trcqTHyySZjWVrRCXtnQbaG1doLgwqVQj2a9ZjR62LqdZqDqNDnYJkiJ6w4Ji6Qt3HD5EQM6JwoEKfeeVjbuHSc,272804416,,,0,0
2024-06-19T16:45:47.115Z,5eR8FnucKWG517y3qRfVHKKte8Vx9KfciDkvYxZywZbmJ6qKseATc1fG5irXnQYAeG5rkdKTVzhQbJWpZw6h9bXT,272804416,,,0,0
2024-06-19T16:45:47.106Z,4aeNCxaXYMgVuB9zkyUYSVmqVH3j2yRYCevErV8koPYbhCh3Cknx3yZmkPUmrFsEfBHFmRRs2a2BfvyKZgHcHVRv,272804416,,,0,0
2024-06-19T16:45:47.111Z,5mpXsQGsieHQR6ynUmYJ3y4qRo42sNsCaYUyG3HpeJj5cqrBUMszuQiK2u7eBtsD5hmBSFp4WN5TsuE9d7UKxAS5,272804416,,,0,0
2024-06-19T16:45:47.116Z,2oeGyz1Lqf6AxLY2s6KMXf6ac7NmbamfkyS7xJhA8RSgkFjXum3NSGXbrWgJvCFnZFHribW6Lp4WtS1JXoL9W27R,272804416,,,0,0
2024-06-19T16:45:47.119Z,4WpgLb2uWeh9qacMv5cM6UeEqZvEXsgqcnEUkJGSL3dok1ov5SkqZq8v6TBz2AoG7j52Aty9TdtgSq9VjBG5eDR5,272804416,,,0,0
2024-06-19T16:45:47.127Z,5vBwJqhyzCnvuoFfBujGW2WHCXFGbeK5QoJDVkn5LYRHwrJBsdCqAC1jXRcvKXGBjT7DW9QrPudJss6UXpNTsDTj,272804416,,,0,0
2024-06-19T16:45:47.125Z,oPbVJkisa5BuKUjkrq22pgg2CVgwkkyLUBpkrqF38iXSrrptVE6DHE89HAYjvTUT59K88RXDnz4Q1rjgXDXnrpL,272804416,,,0,0
2024-06-19T16:45:47.122Z,2m2Sp8odsy4ue7qtrPjmiUuEUhahPEPuMKhMqmKXk6DYUdnc6Z2bvyRMpaUQSZex8CjvunrDyKMG985cMiWGcGzt,272804416,,,0,0
2024-06-19T16:45:47.134Z,5MkRrqGr116SdrqSGHx8GY3c7LbvVEY8E8Kxn5Hwh2hYgWakyfyaPELPe8k1HgzwgmoW7zjepdQNWDYSvEeKQdQj,272804416,,,0,0
2024-06-19T16:45:47.139Z,5dyfy1wQoXg3BSaFKkzVduJjthjvUtvvgBrwzB5Gs6E8JG5yrkkfn3XKgv3DW4ioDERPtjouZQkGsyurbn6RYGUF,272804416,,,0,0
2024-06-19T16:45:47.136Z,5Un1WCSy3cR1W7HU8HDoRuqTrTSG8cEq6gz9cX4L4ZLEBrtTHEeXbTYuVQB8CTP1U83wECnnEjMwBvJYWXwHEHgg,272804416,,,0,0
2024-06-19T16:45:47.130Z,4NPWM2rjmLvmJzRyuUVBpNjwaVc1khG82WVvjhgfnPyryJP1GUzT5GZ3VMCMsAUVvjHRnu4qrp5FoRfJMJCWd6ty,272804416,,,0,0
2024-06-19T16:45:47.142Z,4CATUzMSFWKvmSZjUVDMoYmUjkoEtmEfCTHT6QaFzVXwBvuMmicfQoEPcDBMav1VUP1zdE6ojKiSZCXeY7ZfSe7n,272804416,,,0,0
2024-06-19T16:45:47.140Z,62734cDfvWaxANMej969LA3KA1VnP2ZR7jKBmgXVSEwHvtQRXin6bDrLigGUZJDeBhzjJq5DE4sfyQNM95q9x71W,272804416,,,0,0
2024-06-19T16:45:47.436Z,4rXFDgNTZsPym6MB1Fw3nKK6kQv2c5hkPTRXe38AdbxcwbxnJcPY8ZT3VUXBQxv7VYfT74iAv3Y23F7z21xfYtbC,272804417,,,0,0
2024-06-19T16:45:47.438Z,8s5nxYLksiWobfTUkcSJYpArjdWKmUzb7NPjc7tbyS5jdqB9iJaqDNwuQfzqFrPx4n7R6xuWWyV6ECDmyPqDo9a,272804417,,,0,0
2024-06-19T16:45:47.442Z,3yLmMBbVdtt8gLeSraVruTyh6HRZutDA2YHoL1oShhX1KQzZ5HUR4EpAkj1fkw4DL5Ba8FE6FtRVK3ZM65pVHpKy,272804417,,,0,0
2024-06-19T16:45:47.443Z,2Nch4Qzt9oR7K5JRBdMg9tFiesU2Njb9KfVHW6r8skzb3SRfERETfGxQp1bHb8zyjACau6UX6WFHyUJoWKBBytUV,272804417,,,0,0
2024-06-19T16:45:47.444Z,3wj36sc9mwfyV9LFDuaFchw4FjKeovmE4dkRLRcfc8Z5iUrZvRUZVhWhJMKzd1Q9Gvay86Tuwnnyfh6U9Q1VEkG7,272804417,,,0,0
2024-06-19T16:45:47.448Z,XBeKGfhZz3sEBTSTWrRWEDuJFCAy4RgWJJ8CtfeHSWmKQbKHVNSJu4QJ8ZrHyLPDEX5GYos9hLibecfAHRxEjF4,272804417,,,0,0
2024-06-19T16:45:47.450Z,3MzXYMna3xTkvc6vLTTk7yEjBuL5F7geG5EiRjyH4CBcgs1RfZTruxzki3Ush9cBUnoydutVrGMeSLcQjnueDPgk,272804417,,,0,0
2024-06-19T16:45:47.446Z,ZfazXcNpF96Z8VmYAH98mPQYQtdXr2tXhi2wqyJuyRvfxGhBKw3PsGTsU7jGrCP8VZmgSkWsVfQ6G1xWZNQpxJB,272804417,,,0,0
2024-06-19T16:45:47.452Z,3Y4iWZbRoy7FeB4b4diP17myVBjwa7H2kJCsPS1tVL2qMmcuG8Lu4u4ThADLzFV2NbREXLmRsZK8uQ4wTmXPqEMJ,272804417,,,0,0
2024-06-19T16:45:47.455Z,8NQFJAkq46rNpWF8DuyhTZ2wsXmhmFY7Jvnm4gEC4CbCmqTqkCARDqEJH7SnKN4dKuyK5fPuf2wwZR3g94AANN1,272804417,,,0,0
2024-06-19T16:45:47.454Z,4vxy1eDm2s42A1NGTWDCFC2pHM78rCVMWck3qURiqETREPunLc2cRsBQWXeZUYL214GUEJDwX2CozURTMVjuroVM,272804417,,,0,0
2024-06-19T16:45:47.440Z,AWRhQAfcPj2ySDyiVzQaoYc9PKnBwS8AFZAaAKGKyAZogRMD46s1hjiZv3DnHej8ZvjdoUBrDHu3qK4U8VrEoWg,272804417,,,0,0
2024-06-19T16:45:47.457Z,3wDLBa969P78PngUrUL8NVHEgvxwVcv2UDpPYu5rYDPs19DJMGvMc8vuvi5UEf9zyMBNysKqzqWoiDSK1t2YB3Nb,272804417,,,0,0
2024-06-19T16:45:47.459Z,5YkGJNfRgiLgtWgJ9Cxrh9n8bRZYwcRdSzqrDNFxjgRTHsDyVnXRkVmeo7i8JuoQV2HNzBjVv717KoU1ytLGhhjQ,272804417,,,0,0
2024-06-19T16:45:47.462Z,2GipdiPjHRsVhyeD6PzJRikKwiczHMuVssdcxVQMFrFQKJTW4pBrjuPk5NRKsybzVaYrn1sMFdp6k36xZKPFnLhk,272804417,,,0,0
2024-06-19T16:45:47.466Z,5BpWzZb4bPA7NN7bquNBhX3jyx1ofzpxzfMF7JZ4p2v3gFJSvjw3AmXhFFPrAzMtMAo2hVENVojYQVp7yXfLnBUB,272804417,,,0,0
2024-06-19T16:45:47.464Z,3ydovf29yqFwFEtUTEe4MvoUbSqYdMz3J8Fty3Ud9rLu7CAKX68JeoutEnuZrrptJj5UvJCtLxSSBKu8XaKWUqtx,272804417,,,0,0
2024-06-19T16:45:47.468Z,2bEoP4wq5ihKc8Q4ER9hyNBbv5yKV89nipT4tSW53ZzTsQbAxL7rJBqASmAwM5WdEHwWaycLQMiMsdhzT7AjEBya,272804417,,,0,0
2024-06-19T16:45:47.472Z,2wGeYyJus9zdRMnF13Mfqn2ujq2xaqEBjhcQzbHcMpXTgEpb2jjqs1Yk4BwpVtrE67i44zaBTvLwwbJhahHDSSdn,272804417,,,0,0
2024-06-19T16:45:47.474Z,4RaLVopjhX5oQdFZhwNK4Zzy1fqXcmA6Z9bBjijAD9iCGuSnu1SC3WuU29hDeTSL5Mg7XF2A9KKWnwZ4g4kwzzoo,272804417,,,0,0
2024-06-19T16:45:47.479Z,5my4DiPas9kvyZPynYsSWuN3VsPikq7XvNmVnSNRYRkADZDUqDGXLA42ST72h2iCT7hBuKibPJLfXgHD6NwrdueZ,272804417,,,0,0
2024-06-19T16:45:47.470Z,5YmfXeDQpkxajqCvj9ea5ov7QUZG5WFEUxax3TeH9axt9NB5tMjrA3cD2qfzYqW7gWsyAomBjLbPBUL9ErKi8RPC,272804417,,,0,0
2024-06-19T16:45:47.485Z,4ym62BZGoAdkAFEiTYTFxtpCxbxyH73gPZ8s164WDSrJonLkWvhuF7pjyYXrnJuCDsLRebQtsUfwihypQ9UhXDyK,272804417,,,0,0
2024-06-19T16:45:47.487Z,2ZMyU1rDDsQVNHWnexsRHGTAbc6p59yhcN3hA1S6A78QZpUCe6Uqaz3gT1e6xpwYAKxcYnRgX48heFiQKyJfK7e2,272804417,,,0,0
2024-06-19T16:45:47.482Z,4uX1WPzZp7b32z2amTvdYBsvKYGUgBDCdytHAygcAtacwAmGRJtacZeSH112FpXZFa7NJJsrpxeArsqeiqRbLQrT,272804417,,,0,0
2024-06-19T16:45:47.489Z,2MJdMVW3x6V62RJBiWrf3BZpPzn57a11yUWn6vLa1N142jtVnCSa2CXhNNQNq5BQiC6KeXzpafBT1YCg18fhK58G,272804417,,,0,0
2024-06-19T16:45:47.492Z,5MyRwqCx5ZdNZHp2ySUEmNe7QiuZGxLFj5jSBAF1kFEv9FrDbvGQyoFa8tLEmzD8HGGefDHEeGTuYfvYtd9qkx1T,272804417,,,0,0
2024-06-19T16:45:47.491Z,4RHNr7qFEQLNUwMKAUt8mRLujf36QweZxNjefC9FHF4zjvkb42CEsCgchdVj6fAEqsMDyAfbZPXNtkzCvCcoSNKJ,272804417,,,0,0
2024-06-19T16:45:47.496Z,5jpRoT37kPYC8QaqN6H1WYXLeNKjDEZEbkSRQthJwbr3oxZpurVywzX5Z4xyqp3aB8spfAujE2DgbYtVkcR4kBip,272804417,,,0,0
2024-06-19T16:45:47.476Z,3Fw5eTFUfdxAWgC7vzVLXcmwRu5H8q9ryCsMRGijpykXR89hwezELtTnkAAb71R9Bm4PXZ6Smt5sRG5BxeGtApp8,272804417,,,0,0
2024-06-19T16:45:47.499Z,1yCE4Fvvc7uSguqX3YXjWZJwHVEs7yDwE9ruj3cT6S9ctAQyrsQDQ1DYUBTtDg4UrFhvi6YaAKyqsRSe2bkbQkM,272804417,,,0,0
2024-06-19T16:45:47.502Z,4eW1SnY6r1jBefYw3E3DjxD98MXCfaBnPmcvmQs4RcThrUMA7Xuozj4ag6MoA335ruLuPV8DU9f7ZxDgADynyPDc,272804417,,,0,0
2024-06-19T16:45:47.504Z,5n1hF3oqMrdYCnu5oGFe3oWKhrRZrNHw9jNHLhLwPo1spCTdsSNixRZhXVAYvHAJs5R46uJajFXJLdDaLbQYi5jw,272804417,,,0,0
2024-06-19T16:45:47.494Z,fJx2Mgbv23MeUbCGD8Jb1QAwCMKduTZswwwSuBKkDnDx9M4zgKThwut321ePxRzmzdTHjgnt9hEE3FDV2BZ8bH2,272804417,,,0,0
2024-06-19T16:45:47.507Z,3VEAMVmixGBkcHHEUmKz7zempitHSYT8KsnvgA5sd4kBSXS4i9ofpQERzdSmnom26VzwhpK2kEduDobBGYncr9av,272804417,,,0,0
2024-06-19T16:45:47.509Z,35eVV6S6qoPsNr7z5cKxzN5sKmGx7Y76uyB33dK3jYvrHg2Um328Lc9qNjmaoCsCcrh1NRPtxYi3rCAowmYHgNCa,272804417,,,0,0
2024-06-19T16:45:47.513Z,3z3Sm9KJWeSmy8n1CMJ8y89nxtLCvecEocJkNrc9FvPvWVkHK6D2eUMaLJbAGEypbpzM146Nkt3JRnueXbX4Ez7h,272804417,,,0,0
2024-06-19T16:45:47.517Z,3brPc6xhF2ha83WbkHTrJ7TPBH3ixMVxtPG1uwgr61jYS5MkzknMwWNsbXXtcvpQUFF1u6qaV75iqErhobrQTxCr,272804417,,,0,0
2024-06-19T16:45:47.515Z,39Ex1jbtoNsnTQ43XxmRjnp623HvqZoFHz4wqEiK1BBQeMzH3N6f2ELNS72eDuCf9nCRy5jcntCumqscnRmK1dNK,272804417,,,0,0
2024-06-19T16:45:47.511Z,5LEbxK6VJNeYiAqX2xN8hwSx3iDaURoZ2GkzUhTf3YhpSsh1cmXb9UQjYBsZU4PjSAFRCGH5bgsNZv7dPLzjSE6o,272804417,,,0,0
2024-06-19T16:45:47.520Z,2LaNjk96tHq65sZT8TpBv8owmpGpbhK5hVRVSXZkC7ouVTeuue1XVVGnQtbiCKXR8vumm27tfQVV838cSx7RBbPv,272804417,,,0,0
2024-06-19T16:45:47.518Z,2mB1GWD4bA24VyQQqZ2irr1ndrstFaeMjp2mtADzKR1z4h6MeLcUeSD8W8DNhxAD69swZtz2zQx3dLfW1iH4kZQm,272804417,,,0,0
2024-06-19T16:45:47.522Z,v3BiZzZqBfuJSb1PQkHzp7ojLiz9MBBpXwB3NnzSh3oiUETTn3ka14YGoYd6GxyZ81b7FyibrsUMyNKxRH31Buw,272804417,,,0,0
2024-06-19T16:45:47.527Z,3bLDEn1pmVKgFjV9bdGoG49HNGWFqPG6ThQfbPE9K2HHuZYS9GG5jSLHqGuwGpgMiddRTPoCjnaBdtd7abeEsx7o,272804417,,,0,0
2024-06-19T16:45:47.529Z,5gqZ3J496EmMWAz9QyaPingJseYXsGahCjNcH2K6VsewoWVsRYNRPUtdaeHi4S58x7ANqK3czspcbCtRVVapT3U7,272804417,,,0,0
2024-06-19T16:45:47.525Z,Z67URxcC5g9nZWBpNwNZye4cmpFiJ88nMUWaPBeYK3BmazNEUZNmNZ5BPQyFFCesVwFVThwwKkYsph8jTUHovqX,272804417,,,0,0
2024-06-19T16:45:47.534Z,65tF3FecceSjSPUoBDAUYNJXaifHEtfKWrMqoBefTT25Y1reXSgGckFvFYiWS3EaBnKMpYwzcJPYyFnZVhyz6soy,272804417,,,0,0
2024-06-19T16:45:47.532Z,3g7Ck1XYuYuGf4cMou6oNsVN9ALxhP8rQyVziNRVCE2MjkUj6vwD3gzS8MEkSem49WptfsMwSQ1JbEcB1FqobwSN,272804417,,,0,0
2024-06-19T16:45:47.535Z,2VkcStJRiR5vNiGCDUJvKZd1hrVE76W2Afnzbvu5iKpVeNikCSYt9B7cfUtApRc6LAD2ZGgVzqLiyJcWJXB6JPSG,272804417,,,0,0
2024-06-19T16:45:47.537Z,2YSJwsNidnumr53TTSFMHKQxuVieGyMTBnBEBGV9MhZ8QwMXhM2i1p6AJpUbmcf3XGG3Jy8gVvvxgPS8jri15YrJ,272804417,,,0,0
2024-06-19T16:45:47.539Z,2M8wZWteFr9vBRAmaMPJhFFmST9XLb1kxdsEqnsmbp2Kfw6CVkmwgLRd22nxgwNJSxWavih4ZpnTCuiXcev2DYXM,272804417,,,0,0
2024-06-19T16:45:47.542Z,5L8mVPiEetmTXurrrDudS85W6we3FRrZ49NZfiAGZTQaNhHhjUXdr1cu35bTiDJXZWWbfKT6vfjMLcvid6VYLrxB,272804417,,,0,0
2024-06-19T16:45:47.544Z,2MkQZJo1RBf1GQs485mvKFpB3u6hprftycF44nX2gCrKS5XdKL4WHJ9iW13PjycfhNTuqJ5rGjtyf12LXQNJ7oje,272804417,,,0,0
2024-06-19T16:45:47.546Z,3ebR4CKRFGjNP1eeUeie5xM1Xkuztvb6UXzYi8MygnfRmk2yQQzsbSxtQi3qhob4rv6CnY6Uu98L6uvJSy3Jv1Dr,272804417,,,0,0
2024-06-19T16:45:47.540Z,5f7a1R6idzXhQJ9PDstLtxiQHbdn9EkzbhgyCykAfXvNN3xEcLSXceSS2T4EmZXaMbfeRf61qiKoZB6kemzzCCcm,272804417,,,0,0
2024-06-19T16:45:47.554Z,2fwjc7XEz7SeBDTrgnTUSvgrb9xntbUfLD7n1npWnmiBLsNu3iDixSveXVZuZ7dkDGKfhT1Fv5oktcjBFSc52D91,272804417,,,0,0
2024-06-19T16:45:47.556Z,2sLMzn45buhVJLdJTei5sDi8ps9WknjfRRFB7iEqpTBqdTe1nHroQWsHLNXfti39ExDDvso6FvCefpY51qCLGrjv,272804417,,,0,0
2024-06-19T16:45:47.552Z,a25uToZf3fwcgZmkbPqk4mucAYosiZETMTT7kpbqCUPLqoxrfPRYs85dYySJgXzTBFjpxNVrmCqPLXnJSffM5eQ,272804417,,,0,0
2024-06-19T16:45:47.549Z,4JFD1jHmrp27CRva6UUQuc8HTyL7wnu66zoVDdmJHGbud2gUXrfmXDVwJ6xZgAnowx53HbUGkFJSqMUsFGgF4zVr,272804417,,,0,0
2024-06-19T16:45:47.558Z,TDjeSf2JZM7YgK7WDbwx44GRhHpxAKDvM8X5G1kCDsD6n3Emcx1FivCpT83EoNm2qTraw2UH5FAxKd2WHvAmKik,272804417,,,0,0
2024-06-19T16:45:47.557Z,3kXbBJhfrjGnkXuHzPfRZqfUnR9NWYovwjmXvsMfDAnhJcZPx54GiQZCDkEJwqRr9Pw2wuDUg9kdewx86uE8bJZB,272804417,,,0,0
2024-06-19T16:45:47.568Z,4ngbW5gmDG7uoT5MuT2J75r7e41tyJNvRJiYJDZY7oEtUhxGn8bMCvaD81uDmjrHSarW8cwHfxvr8i8DcfgHHpW2,272804417,,,0,0
2024-06-19T16:45:47.570Z,59UdmJybqAnZmYY4trF8NmGx6FfchPEfwzaoaqFRK325pPcGNvVyYsHMwXjhePFvgxGvgcYksunfFaT5GUQ65Eaj,272804417,,,0,0
2024-06-19T16:45:47.562Z,4siWnbyVcdjE2eGnvkDNyShrkJNY9AxwFwcSSYWNKpS2Jryvt3FefZzw981Sk66Q2udBPiRwQZ8iSLY4jZoV1oAA,272804417,,,0,0
2024-06-19T16:45:47.565Z,33jsg2nqDtAqK6roQQrNr634sVFZaY6ydcz7qQ8ipN9p1eG2yUxhj9rsFbw9iUkKtjCRRjtrtMig7UfqjHQkKcdN,272804417,,,0,0
2024-06-19T16:45:47.575Z,2aKLxYYH6MzrqcyLN2YbpUVm3Ct6QQpswsMkpk3FTKw9jwzepa4CLNYr6SKLez4VBev7SPmGT8YjSRHB1KvVvcsY,272804417,,,0,0
2024-06-19T16:45:47.577Z,5Gd4anjnRc6GacrqmohDfqNp6MZWLcvR2bBA2Catct5JGccE5hMUwQQ8ARG1xrvdE25JxsnC9DdekGSYYRsPmTiW,272804417,,,0,0
2024-06-19T16:45:47.573Z,5Q4ervVNagbMdqzdzxbmW8sieM6TFAeyAekJMYkV1sevAAgW2z3vE51PpLXN9CPDE8thGQ2HqMdSv6mEauBv2HMA,272804417,,,0,0
2024-06-19T16:45:47.584Z,45UHpv8bgsexb5ZEDxkYiNJa9KhgSf6xRXXcd4KDqV8hCi5wCy1fajYTW9CJrpYBfE7mHyqMNd3qPwrCJxVT4tP,272804417,,,0,0
2024-06-19T16:45:47.579Z,2rnpj1mAEwF2BRGKQTCN3yFDAhU9dR9dQL1KTFVM6GVsH5HeviUgwEQsexA25PCZVVW7MkbAL2ScQHK3mhtm73hg,272804417,,,0,0
2024-06-19T16:45:47.586Z,2LLtVyeDA8LLvUfZ2FzLFYsYaedZEr8yi1eki5euBmnK5hGNAYN3xdSifpP6THeW3iVfsgaDuYeSFDTMysBdJbot,272804417,,,0,0
2024-06-19T16:45:47.588Z,5out44R799YwSzT31gN1Fk26FxbzRBbBwyew7jZWbmWSxJ6MGRnPXqDXzt7k1zG2qKtyVU8jvkeuthmb5c4SXBWm,272804417,,,0,0
2024-06-19T16:45:47.592Z,3fKyQzWuBDwRCmTJ3z5x48W79HrfHHBAJ8dM6f4Fef6cC5j1PtgEQsSegLsLRMaBqC1t1DcRdppS4K3JdAzkAMdS,272804417,,,0,0
2024-06-19T16:45:47.594Z,2s5YnZyQfdY6Cmnq7T6R9ouS6N63R5pu6itbmznjh3Nf8VDK9xP8UzbQdmQSscVpN8JXkZThGXZECPQTsCyA5ZCT,272804417,,,0,0
2024-06-19T16:45:47.590Z,2yVDer41mKHTDMjUtoQJmK8VEsxsaMEvNWdbp72RsBYZetoQVhKpECSTq3PCAXRQCcuiomC4cEpgAZyYpADECnNd,272804417,,,0,0
2024-06-19T16:45:47.581Z,38GfpoSeWJpydaKu758wGhzBJnHZkN4RKguzeCuc1kZ3Yf1McMfC9tG4Wi58mDyiELgSiMiV6Ghasw1v9Bsj3BqQ,272804417,,,0,0
2024-06-19T16:45:47.598Z,25aQLJFLwmXmCtNCsTh81XmuyWF1ERy9yf3g9kohTxbJDXzWoiD7FQPJczWYSRNodjRrfnkk4bAqPy3jvT3Fut3g,272804417,,,0,0
2024-06-19T16:45:47.606Z,58HnQjW35gwhLEvfJ8FiJZJtB7jcAv5zzWVYDH57QH9dfW9LBdQzPKoAxxyTEDQAzLYb5MDgnmEAM8Kz8DoRV19L,272804417,,,0,0
2024-06-19T16:45:47.601Z,2Paw9V1bjmmwSmojHWvJU8mhsR5iJBATSuzSwxpTCaYsgZkaRXUsV3tTuarLWzZS9c7fXQ53zAuzn4eQQi4ygXez,272804417,,,0,0
2024-06-19T16:45:47.608Z,4UmvWSb5YdGSFhdDSK6XkvmJnnc5Sfy4qnz8Pb3f2eMKeivtMgjqeat1g2yoCKse6ewz9fzqkRRQUtU528Tsin8N,272804417,,,0,0
2024-06-19T16:45:47.604Z,rdBB1zUhRSukGTNn4SMYxvbG5ibdZqpqJJXn2FPnHcsvbuzEbVQTzn5RRt3dEBtWg3tnUb7mLVwxNvy8XH8SGaZ,272804417,,,0,0
2024-06-19T16:45:47.615Z,2YJRGZtxTbqAEhXxiok5UCVtkN7RyuR7T8okSBAhTSErkcZN4jCDGF6MqPjhCeXnaacD7MVtmtKWcHwppHNZURu3,272804417,,,0,0
2024-06-19T16:45:47.620Z,3bueTwTiqDLnXVJUyVQcN2oiBHPjD46eM68SfWAT3BZuRgcxtQypDM41wxBHZ3kW3Nvy8MjyqhGCEr7poREG672R,272804417,,,0,0
2024-06-19T16:45:47.618Z,3KUKLPAWt65SZrmzmNMgRmeNk3xhvPr1kA6nvpiUSFMNefL6KrPfNTHNQ6nWguqbMvxxhUi9VK56jA7zZKpURa1P,272804417,,,0,0
2024-06-19T16:45:47.623Z,LiPAVKUvEk2fccjVsVDGT9u8KCD18ayz82uUWzL2JYF9N7sNUBTQLpL7TvKTABQip8LwRTsHrARAWFSEspBdZXU,272804417,,,0,0
2024-06-19T16:45:47.625Z,5aRPVn4PknFGENUwijrSz3vvTCaqXuDiDuaJgrffyc9wTdvGqx8m2W5HjmV8LeGCp6b2ASNjT3XjuKJeswHiQ6HB,272804417,,,0,0
2024-06-19T16:45:47.612Z,5umqxB3FxTZi9dH73NvKw9oSLaGB756fXd8qV7kcyAnCSjAxxwY2RGNa1yns1iVZMfd5jBay5GP7PtVC2vLtgrrW,272804417,,,0,0
2024-06-19T16:45:47.820Z,2kYPj7WiN9HrQURhLCVhTGN9Rbc3CKmmjSrXa6qTBuUwVuXwtWStymygqe6FLnkW8NPmt7zjLumXoM4XrHvUi2Pv,272804418,,,0,0
2024-06-19T16:45:47.823Z,41PXVC5v4yPEiyapjEuEfWMahuAvDRniAbvGpWFG19mzX6QigK2Rb9NBgaZvJLUHQCjmm5ZvUPKHMPZqJEa3cTQv,272804418,,,0,0
2024-06-19T16:45:47.824Z,5hhANwyPfzgGMQgjZHVz7SF5n2uPfHtFVTcxtNZ54b2bjVbHm5X6GuabdjJQBTyhmPLcMjA4xDhubC8afTMbg6cu,272804418,,,0,0
2024-06-19T16:45:47.827Z,4rKRoeRwzdeDGoUDc6Vp2ySdF4V1zwB3epELvDB4wgKXVSi1nQ7aS9zENtMrTRgHkwRPkXhQKB3aX29RYSSCsjrj,272804418,,,0,0
2024-06-19T16:45:47.829Z,3tpGkxYWab1y8dF5K9HsnTfBB7UzyVYP5CM34qHsCYAZMEnpzKZhiNjd8NJn83McqxoRBxNhzN53LVnimgYPzWaH,272804418,,,0,0
2024-06-19T16:45:47.831Z,6gKZ9aegmELSkfkHfU5AaNGsydeHQSfX11eReTJG4vDQgkTf3WyzmZ4jb9CSyXtbfkpCxJ4zsgaFFdNotz7F7ho,272804418,,,0,0
2024-06-19T16:45:47.821Z,45XCsaiK8Eea6nhKYn3Tqs8sYK721mPmq7d7PaZsTkvCLMmXq8KzENyHFTvGdvMrxypQ1E1vUHMgcc7TQpBnDARe,272804418,,,0,0
2024-06-19T16:45:47.833Z,TkUQ4a7cpPCFSnfZKXn29V6ov3Fhc8ftr4DRtpzLP75u2XW1VA5x5kYuSXLDp2n5wX4smSdPFivBNM7TVn85YVb,272804418,,,0,0
2024-06-19T16:45:47.835Z,2SsY95L3oLcTZawxfKAvoGv92beGQstbvBWfQrDPBZisKiKjoWu3noY4APHyqQA5pGPX8HJkaApQ5tLjnDexvJKu,272804418,,,0,0
2024-06-19T16:45:47.837Z,32PZ4aCM7Cgk8kHxx28nQG8PVaBbrWrgkwvg7vTXJedhtVh66pvVPnGnFrayta7YCfRCdnYGrxmATgmoJhr8CwKS,272804418,,,0,0
2024-06-19T16:45:47.838Z,46Z8u1DwjsH9XzqfoGhM1m7e98P3CnDyqHN5ryVZgNATHjBMj4tUpH8jLqDcx1TU8USph9KMUgFJAdn3GE5L9iVv,272804418,,,0,0
2024-06-19T16:45:47.839Z,5YaidujgQi5dY296QMxnQTqXKCJBEtC6qzaa5YUGtJiReNNazQq8sdD8CvbZ2ENtYsWKjtA5fZhDCve7U9Deqtgq,272804418,,,0,0
2024-06-19T16:45:47.841Z,5Cb64VKrJAFfHGesZ51oyf1wk9jggE61SNTMzvAy4vem4ZtntZy7o2PB2Luv3gGEbQfrS7aNgdtuQhsgRmNhxQaa,272804418,,,0,0
2024-06-19T16:45:47.844Z,2kXjFSTZh1q7BJhwNUMSWRYj74bY7RMzqz3JaSCM5YMXcfSQ6Aa1pFGEtsm6NWJCBFTursVXe94ZJua9672SghEg,272804418,,,0,0
2024-06-19T16:45:47.848Z,5L2Y49bbtYdoVSemKy4p11f59TRiewK11cSB3x855cTgZjaC6EkCq36EVqUjKRuFmtPu2ccFsM3uRRmHeidXEu7p,272804418,,,0,0
2024-06-19T16:45:47.850Z,zNHhkS9LAYjnSfNybHiHMqYVnpaCttQNXXSMX9r1EjUEyA6xN7rSiUoogCwH9JUpUZj2hVd9TbU6kopU5xafxQq,272804418,,,0,0
2024-06-19T16:45:47.843Z,4priBQ424LzecEPkwefTuBktiERZUYif3hCwhf3u9BgcjYg2tR7xoTp1Xm9DjuaXeMmUCUiyJF98oec87GuB6ceR,272804418,,,0,0
2024-06-19T16:45:47.854Z,7uwQaEFaE2YLW8Z5guKTwr6nu1CP2Z6uiBRhnVr9kmV6DQsrrGJeFnf52ks3qzAWUuPRCTHEMNmWGahWEUHBxcn,272804418,,,0,0
2024-06-19T16:45:47.856Z,5p3swnFFYSufSqBzxouwDbEcRPuJdaacJMt3XqVUCP33y9Tzh4bzWjrYb5ieBxxpbMZEbZ6ih7VtrKP5QtaGuUFg,272804418,,,0,0
2024-06-19T16:45:47.846Z,2VRpgigwHLZKrPCmjBHQ9pkS41FYcMKyMUCdJDpGoq13qTBnPPDwpfBvShJyA6ArVvaNKUsaMrbrTZ7kpCW2cJk,272804418,,,0,0
2024-06-19T16:45:47.858Z,UKWcneFjnzxSRqiRRm9bvvEWH9moS5wpXf3R8FnbX6G2kP5E8bqsJM4Eo1e61TMZbzv6tgWSvygwfRYK21NZjeu,272804418,,,0,0
2024-06-19T16:45:47.861Z,2fW34VwQsMjYwH3XF4gH9PHj8mzaDBjvupyNVhk6BKXvu8Qh67vkvYYVagLJuHmHT7ALsJYdNAgMxtGbJGQcgXJF,272804418,,,0,0
2024-06-19T16:45:47.863Z,zh5wCPCb82PBSnP1fSHrZR9dBF7EFEik8RTnaPSqU3jT7dJgSbPnUxxqVutnh5fLwDTjhRD9egQT9SPF9ikv87L,272804418,,,0,0
2024-06-19T16:45:47.865Z,21ZeLN6RWGvX9JEZJRbWUM2A1vpLsZi9rpfsb45uKgmLgZzdchkViNYVKVKCTn43uSXVuD3cx8NgCBKjbn6Zc216,272804418,,,0,0
2024-06-19T16:45:47.868Z,3icUFvCWdyc3W7yBYSLUEf9Fa8e6jopgUfeJPkrN7LaceHi5ykPpp978AZtZJ4m4FxpCaTGRSnnGkZPSHpGAPQHK,272804418,,,0,0
2024-06-19T16:45:47.872Z,tX5urHLWXL68aiBHUcycqKam1VNWUKUXL59MjJ8NBnXu9YG8UtgW7HyjW7rmcEideottfhjd7n85gdwJem3g3Uk,272804418,,,0,0
2024-06-19T16:45:47.870Z,4eqJCNY3Xa48HygNhKCxWVZnmbSTbcBqHrdCBKmMAFpAk5uV1tZkSpnHDuRh2PY5zWBP8Ej6ULP9bfJ8bBPUrcef,272804418,,,0,0
2024-06-19T16:45:47.874Z,3RX1U8F7SPAVfiC3yEZqDp2M6rxuvYudZUP4EQHUhWKEfXsCBd5RUsNdus6YGSwnnmaxyivw8MEqw1kgqAFsg5Ke,272804418,,,0,0
2024-06-19T16:45:47.878Z,RADZhDX2QB9hv7sgR2cbLgLCEVGPkFopwDaoq1uoYqrW2nxAiEAk5fDQmhQNCmDFmZ18yvfGzCBrNBkkhiEVZhm,272804418,,,0,0
2024-06-19T16:45:47.860Z,1Zb1AmsuSv3W17Vqh5jUCTyYaV6F8FV1SxK8sARXtJL4dPnJADY9yenbXGm8svq7FopxWV8mtjWho6wW173hYAA,272804418,,,0,0
2024-06-19T16:45:47.876Z,5Lys9sPmWgELRDd1pVnhYCa5zCTmnt2MpfZh5NW3nrKTPEnu1dKxFehUMuKgNbdZTpdA4iay1BmArSHoMsKuT9NS,272804418,,,0,0
2024-06-19T16:45:47.886Z,2znoEXC5wgBPDoCxWXN7jq4atTH32pKBdX4zSUA3qUWw5aVCzcEDuLoWYoTph5b4ZFiUscHsrB5ytyBkBvouEBBF,272804418,,,0,0
2024-06-19T16:45:47.880Z,jcBVzsPnFVfTR2myQpwobaGw8fxs3LxKDmCRmnaoMxsjZkYJNLvbomCsjAyNJvcUown4Zf8CQJetqduSnRDdPNJ,272804418,,,0,0
2024-06-19T16:45:47.884Z,3GiTADgV5czwuegL832camz3WWVqEECH3dKf8ZEuADYuFBXmo2Q4Me7eqUkEj8hPDj8sMYKBpYXTGxRZkZnxWgE7,272804418,,,0,0
2024-06-19T16:45:47.892Z,5kJ51KcXNViaDvY97hBxFECB8pQCHPnzf8f9Vf53zgVxFfCureAjoyuBrkjGaH9AFJVN8XB4kjJqiQfdCRmbCxZu,272804418,,,0,0
2024-06-19T16:45:47.895Z,5iAyCh4wahSLRNtVjTFSoHY6FMBMDKErxTZbEmbX7aY7vMdT8SQjazcnxwmzjR9QNHbWMbtaHYaraHi9piRrrpNy,272804418,,,0,0
2024-06-19T16:45:47.890Z,2crVufKtg2eXr7X9dE3d6B2ch2tcZWXcAJ4sUsr2CRBpjJxrDUtY1Q8PgRhdNksGq9i9mGQwWc5rKegvLZ7gSArH,272804418,,,0,0
2024-06-19T16:45:47.901Z,3jSMKAScp49hRpYv8EhtwXNbAT36vcXHzLcNdbcqTRHMLqrjGHEyef4HsZdMq5jwSM3SCXWAp1Wx383ugBszcBs1,272804418,,,0,0
2024-06-19T16:45:47.905Z,443N2ZVAJfHxhy7sJtdLVNPuvfktq4GQcRWTVFuQnrTDpsu7sNpSV7ekXvMroeXoX2jjM74XBUXdSp8CY4aB4TG7,272804418,,,0,0
2024-06-19T16:45:47.889Z,26UgWNYxz5s5qVfJv7R8Z92szonzVowhbMqaoLG5KrJoFecZYRdRPywbwUkjS4ngS4HcXk5CYu9WZLJUQwq7HfSg,272804418,,,0,0
2024-06-19T16:45:47.898Z,feSmWUrFtxMRR4NZUqBMmmBaq5GAvyKzNveNtPFJ3RAq2KDtsMLF666c8JYVE7zo6hEeUxJzixrqqDZowFS4pvg,272804418,,,0,0
2024-06-19T16:45:47.909Z,58SPHmHVT5W4CVAbFzSDs3NUVd6ofd5iSoXmoD4dWCeMR4xxMff6NC2PKyui3DbTRZjDocRgWNvAjqkdjd2NKTac,272804418,,,0,0
2024-06-19T16:45:47.915Z,2Sp3ywp7vpwWW3meysVG1p5eU8cGtUaPH56XMV32Yaz3V1p5PRJhY5mtaonL514MDmQafFtJWu7mzpEq7RBiafMt,272804418,,,0,0
2024-06-19T16:45:47.918Z,3yiNTw5HS4ghnLnW5XMdZb2LgdLz2s2snFJfqmrMVhj5ppBgJceg5sW4G1PMgNQpR4MVFV51rhZNQ1fSh6aPxLRN,272804418,,,0,0
2024-06-19T16:45:47.919Z,2x9Rx9EvKq5qdGHrhayTqQbsHZvteFY8kbLgLNJGRhppHAX4hmYD6vMuUPpLo7pW62M4QMfbV7EpLqLJuEjrB3tG,272804418,,,0,0
2024-06-19T16:45:47.911Z,cUGi41pK3135MnyBL4YSkEPGYhyfqZy3zztnhKmT2hkMPyWRyutYcwZpoBcsKzd9uP76fQ4jXh8aPno1UCBw9Yt,272804418,,,0,0
2024-06-19T16:45:47.907Z,3w14U8oMHYyonAAhHQL4D2REpZ4p5Gfv1xqxQXiPNdeuZv4sSLriMazdivPiXeoKvCKMxJuBa9pQXvNwm5UosHKY,272804418,,,0,0
2024-06-19T16:45:47.924Z,2GT8oKpC4LW9aCef9M98wrDYUJ5X33eTL4SVM6k8treu7z9wUR1jJbtrUqno1B56HbF6yU7QkqPx9UNbfTSe2se1,272804418,,,0,0
2024-06-19T16:45:47.926Z,4zPYC1dzJ8yvHDay1g4FRRDRLDsJx4ftgvCK8XSbSgZaN6dXd6U4CScBAAQvK7cJpDaMAwdEonNAsWW8fvZYQ7sH,272804418,,,0,0
2024-06-19T16:45:47.921Z,367Z5v96gGb3v8CrtRMPNVXs18D8NgD9Dvus8DFjLumgSmopB8ww6N7KZDfXJkwrQF7DbAx8TjvgFj1fbwKjvHEr,272804418,,,0,0
2024-06-19T16:45:47.928Z,3tzypobac5PFUSzzWfJ9UqtFMfHW27vMvMYgWzem15629jzzf8mewStGLiRoQsGAXCGMdwTcsvvCEMRpo3CAVa5o,272804418,,,0,0
2024-06-19T16:45:47.929Z,4gZzMzX54ENm5vsxwKKDysqDqENNML88BE6Da99Y5dgyyrPSzwgZ5DRbvXcnVnaJNc8BdzK4vuJZwgyVxFw7PbH9,272804418,,,0,0
2024-06-19T16:45:47.932Z,5QHHDdzxn8Qr9WKwXAdx4m2KsspFtmrLm4gXu4rWsstiKWWn8Bcie7BogWUTaFZuCXCo1d5ELEEyX28mmyPkfUNZ,272804418,,,0,0
2024-06-19T16:45:47.934Z,3SCcjmLbYGgnWBVorQk31aVQXbr5watTHKGvNafF2nPe31r7Q31AtE5E7FMYAD2HgrFMrYMZYZ2vjD6YuV82LtGA,272804418,,,0,0
2024-06-19T16:45:47.936Z,57EN7Rz7Ukd2yBf5Tutf2Xqsuy28kQiPmaDkxc1Nu3jHz5nxTCwQehQTsQZjmrC9BC7yArq5xbWPu4eZ2AdqeLFp,272804418,,,0,0
2024-06-19T16:45:47.937Z,3cBfaC92W8vwvfQ5pW5nE51jBxwtcCZSVNd1qagzKeRT1pTYiiuDniv1nCfQmgxKySZo3JN49gUc3jj1cgvZ557R,272804418,,,0,0
2024-06-19T16:45:47.939Z,5Hm8uLwrRpqQroZJ6D2z7DU2Rw3VaNxwU3PnhGEbAQnS25LkW1uKrt7epJJmUBsYPYjazUpgdD6ZC2HvbsAAPT22,272804418,,,0,0
2024-06-19T16:45:47.941Z,3asALEPG1kd84f99mFoD69jeCxZquvHWcDzvZSxCd3iUZNRthsKArfSuAa36nayNvM8mYW61JFYc7jYxgvMjNLAc,272804418,,,0,0
2024-06-19T16:45:47.942Z,mcq9bCCjpZV9q3zwoNeGLPshvpfJfhKiXEtriRUADSdt95WpYaWvhytNaqiH7SCoJuEuRp7AMFpv1sg7gEJ5pbn,272804418,,,0,0
2024-06-19T16:45:47.944Z,25LzXxt15NWndUQyzkDKu2C7fuyDk5jJkHq8RdKije6r3zzs3NUUrskVNZbFaFbvHfRudEBo5vpFzKoMDaGzwKkV,272804418,,,0,0
2024-06-19T16:45:47.949Z,5GAWtTsV4CcF4SWZbHuuU4MS8BGay9CYV8gPFbLiXAVsswMAw869xfNodD9q8S8m7U95Vs5EcRWFsfu69hGfCck,272804418,,,0,0
2024-06-19T16:45:47.945Z,3eVy8CNVi53pFicfiGmGppxuCDSXxtfLbsWdww9rXv2guFHpn8rT7Sn6siookZ83eVXbUC2tmXWU3n4HQEkKMsmh,272804418,,,0,0
2024-06-19T16:45:47.953Z,S9kEZAjHoEQaHnydkk3R5QUan9sDCCDgutDxkhLcUBBYjo7A3XvGRoqKgVErNB79o6hrkxoGNpiC1q8PA61LyuB,272804418,,,0,0
2024-06-19T16:45:47.947Z,2T6aVgQHBExf9TPganMuWxdRz8VYJpvs3maPXqAeiMEfATVYi68EmgSgR2yDrwnWv9gmdUipv7zQ5ybrNDvmnqNc,272804418,,,0,0
2024-06-19T16:45:47.954Z,BRjGe7Qq99wBx3BvxNmWXWN9bYBG6dzWfsdNXgFe24db6qY9BSsrtpMhv1DECDe4B6yzaxCpbUDgq5ZFBhscyTh,272804418,,,0,0
2024-06-19T16:45:47.955Z,3wx67UdFYvTwVPRuWfLSmas6pacQwokYQ21Ey4KShXJqGn861vakBkFe9CaJvoh8mwYSy9Bnv523MXk2iW1ckfEG,272804418,,,0,0
2024-06-19T16:45:47.958Z,2YTfWSSwwRVRg7HzhHQ33hCdV91NFCBpJKpwfHqSjJwKGvn5Evn7pLNrW1pggnwHwcFuF2gwn5qPctdUQuL9wcbR,272804418,,,0,0
2024-06-19T16:45:47.957Z,53yr1VgqeCQ6guPZeESCgW6Z4ytiPkUrb1afbS73Edjiv8KHQGR3YtSMCgg2jxSQgZvEqr1Ztm4mK85ZzdE88eWZ,272804418,,,0,0
2024-06-19T16:45:47.960Z,5VzNKp7srMbEwUPaAtcBEYH8K7Vos76jXncPBHHjMtZEuAwaBCR8KqsGWYc9BqSdQuqVi9VMXj6SUeaqURx8obbF,272804418,,,0,0
2024-06-19T16:45:47.961Z,5uK6bstbNk1U4Fr9UiXs2EtmdqeKqYVmbUHarE7jvBsbGfmsvVCaVzgQrFjKjPird6L2XfXqsJS7PjrUevWy27S5,272804418,,,0,0
2024-06-19T16:45:47.951Z,4NphiJyxVxkG1LyWQn253gcvMpdffB9dBLdBiCrpMNyWmXn47eHjpRf9tAqbEd8zHHWJckQrXb1e9ZLiRLEAA1hV,272804418,,,0,0
2024-06-19T16:45:47.966Z,2xsT922ocR8QFG7bkPtQ5Z2jwqfsJvXrr2hNbSC8QNkKvzNoJ1uqL86G9pV2w7TNSyGuWwXJuov66ar8f4BFTRHU,272804418,,,0,0
2024-06-19T16:45:47.970Z,3LW4ckjJq6SSmF2QvyiNsUAMp4nsDMJ4B4qx9HdGXX9YnDh2NrQVUvNS6vy4uQKUESZHHRizEy1XqDyad5hbp6Ss,272804418,,,0,0
2024-06-19T16:45:47.972Z,58u3iCXnVUcbJu5Kd3oe8FGj5ULPksxCnkiDcfR7DtqY1qiR5Ts8Kif81bdCXePcRcTnkZFWAs8Gik7nxC7bGPGB,272804418,,,0,0
2024-06-19T16:45:47.964Z,4xiaBZYgC85jJoD2PB4yoFZAA1PSUxKaZCaLGi4nECu5xqntS9bQj14roKZSGARuCkQaECCEFMKcBGfA2XtxZqP2,272804418,,,0,0
2024-06-19T16:45:47.973Z,2M85FiLS9uaUB57EhmiWYXmMv3FWxQmmhMQFwoRkAgAwWjRn54MT3qi3NYRAjQQn9zU98niFEK8friRbuGzupkXx,272804418,,,0,0
2024-06-19T16:45:47.976Z,2y3jT4XLQLSRFLTghUWKKRw2as3HAmzTPVqAPE4mx6btwoBobetRAVgw7ZEpwXu5gNaSRFWJ6fwYBmrMTZQXtZi7,272804418,,,0,0
2024-06-19T16:45:47.968Z,2eZQh2jtxm9Y1UewzHvY6Q6goj4Qyu4beSQqagcmL3SFvS9mWKZYebAYeRv3qnr7MHvKKaQNEewFLurf9rYrnQmQ,272804418,,,0,0
2024-06-19T16:45:47.975Z,3PdacnGXNwU8v3jAPZq5xfVavw4kASgxtGYJhwSydCwbFtv8jbG8KkgfH2wP2jyMFVw4hvFqfTkWvTGvQiKBsCTk,272804418,,,0,0
2024-06-19T16:45:47.981Z,51AoHmfV3X4gdyyZSGWexW4yXvZPjxj5pG5HEWAcbTq5RH4Qck1RvxzsNuNV744AdXBtpZ8YP34ctRKhy6aFv1E7,272804418,,,0,0
2024-06-19T16:45:47.978Z,3MafGQeTMZqyxeTMJBw1vk4iUnNKnvgBZiAo3mKMMTC2LnULJaUdzBftDpMjxcdz4TxVtbFBAe5Ef78DhWKqyJVJ,272804418,,,0,0
2024-06-19T16:45:47.985Z,2iUCuU7NVGnXrL6A1gQYjuLMRDXRLZ1Y5sdQP27qKfUvwswfYUeG8s9WUE6zDVR7NU7hkjqRgQ8ePHzbbZEAq47A,272804418,,,0,0
2024-06-19T16:45:47.986Z,2eMHXFvdab9mGGqnpvr8ZNxn9BxaJJ1iAXCf57mo8oyrnNfqT1mTh5AFPBTDuTD9AkUaUnmAdWMYSvGG3jG3EW9M,272804418,,,0,0
2024-06-19T16:45:47.983Z,Eg9Jq9MjYMHXVjof5i135YRZcBMkPj84WWKEUBfQ3ZyXuY4TmxKFHgP8N2sAUgYxYczS9dV5A3tXJPyechLEaJE,272804418,,,0,0
2024-06-19T16:45:47.988Z,3BoghcoktCUtDPsXxwP8W8SteGzXrSbuy8TeJkuxGJgLHTu9S95josityXxECZetpLU6aP4bnjBm2hF9dTGACEJr,272804418,,,0,0
2024-06-19T16:45:47.991Z,2peybwCxy6cxPcejmhjzzJYTWFusLA4jdyBg8asuihZkitF3dyE7byQyY8WCWopSQYYDPFUTa1HNCaF5CxCCEDeT,272804418,,,0,0
2024-06-19T16:45:47.992Z,mvvBp4JYwkf3FjHhQHGYK76FzZvh5Pkw5DWt1KTayky7L8tiT2jdinxByKY6PzxozYAW5wzXeQVUPmDgP2pKXLc,272804418,,,0,0
2024-06-19T16:45:47.979Z,fDkNihXoamp4nV9Nj6G4E4Azb42ptaK7PtGRunZpMsAyRRhvKPFYkX2W7SpnA9JMTX5xdF5vFENPAY8vCXhS3ZH,272804418,,,0,0
2024-06-19T16:45:47.994Z,3xFGY7jxfkPj37uxtSjhZSbLx5x9Y1d1dCasgV2Wdco54SbDdDsE7CToYMGVgv1iPQ2X8Shvo72BkeoBqriR6JLt,272804418,,,0,0
2024-06-19T16:45:48.000Z,4zCFSfjQBGfBfR7fBSEqhr7vidX6qKGKcRZ5c4RGgWvjm5xVA5TonDRZ9D6XTACf1ucmB7Yt6RuGjNNbvwboZanG,272804418,,,0,0
2024-06-19T16:45:47.995Z,2qKdVE4t4j6Lvsq1Zn9uSteEJYyLbPJZenJw6YcY8tZ3DafYbiBRRSdJd51sCMxJMqiFNbWKzchx3PyyEXbJrv85,272804418,,,0,0
2024-06-19T16:45:48.002Z,2ssgyaSZBAZcJBj6bbZYWwCqf1v9rdSfujeoYZaQQgMq646JgvThYpV6y6CtLRZRLibcjNUo5w2D6aVQbGCLivFs,272804418,,,0,0
2024-06-19T16:45:48.004Z,3Z3fQS5e3sVcVvieuTimzf9oBTL4gMmdQutc99T1atVHvFWf2k82LBWqd1Ly1AAJgYydTmMa5FHGvd8v7VugRjLc,272804418,,,0,0
2024-06-19T16:45:47.997Z,5wRjYPVJKRKr3v54yYBcTQzAoWkuewXf2g9zfKtJ3apMSWRdQxG5exW8aNV61WYmBU3xHvbs5a3kEWQThqK1rpeT,272804418,,,0,0
2024-06-19T16:45:48.007Z,4oCDBtxckFY2jyA7V7F3ewvrgWbxycFaPxx4S2VrgCkirBnB2FjxZ7pvuRHKzBdxStKL2SgyYSw2YWu398cEWxBJ,272804418,,,0,0
2024-06-19T16:45:48.009Z,2GF73qAd7p5ywMfk8va5JPPSAJBzj6TTf8DJxKnN7sJuxLpoUcKpUMh54FZwaJhYEo27Hx2PbFNUzFbvh78c29HN,272804418,,,0,0
2024-06-19T16:45:48.008Z,BYCywDvuDx6mJrS4v9bfCPDX2VCzv4PnHPmyvGo5cmF5vXd8uD2XnXuDfwj8mP6uRaUoWzpvQytvUeRG9jkZ1xa,272804418,,,0,0
2024-06-19T16:45:48.005Z,2HHuv2PnuU1Y6tpP83C1hFPCKAzoPD1mbmwhgjsvZ6SevGVyJhiRuKTa9XEzArnqh7XzBPCmAbkXYRSb5VcuUfnn,272804418,,,0,0
2024-06-19T16:45:48.011Z,YsiZ33MdZjrjoMyapHRD9bthQrutZGFVEHnHkHqMH2ti2Zz6Pv8VT5tqo6G5JWUh7WnXfogdrz4x5sGDwJWfPh1,272804418,,,0,0
2024-06-19T16:45:48.014Z,338YPyoYHEFdeTtiwVVLp9mpZtDSn66t4Fgx4pJuh7mYY3fjLUjAce9gMMkNxiw7D98gAWVjxZeqXsG4YDRPjdM1,272804418,,,0,0
2024-06-19T16:45:48.012Z,2UB9jcXjV4bib8V3w6h5wYUD7uBbm2zj5KWEjBXddkhbwyScXPtmdkkMWchbXMizX2HUzfRp5uHWN9Kg6LstDLbX,272804418,,,0,0
2024-06-19T16:45:48.019Z,3WsLZgrFBPsFM8E4cKEnKRxL1UrcUVCGE4YcEayzWKjM2g6yW1gb1VCKXZMvFfBatbPQG33ciMB5u8txRWzVRs3t,272804418,,,0,0
2024-06-19T16:45:48.017Z,gLq8JRATmdiJHXL1zJLyznKGBEQw9Hf34EH8QQqyrSscoo1XD5YnDhCm6rHa6UyzG7Tpuq8Ura49EUwC6SqZK1c,272804418,,,0,0
2024-06-19T16:45:48.016Z,3z78SysTUZpx1cQQCtoiRsg4MJbAWCASzrP8V28B3sLFbh7ACYZvd3PJuSwoDdBBujke73Uj2Xzdw7okqkQyS7HD,272804418,,,0,0
2024-06-19T16:45:48.023Z,ZumyGf3v4KKiMLvrTZqWEBhqPhMXk3hPWzGywptYqbdYUekTUb7yZTLn6ZNyu9dS1hn2ZfcHyTd1jQxpbZ3NPC9,272804418,,,0,0
2024-06-19T16:45:48.021Z,62WENMKmv9j3GMWDr5HQfY7oT5R5oi9wXt6GMGBzv33cj4CH11shZ5iwDCR4KGf6kHFMQk9ppghPmKYywu8we9BP,272804418,,,0,0
2024-06-19T16:45:48.022Z,HC6jnZFF2FeSyhe18qnLybP3bPELy3DyFLnK3Ez4u9keUHX61ofZdgzD1t1Wc44ZzzKCcsXD8zwi6SydZySFdAv,272804418,,,0,0
2024-06-19T16:45:48.026Z,5DB5JeHKADVyskZYhBJk3EMsz4ALDfTk94Fa2GZvBT13vhfKr7zJoEjYjZV33fsd6qQ8LvY7VmwYJEEdZW1E8UPH,272804418,,,0,0
2024-06-19T16:45:48.029Z,5zjDwkSUWAPBBuWentDHuQFp5NQ1WiHwPHHTDcjn2jkE97LvCetL74y1x3UQbMQ2WeFXyN1cWdwKCnZpMwqHokwM,272804418,,,0,0
2024-06-19T16:45:48.030Z,5to7M1HsWCz27PNEZ4h8wKK9quT8VtK1em1JdoDHabpQB1aL6xCrbywqveuHaEnv86xAZ86rdihroPcBJJFcuFrb,272804418,,,0,0
2024-06-19T16:45:48.027Z,4PhfFNzuJsM84BagSQxSZT2HD5WQXJ66P56jZ1L1zmV4VVoe9ABEjHPVWNKKRgZWGZHCZJCiVUnWqYZKiE1Nwt2X,272804418,,,0,0
2024-06-19T16:45:48.033Z,55SL76DfGwwMSGFtGrvnwwVdBkUYUNHZRCsM9dfeJrFm9wRuQgpn7ZTWHcZ9MKFuyTHLVms8QcVP8jU8no1znuEh,272804418,,,0,0
2024-06-19T16:45:48.035Z,4PNpAMbRsNsxJ4AUVtd7HaqCS5bLLEvYGZE73XJDRt8wqZxzueiJjJVJ4VkzWTAhfWKk3BfRAQJbEG4EZ5jP4p2S,272804418,,,0,0
2024-06-19T16:45:48.038Z,45j9Dd7JRc4e4egusn6YfixeH43pguZCUXQrPHWBB3n8g1eWEENBSkt7HdsAcJATTQNUZN9sn3wEFXu6BggtGpN3,272804418,,,0,0
2024-06-19T16:45:48.025Z,weRirDpDsT8ns9Bs5jRipRU8RsojzYDaLo2RFvViFWVVbrvtimXuhmMnYAGfDAWfrwbgzWfVqTAnT6bvkuPnPHh,272804418,,,0,0
2024-06-19T16:45:48.037Z,38Ra5HWpyr4e5fPMFQzkyu3PxkYNndSyvTfQq8JV2fAZeKTCKaYhTRTuJ8gD7EVRT39a1WZ6kYwLm3kD9yENXPbT,272804418,,,0,0
2024-06-19T16:45:48.042Z,2J7hQAz4vSz5P1uvrEHyyc265cUr1G3Gui6eNab22EWYh15WE5RnK5cH4LxXjEVpSyaZNSGCikrXUbiQfpYX2y5N,272804418,,,0,0
2024-06-19T16:45:48.039Z,396e7H1M5zq6WJ3QSs6awZspebFSkDPYnxPWxuD4jNKD3VvAm7s3mYYzftNzMNDyVm5qoyGGTah8ViCk22B4Zgwa,272804418,,,0,0
2024-06-19T16:45:48.043Z,3dPKxMU98WK39AL7x2nuascsbSToiLgaxybCmVfUCHdkyPcNEJm2a1Tiu4C1xk64NECdNNCxco1hg9TEfj931k6x,272804418,,,0,0
2024-06-19T16:45:48.041Z,yDRruXznsvwJpRnJm2zY18Bxop2f1uEsCmgdNrM3q1ALzPm3fmifmBNBsy6PSrV7myd41bSUyqLV7wFJvYCxuKx,272804418,,,0,0
2024-06-19T16:45:48.048Z,55jDd8eqsb1LJH1p1ezyfj3p33jG52GsR4Jegz4dDrZxcaEsBx3G4orR1s2vQMpEb2Xxvw3DC5uMTKFVm4kSNR6C,272804418,,,0,0
2024-06-19T16:45:48.045Z,u1DzzSALdc1x9Y2FmJfcgHDD9LZEWA4tk8hqod4G7BbdyYDJXrvBrWTawnTxVxcmGPwDDCaiyc3mR1B3wnYEtdN,272804418,,,0,0
2024-06-19T16:45:48.050Z,3LGjZVh3b3et9AGkeMFuY5fPGxeyyG6pfiLDggr9e6DhWZSFFtTrEMdkGrMptg5P7NpqemjJPKzyrQmpu1aqFeEK,272804418,,,0,0
2024-06-19T16:45:48.046Z,aD3Q92uxSJewaApr4zMtjzvaBaa57Rm3EhwRkFVWvW1CZJQ9ycANprQtxXzN6yGvbGMXaL5JAihiDeTnmk9V7Nq,272804418,,,0,0
2024-06-19T16:45:48.052Z,49ttKGfGCpiEU846LnyoqSpFg927VqTSS6a44Njx1nRWc3X9dF7hBtH72YaAyiZJ1c1W1oBwoD4t1GgdMwcA6Kpf,272804418,,,0,0
2024-06-19T16:45:48.055Z,4wf7vndYjdUVuQ549sKirP4wXi3vdK9KCgH7dwLQT9Uaf26Z61ey1FJZfgQUzHtFvUKiEkSPjHJXYYMA1YDUk3YP,272804418,,,0,0
2024-06-19T16:45:48.053Z,JVhhfZsKvkXLSYRuUREbNkvEhqDJ7Uup8egQ35ncVP7P6rqti8w441Wt9x8uHNgnuB4eA1VsTk8f3wUJ1HcmHAg,272804418,,,0,0
2024-06-19T16:45:48.057Z,396G9fJFugLfRH34nzSaaMpn7MvWLf16zuR8T6gt3ixVR5EcbDeSyHYEZDbKh3XUCBSAJ12LGptFQAWXDT15LPKZ,272804418,,,0,0
2024-06-19T16:45:48.056Z,rhWRLRGUXrUTpH6owCDRgq2ytMtbAkMnXdcbNVHE761yCm1VshTsGvuXrNzkQbBPaAR7NqfSz84mouf9eyY1SQP,272804418,,,0,0
2024-06-19T16:45:48.059Z,5nn1uBoVYJg527m65Qy2h6zjpULajJCCik43yr8P9MqkM3fT5L4o18yYo3Y5mFiV7Tva5nPqzMemqtJS6bu2Zyeq,272804418,,,0,0
2024-06-19T16:45:48.061Z,2cdUUDAcurED2JujfGUjSVoXsWizHGfG49Z2nN1gK1SwE5m5dY1ZdtMHHS28QsBz3iYVNiGDRtFW1uUkDCFUowqx,272804418,,,0,0
2024-06-19T16:45:48.060Z,5F9AiQ8vqa9oJrYW8wPCbyBfzunhXKuHA5n4Pjckv1tUr3uBCytdVhXgNkcgSqBxn9dzeJkxhu5DJy6S7Fs7PERu,272804418,,,0,0
2024-06-19T16:45:48.065Z,4Ss7R1VzPncGgXZHoNfHArxptmLJRcpGnnAKjKhffmaCWc2fyFbVxx8hA8rE8TX1XvZhVEgHEN7ikyGho4gDMYpC,272804418,,,0,0
2024-06-19T16:45:48.063Z,4aJBGGSCbuoAgFTwJbvGUN53QSR1TukZu1QRNDmr1PDex5Ry2qJkQVikHJh97vAHeiazj5qhN6o3rwxxj9vz2vfd,272804418,,,0,0
2024-06-19T16:45:48.068Z,4fJW13QMQhXQJKUfzzm5mR5k3HdYLJPLgfuJhjJGkJVp2ffiiA2zJWxWdMNdJk2GPo3Kuawv8ohagxnpHYE9inNc,272804418,,,0,0
2024-06-19T16:45:48.071Z,pf3hMtLcfFLv8LKDKNUZ5NBb4eU6Ccfdk9hmjibWa7kwSSaPK5oQgBVhWtw1ARWCHi8oDLya1dU9X7tZ38E6XBF,272804418,,,0,0
2024-06-19T16:45:48.072Z,3wyqf777Xew8zw64hTDxb5Ak48PLUdTKAhqT4JAgQe8aawDFaGj621ZbUCVa3EtWPRAE4ivr75cV6be83s4J4dEb,272804418,,,0,0
2024-06-19T16:45:48.074Z,5mEHyUcZoeCE7mVHQp7aSwk8UmhqZE8sjQfD3hAEmd21YKgLiL1Ki8JpArF9mCTDX4bmXZED9RdWiiJXMpSEWbGT,272804418,,,0,0
2024-06-19T16:45:48.076Z,4iCFXWqt9U4xMQayVWw92oAe3gA7YYzUhNT62xFqgCV2KeJMykkkHuhSDZz8eoKR4z9F4HaCU4vnjp4LT6FGkgXM,272804418,,,0,0
2024-06-19T16:45:48.067Z,4cFAPZaGGKayWsKpR475e6upaarzebB9ZGfY5ZYdEoVZrAbXxGcvKyxHrpFZjGpU1NkF8Rey4UUydno8Ap5KRTk9,272804418,,,0,0
2024-06-19T16:45:48.077Z,4UGh4SgJ8KUD7Qa4RKDyDtSWtw7otAr4KqBLH9xLkAUpusoWabXUYdcNxXiYz9KgdbpbHQ9kiRnb3tLDpfHiXMJQ,272804418,,,0,0
2024-06-19T16:45:48.084Z,5zdJRFXi43oBDEYJQaDQaXFAUb79Hkhf9Mcdu5En2gWvpFoSJJ7qh1cppVJCwHk19ZLCovAYG2N5Gvd4YuqPUbKR,272804418,,,0,0
2024-06-19T16:45:48.081Z,2SAjE4AhoEc3r3z9fPny8TUjBLkCDtuY7jEhj8C1KUvLbGqc78C9wYm9eq5Gz38ua8R9EJC2S1eiiDRtgBu7yoXW,272804418,,,0,0
2024-06-19T16:45:48.087Z,3FqwykHVmyWYT1AJZieDmv2wwGrBrw7WbEkZ9L369i2bhGKA5bisBMpfijQkDrmsKsjdKX3dK4BEBbXwuyAGxJoP,272804418,,,0,0
2024-06-19T16:45:48.079Z,4gLJPujERbT8asgvCjJirwEZEyVZcftLRk3BsnKZKiz5c5J7tGwL9NPPsLMP3nBN76r1NcpyKn7BhxidexnMVEdB,272804418,,,0,0
2024-06-19T16:45:48.085Z,2j35uV5vSBWi6KDh68SaXvU11h3Gx3B1a2EUrjonTvLrfx42zcBFVtT2o5Ko4289UfyadDj6L17216QjQh1xxaNT,272804418,,,0,0
2024-06-19T16:45:48.089Z,3cdk9WXdoMPvoy7AXifpwn9QWukU6yaoobv3EfqgTLiGfRBkpyjDVUdatthx8jj881sGRHLbDNMw8fG4AbuaojFv,272804418,,,0,0
2024-06-19T16:45:48.090Z,5MakiRp28kvmEMwQzaQt5XY4TBTW5HAD96Gdg9NVQJ2igikDwVVWzHeYzD2bKMn7vU4ZtsymADGsTzGc86GYwp4y,272804418,,,0,0
2024-06-19T16:45:48.088Z,44vBC2kGqoepJ9qRDAfWXeEJiuPeWqdudkXN4YXejJaCBpTWj7SpMEo6di7YCx2H49fTicGwYD4TMgGioD9wMS9w,272804418,,,0,0
2024-06-19T16:45:48.094Z,4t9NUvqyfATdYURMRnL9KM1zSj24sJ718pZHyBYPtHBdZH1RXTsJiZBN6ZDGjhAJQg7e5ZRaT9ufPug3yvz9Trji,272804418,,,0,0
2024-06-19T16:45:48.093Z,2zpt1xRYKaDuBq8yBSarZgY6RkvrXscxBbmoeb318q9cWrZHsuaikoqf7YSpNNdkbaqLkQzDtJt4Ja8gKT8LcJKD,272804418,,,0,0
2024-06-19T16:45:48.092Z,3spfnxrMdyiUYXNngHrksqm16734ejz9a3LFkPK2cFZGgyhKPZ8cvnp5ffJi9KLthUVxJGW8iPX4u2Wpy7zHkEsB,272804418,,,0,0
2024-06-19T16:45:48.099Z,3RjHnLU7iSLkJz4bB3YkZwqT9hu3KJWt6X1PiFX5AjPXo11F3z7n5kDE86Wx152Gvv3HSabhgXnS3ED8fM92gbU1,272804418,,,0,0
2024-06-19T16:45:48.096Z,2fZG1uksrcXgVhmxJbyTimPzi4zoUaLRALbmXgNYNZHATvQZWTt7NJpVfwAQfAeXownTSoHbuZWJRG2QhfLBHdLp,272804418,,,0,0
2024-06-19T16:45:48.097Z,34XSNV4wASrg96QwXq1HzRCeebu6XRnDAJV4LN4DYyvz68J6GpMw25ZkYzbC23XqG1CrSxPyjgsPALjGwBcDsB8a,272804418,,,0,0
2024-06-19T16:45:48.101Z,4NhezbxJ9UyNSLk6hwAYETVuZq1Rb3rchprbTrSggersZGU1fcKRPepCDYcUj6RHkb4u61JpRvwuU2RNMTusSUYo,272804418,,,0,0
2024-06-19T16:45:48.106Z,2FxWgjTHr4UhY24AC8KQGV2wCQ3pCu18e7CJ4UgJo1thgMtyhWGQ4jomsyCm8q9HMi2CA4U2EDFKzphs8xQxpESU,272804418,,,0,0
2024-06-19T16:45:48.105Z,5Y6WGdtZ8MFzQ8fUzXn7gb4hP31uCqYLAwEeVGz55Mq8omx4wA48eGiFLqH8iT1WuQ36Q42HwZdNZWTFrJfQxSNw,272804418,,,0,0
2024-06-19T16:45:48.109Z,2h6yZqB5FPHMnz5cur1pUV8duzGMCVScUo62pZM3ztT5vUbuYgDQFepgLQre96LZzkX3iF8mdtmDYPYt1yZid19D,272804418,,,0,0
2024-06-19T16:45:48.110Z,EK4YssnTvzwJgE5e5en4S1L7MTdx9sDddKhE6nSUZNqjeJ1TXHxpk28oDTLq6gJi4ajetAmJHrbwv1b4w4Cravn,272804418,,,0,0
2024-06-19T16:45:48.103Z,4ac8xKqdHEQZwAWicpvPH5wyrr4tNj4mPdHei8MHMjbzowhgotXJMpyN5bBXhnChhAUkpzEnYtEkQcyx98xbCmbh,272804418,,,0,0
2024-06-19T16:45:48.112Z,5P1Dq3vsnUYHFLo1fmpfV3DtD7zQiABAUejogHn48cEUDKVmKzCRChMMuR9Qr7EZWVbjE4AshTjwhMotWhwrivNK,272804418,,,0,0
2024-06-19T16:45:48.108Z,3FyM2gRouxzjnArKj9owYYmTE71QLCeopMUBvcgtPqyWP4dqzNbn5DZJjBqGAHBLGuk2K8ciqv5yiQn73s7bp4bq,272804418,,,0,0
2024-06-19T16:45:48.115Z,3FNwWmAMyofom13a5JTj2eDz32m759XDY4Uuim5usETQzQPteXZq2LboUdoD32WUNjqobqdQreRaJMKUkpFewDGr,272804418,,,0,0
2024-06-19T16:45:48.113Z,5jChAYDfBMZsr2Wf841RT2GSn7EYVGdR9P3QZtv9RETfiF3weqvJa1dGCeC2mJATpneFKawTE5amZDecMZoZQnQd,272804418,,,0,0
2024-06-19T16:45:48.118Z,GirboESDESWY4x7uguCUkx28a4PdQxCkzmeqxbfG783V4gwcGnLvn3UPNhtgj1wLqdQgBXFCAtE4q6Kcf3eUSWb,272804418,,,0,0
2024-06-19T16:45:48.117Z,m2z1eNor4fWhgstuZSQLfBbW4MzJBscJoovDGiRZpyzAJxFhKKEKVYjL5caN2Fm5aenPiA9wDz9y54xk4mVHfSD,272804418,,,0,0
2024-06-19T16:45:48.120Z,5qVNw8AvL1qg1JqdfdpauivqtrH5b4ETWxJynrjraKLW7BG7vFfysRqNfdaasdqpXsRRRrbkeH4bMN1ANFx8u38t,272804418,,,0,0
2024-06-19T16:45:48.121Z,qVHYi6WZtQ5A58jMv8KJqX31Gyk6rcRSATZpZLwTndM3ZdB2KoTx6jxxApPsQiJxKmuPHCgBS3n6AoA6ELomGxM,272804418,,,0,0
2024-06-19T16:45:48.122Z,3W3Neo7RFr3o7fFSjAg5wATGJ4e5TWhE7VSWhhvnfWFpP8YY1GSkdFhECwsRQaCJDaePGqRRG1SLkaytVpnYoFmS,272804418,,,0,0
2024-06-19T16:45:48.126Z,2JqjairA4V2dmwwfHgyg8oth1B5biwKpcmufz5pCrHWy6toTdYD8ePGazYvMcvCHnVUHBnjAZSupb9yWGxPCS4Tc,272804418,,,0,0
2024-06-19T16:45:48.123Z,4ua6cjiNWr6qQSYnascxc6U4hskD9gieCMCCsvTn5g1Zw8XxGK5gYmh2wX8Z691NfB2oYuJezLZw62vbQDL8NSQu,272804418,,,0,0
2024-06-19T16:45:48.125Z,2ovkHrH6KZeXrRBMEj3sJPDgMZDWTFUN12kfRW2q1MsMbXYqjf3BNVfTpJ37LtaNSujr7uvwpE9EuCsc8mVPK9D1,272804418,,,0,0
2024-06-19T16:45:48.128Z,2uJFjtjKZBsqwp2YSo5sVVuNCSd3jh5yWav66Pkh9pfYB5ko3M5eN5mThxzEQj6y8PfrKDdu1xefCgeKWq1aejDE,272804418,,,0,0
2024-06-19T16:45:48.129Z,2gyuk1kwn92oRVi2WqfLZzcrAe8kpvixkn7qE1tHv8X9bqsa4kAPz7ou3zN19SF9b3VpcoMAiPBF5vsSX36wny1W,272804418,,,0,0
2024-06-19T16:45:48.127Z,3e1Cj9EAcUkhXfgWoZmA3iFdteN99MUUMz1g7GQkurE4Lhmp5BwKnuHcbWxqvX2SvGkYkPSyjZtVKBzEo9MvYbME,272804418,,,0,0
2024-06-19T16:45:48.260Z,3KzTC5FW5bLBEenKHionQNjeD7geFfrn2fvFNkLrTYyZwtqrJ1nfR6XwSN6XiwLN1HG7my3Q8arYcuyhAWpVrt2W,272804419,,,0,0
2024-06-19T16:45:48.265Z,2CEtcR1JBQTYRZVkc453ecYLd6MMDVxkt7RPQjnvqjzXaRtCm2fjqo8xeaoZwBkbXdbKaeun4p6BH8nBWw9XMWzB,272804419,,,0,0
2024-06-19T16:45:48.264Z,4vXFM6fGkeoXuRzWw2qV3obNiEta5rnyYXDA1o2R54kXKaTCxEAjqLgUQNyeumy8DVPVk3wYGKSg1vHSXMCmYYKY,272804419,,,0,0
2024-06-19T16:45:48.267Z,3sfXJiKV8AumoaUvx6MdZ4i9Yq2UQwmk58Hrmq1jjUgMvNnxWxawJmRhcRzzss3tsbCShVPZgYcjFW2TPjQvzc15,272804419,,,0,0
2024-06-19T16:45:48.262Z,RHG8srQU2t4qr7LQe21WqzQ4V1qnPKS8HnnGQ1GPgXktmtbZsefFet7VFd7ZHYvm3biaVHBtxo1QYEEEUQkiSSf,272804419,,,0,0
2024-06-19T16:45:48.270Z,3MLEPHVFHJ3sPt7eGxJTmvsEfGF3hzd85WUGRyxue2nWujCPnWcomDMrYg3g82ZJYHHviBc9rUu8Kg6mSZoHiWnN,272804419,,,0,0
2024-06-19T16:45:48.271Z,2ayVoyYUjgfHCpyR4eLxNizZrR3pEYLKSg2rq9g1aTSzSFkDue1w6DZntNcrEPLamiLPvUjXR12394MS1kwE8doi,272804419,,,0,0
2024-06-19T16:45:48.274Z,35wn5TpzvThVzwx6ShGisAQWCrFtASs9uNbRmNrMNNaLkaGVitkFKFx6pJsGsKz6DdXtoQUH7Ye7nhPJEHeVgaub,272804419,,,0,0
2024-06-19T16:45:48.268Z,3hCZkcw5FKbgp6YG2JRuQz6RB9KCFVUzKA1zaownd1gcBLf3YKiSfNLxFqBJttaLh9vY4WFAYb14Fheey4ApHSHH,272804419,,,0,0
2024-06-19T16:45:48.273Z,67mZ3JDmwc1252zRAsRysXdFvkBRVKDsuCaqapcvnEBGZMsbPJKWS9Vmod6dNxuHCqo9nMArFSXE45zA4W2s8FLg,272804419,,,0,0
2024-06-19T16:45:48.278Z,34EMQFiZd8nMrtk8yWJidRjhwZeiSgzx8rihxhZh21xZNeRGjpTeTXScLc2wJb4BcWHB7PjGRDthcPR5voEV1Mna,272804419,,,0,0
2024-06-19T16:45:48.277Z,4mSofAaZgcc3JgNMqxTGUhZLm6csWrA5vrguZ5erCEHrWcXAVakWX4jv8SMUSBWyWjYAHBRtcW6eyNGAfR9mjLcR,272804419,,,0,0
2024-06-19T16:45:48.281Z,3H3isq3g7DAzmNuJdRsn6JbAvNc8KyxeBAiBRM8m9WjEtJCnVwo83h1JFk32fVjpg7ycvXsTRwPcDb465gZxs6do,272804419,,,0,0
2024-06-19T16:45:48.283Z,5WCmVWYwstJGrbgK5HgYMG98sAo2e8ELR2x6GKiCrJVYJF9Kxmt9vSajDnnytkKX1sYGcqGu8Mq97y7w6bfN9Bhy,272804419,,,0,0
2024-06-19T16:45:48.279Z,67hjo32CEUTbyTXzeut29QeyDEdfidUsCRGXxb7sS67KvE3oSjMKAz3skbe4HJsi4PnnDenwLRMpvwvsUWFYRBQt,272804419,,,0,0
2024-06-19T16:45:48.275Z,5aQb4HNhVuSMrwLqH2E2EePe5viUmzDYGNwBE5VRidpf3rwgECPBJsscEiNo8dCG6Lf4PCwcksitoZQWC64zkLGG,272804419,,,0,0
2024-06-19T16:45:48.284Z,49Km9FuHttAEAEPVqpax4uU9sAyRQzuxnfr5HrqyPSi7HQcKHguWkPKMFZRB2XoHpKcsuPVeJ2C4woEezygm2WUK,272804419,,,0,0
2024-06-19T16:45:48.285Z,xYCjdYGy16Z2RcrRS8eNuM9NWLrXdED1MBhEzRSkg57oKzPXEK9uVVXBskPvqwjeUXUmUnipHSKhQwPJB8y3XWM,272804419,,,0,0
2024-06-19T16:45:48.287Z,5YPtGWGxw39QNAoSu21ZBHTLXdGBNwkZyXvttJJGByKGPmpTXzixJ9zyibLnnAjpoPDeVVaKwfuYo6PvzdkBeLof,272804419,,,0,0
2024-06-19T16:45:48.289Z,rthnLShifL1VVa5YQwuDmKVuaEYuAoUTZEU42EDFZg7ooB7v8j5jiesqnVHyqKrQ3zVrbL3FRgaatfwHQ88Ti3i,272804419,,,0,0
2024-06-19T16:45:48.288Z,22AkWtMRbJVnQhQezoWXkXRb8L5QhaAVNB8diBA7sn62c8FRd9yLwGBtkihzU7a69NbrDLWYhCaRrv7ur4QJFwCK,272804419,,,0,0
2024-06-19T16:45:48.292Z,42umSp3D8ymCAqK4U2KYctFfikNXMhVCgHXmkTyThWQviAzvA4kPy1PiJLfA7tcUG9xCZHP7gczYpJimwSWzXbCh,272804419,,,0,0
2024-06-19T16:45:48.293Z,2qeo1NMLWwwc5JwsBLprGbPEkNFpS5pZHZTmAdWu4bBCCBgGT6dc8gdQeXPEBjsuX7W1ze2UjpHx4HKKTuory2Qc,272804419,,,0,0
2024-06-19T16:45:48.291Z,55ckDRwnd4oAJ1Ys4Lcfdni81vD68yt9JDbVTsEgszrPAvxpnv7pH6gWoCzvPc9DL576J4rx7NepnuZdnMuDD3hL,272804419,,,0,0
2024-06-19T16:45:48.301Z,5qHfJDFckvn9rkcCziG99bo2AjXDcFqpeF6unJAxK5xxPXDsaGP5PJEuhyxQ9zSERHrdQMPxe2wS7rRHKbSKJN1g,272804419,,,0,0
2024-06-19T16:45:48.295Z,KujY75VMtu96zhTmV6nacXLPAjzuH52XMEepTKo6k4W4ARAfiHR9ReEfPevrZ8xjrsFVRUiGeGe4Su4MPg3mSCj,272804419,,,0,0
2024-06-19T16:45:48.297Z,33burFJv3khdfs5Nr5fKM5KA2dkAgeLmx8hdwRmxbjswXa5CdcrLPjHFXi7gMXj3S9gxqDgEEddrk2HGjNJvLXjc,272804419,,,0,0
2024-06-19T16:45:48.299Z,5U6UcqBqTuRxywXc5Lv6Qk7SWpkRppHmshQt3qu4JubS4EFrLzHhophF8RtRKTwHxxt8LZUxkxQ771RXWTzea3HA,272804419,,,0,0
2024-06-19T16:45:48.303Z,2nqJztbFnj2dGwTUPr64y4VAgxoDKjFxxUsRH5s1oJ5v6zymrpFsNRLekuLuEWnQYcjRyzLcEu2ec3zMWv8Mneia,272804419,,,0,0
2024-06-19T16:45:48.319Z,2UUcsR3JXssvrbnVMuP7FgxZxGga5N5ZDoQdk1wAEJtdVdnBo4rJb3VNYM1Cf5De2iNoyQsUtJqPFHL8rdoC7U2W,272804419,,,0,0
2024-06-19T16:45:48.321Z,2oN6kYVavLqRMdkqizR44hG9tvrJ7VA5nMXReehSMTeRJQ5XsnpNCfsVSzX5A49nLnoBrw6ozMqbLufBeh8hkdXH,272804419,,,0,0
2024-06-19T16:45:48.324Z,3EFQZ5RgVhEJQWKVeGUaUUxMALxxm1G6gW13TDSkPBmyu2gKJ7K27TU2Mkff6TrbAjKNhpbtASm8QSQJLMKwhAeA,272804419,,,0,0
2024-06-19T16:45:48.325Z,3ZmrrsqcSC8vR8TzTQgnmi4aPhUYUyfeL9Y3xFLKXV31Q9SvcfBbGhvLQ9FUnTqNhJ18YVj72mvN9efBE38s6HVh,272804419,,,0,0
2024-06-19T16:45:48.326Z,5Gq85Jss1AS3sRf6c9JQ58GqAt58NYdx89fDxgAnibrfBTbchQArKoKvpJ1FDLGJVPymEuWQNdaAram2gw5uXTqA,272804419,,,0,0
2024-06-19T16:45:48.328Z,3h5wh8w4Qnh6ZDVWopSjYrtSthYJBF9dfoP3NUGFXLhp9oAZV4edBWbd14LM4CtPrv4drHJFdkXARwTJWzW3nW9X,272804419,,,0,0
2024-06-19T16:45:48.331Z,2KsHcmRwaHfPsZRJtf3j6u2XKG4g3pKgVoZdzyKVSHwdRg7DttE69wbrVavcuB1dSJKYdpdaEXkAGKDzDvPvtgrr,272804419,,,0,0
2024-06-19T16:45:48.334Z,maKzE2w5UskiYHyRymfgf2jTU9WtRNvLmrrXDQG2SnyiFuPq1jKejh8rNwszAYsv4mQjSdZXYbgQY9DWQtV9ZVE,272804419,,,0,0
2024-06-19T16:45:48.322Z,2T9hDxP9HmWuzfe9hvRE4H4Ft77JhCYUS5pb38Eiv5LETr1skfTxemnXcZyd63fDGwtxr4JiHLWePVK1dxagzHET,272804419,,,0,0
2024-06-19T16:45:48.336Z,5HQHMcSj1v5mAnACcwZ3sbdENgPsK7CBf7ncTHZTRTct9DrgwQWh2LatpFLJwCnYZJeuCih4csUVHAxVQsdRWfU4,272804419,,,0,0
2024-06-19T16:45:48.329Z,53UAP7uDEv629m6waUwjCD7GFewEgzcqoKTZXC5dm6vmEbKuk9KAUzgJbMQSaFnqHYhP33jxWx3CJvyYj5GQHpqw,272804419,,,0,0
2024-06-19T16:45:48.340Z,w2GM85AMxMBHBRGMx1W2ptaxSD8BxhqG3fW9QdaNDHSuufhzjhbEBz3aKasV9PxQg8NN5kEs8S5P4yxJYxKWZw7,272804419,,,0,0
2024-06-19T16:45:48.341Z,4p3ZXqRt2fKvrnNtJmzaefPqeTCq3jg68qifgVKCS4pcTUYBTqLLw96Lr3bTKeeU1RQHbgmgPDttiFPukfHTW1px,272804419,,,0,0
2024-06-19T16:45:48.343Z,4q1aCa68pNWL7FyvzqfTYCKnT9qEbL9B9fPtSEekDU4o3cswBuZSyGxcNoqpk315FDv6zr3CgZRaiPRPZFh2Tx8L,272804419,,,0,0
2024-06-19T16:45:48.338Z,52W97ZUn9NHj8n9TYch9Y9tdDD2wSJrasycuNrjm7fj9g8FCpAs9bixZCExGdHLMtW2BmdJMaZkoQLXMkG4e6QC,272804419,,,0,0
2024-06-19T16:45:48.344Z,5Jzy7CejMtTdHZ1tMZTRoBwbBazfPh6a4fnZ5rGvPojd7kVVAaXCjeAHLZkHyp883eTg4JC8Y9iJTjADRv9udf3X,272804419,,,0,0
2024-06-19T16:45:48.345Z,4p3unAGPpqDAY4C71MBf7MCB4vCUqpLmmaFwcXzEr1uizdGJFu16YE3LmFUEzCaMsU5geEY9BtF5wsrYUUvASzKN,272804419,,,0,0
2024-06-19T16:45:48.337Z,4oyy4h4EGZmSHEcBjBFuusd5mEmbbtknTTyJyBqudtA7Akb3DAqwjWaCSULi5cDBY7SS3cHvbuN8irfMJXrijx3K,272804419,,,0,0
2024-06-19T16:45:48.348Z,5ESzq3dL83tPHgy6QLbUk3UJvxQfHM2d33gHFoJ57Xzz1XYpWbpvfuJb6xwjAqrGD1UqJbbSaKf4hh1YUT6pNWjP,272804419,,,0,0
2024-06-19T16:45:48.350Z,2QyM3B86YPApEUtA5kG2iowkHCM7aqwu9iPEZGCM4VM8FboVEsoyVUQJdKCmMDz3YyWeDgMbNxns2nwyBqcUAjUE,272804419,,,0,0
2024-06-19T16:45:48.351Z,wF46NAYjQDfxboBGb4dy5UJruzD3cuW4vhVPJwPc8MhsaDuCMoXUwfkD35wc76imeJYBv6MHP1CTYCjwRXyBY9J,272804419,,,0,0
2024-06-19T16:45:48.353Z,5vmpP4UHD6ujvnWBPZPoXM1vWuZmrkttvz95EuVK2vzeYf9cBEHRnhq7YVEJKZY4KU5hgP7h9GFoRGDBvwaS1PSJ,272804419,,,0,0
2024-06-19T16:45:48.354Z,2NBHkiRthkUW8d5jfSAYDewz33WJNRucXV7dd1ryXm6EYe1Z2wjfWip7Yn1g2BvPQTGVqUAKZ6xmnNiViZHkJbLS,272804419,,,0,0
2024-06-19T16:45:48.357Z,51wocdjmpGntaf73Q5D7js3UEPmXgdNgepo8GvpNBasHjNQuxFAC22wY947RGcEVRiCGTwXSGeKGeoKKV123H5An,272804419,,,0,0
2024-06-19T16:45:48.361Z,2HVvMwYLRMuCKoSESndCQhUG8n8V2xjRfy24p7dUVsFxQvk3tvtc6MFJJKK8bzJr6rBtqywnvBLhYLUJxVxs28yu,272804419,,,0,0
2024-06-19T16:45:48.359Z,4h5gSBQuo91Xi2u6CEavdQD2ZVm4e6G5Pgydy44wwSzDxPekBfzmK8ecwcDVJFGyQXwvFAxNVAjFCYfJPtaPCAQL,272804419,,,0,0
2024-06-19T16:45:48.356Z,Lq3wbkYzjoMa1zXqdSH1oWT4gvLVcSDwDtM7qjCkFLkhmgwjrtmX2XVg61WU24SWqdgzTkEM4wXBj9ZktuttHkV,272804419,,,0,0
2024-06-19T16:45:48.362Z,58A5GjNrD4Ku8ZdzvceBr8buzRmjxy4v1EH7NJMH7aFjpDsSTo58eo9Km1trSst2byAuFd4anNSo52bhvCD33eam,272804419,,,0,0
2024-06-19T16:45:48.364Z,7wuhHVjZRkiANqaPgsioVM4cCGdzGys9W3ggZbXYS9LKiVh7QXT1PaFyVWdvheqhiZfctLG664EjQKeyTfb6cqM,272804419,,,0,0
2024-06-19T16:45:48.369Z,3awvtyjFdETGQPAuYUrJcD9Aoo3eNnai7DHXaqkCUPefiUZvyDMuCztMHig4K8aXTVxgcLefoo7StvB3jh5QABro,272804419,,,0,0
2024-06-19T16:45:48.370Z,3783oZ6UTDLfQSSg42jQyXnDLsv4M2jzAw1HrB6aGQMamrhNuz23zkRN8fgQoFk1GLxvvgSeRh3wcX7B5V9P68z2,272804419,,,0,0
2024-06-19T16:45:48.367Z,zviQ7Ug4rP4C6sNjiaSLj9nXwuqocHqP3i3aUTT1ytZoAbuLLK2BTRiyrLWc2SwqJhidFwQNawq53hRruNZY55S,272804419,,,0,0
2024-06-19T16:45:48.371Z,3wdSRpf7HCQbNiTdfh2yA3Nunv6M6NPG4GH4v7b8GeQDZunHuDEMHeyeFkx1g6avfQHS1H4cDBNUw6VLJs7ftU6A,272804419,,,0,0
2024-06-19T16:45:48.376Z,ikB2YvE2zsLR2ChxiHkXVnyrvARt7yo8zrzdKSuAj4b96WpvDiXeTXhTRNEN2YbKBbWTTDy1ZXGcNR1FWLwekpJ,272804419,,,0,0
2024-06-19T16:45:48.373Z,vXuDECJCdVSYJ13ZYG4ii5b4eATJeMmw3d3LChe7tUmS3tGwCjv4k3QffBjY4PnyKER4vkxsCGehjLwmK5RX4wq,272804419,,,0,0
2024-06-19T16:45:48.375Z,2U7g4w8ngozrPJg6MS2sM5DN1y8JwbQJA61KsXwm6C5cxf7Fo1g7WSSern7ExRZnzkVZi4GBYGkcfHQQeWXzwKXp,272804419,,,0,0
2024-06-19T16:45:48.380Z,4J5jakKifFU4bMqStCt6dzGQjposgpo2UteyT8JrbmVXNvyuLm6Wse4RP2xtN3yueJDrrUYniiKR5vpYcquBnRqd,272804419,,,0,0
2024-06-19T16:45:48.377Z,kTaE8xxFCR1UV7sirqmYZ9gxm9LTPdaHzrMXUPwqMQzYsavdeRoSSw6NqSQrV3sZasdvLqxZmvWkjKgmu1Ptq52,272804419,,,0,0
2024-06-19T16:45:48.379Z,4YaYpU81doWHhhzgpWq2V9KaeQBbxzH1R77mnMZyreD1fmwaBnpde182mdwA3t49dAZifd6JcgZ71dTHNMbVBDKo,272804419,,,0,0
2024-06-19T16:45:48.382Z,YodufDorBpebKKv23FWyrVQmUQ1SFt95vP698qcGosBamYyZp1ZQxTDhCtP2XpQBsGjwWeohQuovLdQTyNjTnXR,272804419,,,0,0
2024-06-19T16:45:48.384Z,5bL7LzmZxGRQ98KcxijB1TSyS3eF9rvkjdFSi4hizNSx4Av4keFYqRRBokvTVfZFa32HPT63Cy4KQAR6DpNBJadG,272804419,,,0,0
2024-06-19T16:45:48.390Z,3AJuuDNRVUTAesTot6kCbnuPLf35f1obRdsNteNHez78y7H8zi7W29YYphmd1KQnTZD2tzYGbNDX3mEo1613M7WT,272804419,,,0,0
2024-06-19T16:45:48.385Z,43Romtca8NWVCWcpvmA1UgVMLrUvW6B9VRwBxSSrbLvkrhSEB96W9sghkATGJVJYFxqxwKDZf2rcQrGY8uJWPoYq,272804419,,,0,0
2024-06-19T16:45:48.391Z,67mhT2Vamir2Ht7Vzehq8tjsPsRARQW8CpgsLbmf9KiXKAZ8kgfo9X5fnB5d7KeUV6uRvLfJtwbkmH6RuyCmy4rf,272804419,,,0,0
2024-06-19T16:45:48.388Z,2EzKHqaBLfNzSxmpVdg6sZMDQcPFxUk8DSg95sYs3h7LU4uC2rmJSoAfGrVq4mxL1duCVSW2tyFio1MoY5Sv4SjL,272804419,,,0,0
2024-06-19T16:45:48.393Z,ov1nALpLaYyXs4fGfbrJUKuMo8WRJEUJ9TqnR1YGZcyLydhzLoUq92Zx72UiXzSZt7Bw2bsFLYb8eNrEXpG5V65,272804419,,,0,0
2024-06-19T16:45:48.396Z,3vDNNfb67YHv5Qq2MoKpNnz3gGQRXCFconhWV3JZhNyZNsSFUzf3PUtxLGK9rNCH1Ns6VC3ERi14odBZN9CQpsJ1,272804419,,,0,0
2024-06-19T16:45:48.400Z,5wuvFbPqNPPzPpcJmsjXzPJrrS9XwcF4YsEPXCFYmUi3MmS9gkTn4fu4yGxzksFjYj8dzMrtZseye8aJ3Ks6m4jf,272804419,,,0,0
2024-06-19T16:45:48.394Z,4dwCDgH1TqQQfmnFekcaVkUgNBYhnznNVhea5wmmsQzpUiZoywtkCLp4draxGDrR82aTDNRWcu1viVgZXrXU77ef,272804419,,,0,0
2024-06-19T16:45:48.402Z,4szVm5QAFhLtXPFmCzPdip7UwHvwZHVkk7r7Y3GUyb7K2hSAri3dGmYUPDgj7fqieqyhCiKusZrjfMAV6z62iAZt,272804419,,,0,0
2024-06-19T16:45:48.405Z,65iHc8Cr8gN9aCyDApZ4WKcvWJmSpaG7Eevot63nYNzT8aymf61b8dEjHK8gUc2Gh6Mq5F7DzbpoErqqegLCTUwV,272804419,,,0,0
2024-06-19T16:45:48.397Z,4ruagUvtPAK3fCcXZ34wcbbM8e2dq4ZyN8vzQEcSBE7SkS7YSdQtn5WnK5sdyx7h7By9oVFfRpoBvBy7E5rFVSzt,272804419,,,0,0
2024-06-19T16:45:48.406Z,27fdJgsof9hBjAHi8JKhiiyUj2KWdGnpf1tUVA8oCFDn3jJgY3AiW7JtvhaxgUaRFqWVTi7YDGaJVUSStSQH2CrZ,272804419,,,0,0
2024-06-19T16:45:48.404Z,4bc5mJ2ax5Rai7QbkJzz3smHNaaxRj3g2eMuX9mLRpMezHyNgaR5wSLb9Cqiyad8Fi3MSfZ46T7CMBMWYG2E9V67,272804419,,,0,0
2024-06-19T16:45:48.411Z,miMZXrbMtkYD7TwzuPM2sWRyJjPerhPYnkfT9YycZyD1Hg5PgkoAsCJ1j3rSwA42Ujn1iqUFiEP2za3PmFrtCS7,272804419,,,0,0
2024-06-19T16:45:48.409Z,3hUG7Q4Wqb6dqPTWzHqfyUUEGPBs1wuxnMG4KNt9L2AAVZkTmCoAZEnrvzT4mKCe7Jz49dAbwZMWwdx5bLpgEnmd,272804419,,,0,0
2024-06-19T16:45:48.414Z,4m9cTy9VDzpbphXMWGi6WhuYfyCkeQF9bsS6CNiagi6kDPXRAkzEeXbVms8ffdUNobWYJeuwQkcTHw3BdemdNj9G,272804419,,,0,0
2024-06-19T16:45:48.416Z,5qsMn8r9eJVHqzpdTRuUvjFK1J4ua7fvDC8LRodcPzHMmsMpj7rkFuvLQyf2pCeTqjuZL4ZiXKjydWeFsXWXo5pb,272804419,,,0,0
2024-06-19T16:45:48.412Z,43A2MwoQuKEP7yKdbtA4vJJDXZ9UH6ACZZJm95AkiTi21nV52mqRvEopqVShYUZKfkfXFvRDw4yCWNXQoYVuRGMY,272804419,,,0,0
2024-06-19T16:45:48.418Z,5vRCxmSEDSptNhUQsKUBXdJmEfPGvrjjn3g9D6EH7brhsFsns1HuRGAceeaJE5cxuQw7qwWQx4LWmNKQTmRWRyae,272804419,,,0,0
2024-06-19T16:45:48.408Z,6VFog3dYBvRLYifT6PWiCqjxXH4jHM9xqvqAfTZWn715DJPQRHYFcVS7JetZcZ5Yj8C1Dw5egmCQkVDY9sa43Va,272804419,,,0,0
2024-06-19T16:45:48.421Z,4jZcpBzMfBcFE1e7QCBVuccBK2q4QeLCVq6raFPMUDwDqT9SLwk5sRvJBGEgfDiRWX2ziHhEtoCXBpBkAXRuLKFS,272804419,,,0,0
2024-06-19T16:45:48.424Z,e54bi1vhM2SraPAQDBfAcbjtSNk7mToxbxXRbz2GmeobG2FKZ1bHtGDULEVcT4pw6kRMC3QcAAviphqSqekJ9qF,272804419,,,0,0
2024-06-19T16:45:48.422Z,54VzE7s2GGfr4kd5W5UN558tc7432SjDrSdtbp9KyqR9QRgNGgWX47ESKJ7GxrrzPgM96PzC6Q5EnoPVj6NL81V4,272804419,,,0,0
2024-06-19T16:45:48.425Z,ponx64Uf3n46KGPocgC5AuKVfe3L5DTTRJpZB2hRxbrEzPwNwmuNx4WDdYwH5wXLT1uMojbHpvmy6TvZ6YZVG52,272804419,,,0,0
2024-06-19T16:45:48.419Z,QzNh3Cxqb7wi7zPqCDK1kzdc8WzWWTaVb57o7i2VkMDaLM6u5ZEMQf1Wwt39iNn8R2fqpBcyDXhg1zjkeRLUfM6,272804419,,,0,0
2024-06-19T16:45:48.427Z,a513BrWN6QsT5VyK3TjWwhXfonNJ466kEtPJq7dQHpF4s6vF4YQ66xge6MUaQWSXH25KwEdHFCDvTjwWKvgEEMF,272804419,,,0,0
2024-06-19T16:45:48.429Z,96HLkReHQPtpepMfkMLjkK6nitXzjqiSxVzEc7MxLanjZhYjvf3GZW8URwQdyEkmcNZLJJJ92XpZMbQCqtNuSy3,272804419,,,0,0
2024-06-19T16:45:48.431Z,65otyrUrMBcaybjnp5NqCD5G8qwPJ8ibKqPDjGhoJmUUtmzbjEAsZkNq2QXJgtgWhyfprooUw5x2re4M2J9A4qj3,272804419,,,0,0
2024-06-19T16:45:48.434Z,ph8swNU7rbLXjAxD3Z96JvhBEaFGvA5FSi8CiHEx6F1kUVbCKhHhqrVWbbmTQUsUUWQWvnTrtf6aWmj7FnuSYkf,272804419,,,0,0
2024-06-19T16:45:48.428Z,7z69mhXxsmFeXWXukwgdmBYUSVrKnRMWs7z5m3Ynk5R4V4nr68oG8cWLxkJEgUAk3vML8XPxLiwQ7VHMQu1o7HV,272804419,,,0,0
2024-06-19T16:45:48.435Z,5tYJajBsbxTZVQm6h1XaBCeF8dxkXWpruNgXSgkoNi2QoiqRrEuE5QBR5tDcSkDXF3fPSSaq6mtaZD4JmTFxkjSF,272804419,,,0,0
2024-06-19T16:45:48.441Z,5gR1PLDgBvm3RgXjTZVeh7LRWbVh9eeCsoX9y5i8iBQ36EX6yiA7cGqC8uHiKzqmgGiuqU6C32pYQUXyYkuW3Hyz,272804419,,,0,0
2024-06-19T16:45:48.438Z,2ve4zATaP8vTfLE3vFSHXP37QFYh2g1XBuDUdba9Z2LHL9LZs1VdDSJa2uv7aRy1V5eyQEJeFsYMdDHMN1TE6zja,272804419,,,0,0
2024-06-19T16:45:48.439Z,4YwUjKdSfyvDVkhirXJjrwgaB46YdG6NKsVZQcXn1GsiVucni6kEKm7jxKJDYsrkSDfg3V2odaowDzW3jjMLqFFx,272804419,,,0,0
2024-06-19T16:45:48.444Z,5Vu2tGqvKk312y28Nuba5rB5Qs46Hai5vDv7MrnYqeKktR8NPSEScDw93y5jVL15LMA965Zyw6kdewYZTmXPodtK,272804419,,,0,0
2024-06-19T16:45:48.445Z,2owxe6FRFFrB9CLGspYTgXU9cpcC5zSkpXERHD8cgG1sSqmF4wnZAwg9VZnr8QoaW1rPjSPQBiewkfTTBnH4AJya,272804419,,,0,0
2024-06-19T16:45:48.447Z,2DZ3SRPeJyX7jT7rMKyyJnP4g4ow6TwZz2mSFViCutmhjTDS8cB3mUha1wTqfGckkZuberkFDrv9EtaELLYNDVKw,272804419,,,0,0
2024-06-19T16:45:48.442Z,coc6NL6inuskyGwXpSC9VY4MWW131sgcDnoYCeE1Y6dPBQkwXABoBBDwyReCRNanBshVpedTZtPumP72v5ToEve,272804419,,,0,0
2024-06-19T16:45:48.452Z,4hsLd13heMrDSwfXQuHsTvvGW8LJk3eyFBhaFVFfL2AwMJk4QXffGQCdEYpAzSf3UiPCeRpk6VArqULNfScuPvWk,272804419,,,0,0
2024-06-19T16:45:48.457Z,2di5VoUHwrRTqL1n6xzVZ9agV2gwG6jtZE5MixgesewF5AFGjfvLgcF11ghmfyQQ1hzWxKco2ZospGpRktaM3sjK,272804419,,,0,0
2024-06-19T16:45:48.448Z,2H6Q2wHjCvq4rgMLZrqLgJfKpspD1Dj9r9RPPdWYEuuSqd5wgrs8pHT9SbHi8kJhJZzXofUdfXF3eMfFyP57AViE,272804419,,,0,0
2024-06-19T16:45:48.454Z,4csMrsHMepAaKuunnoF1qHMNnc8emSyvwU3utxQcmRHMCVTtutFDFyLXkNqKR3qe4gqtkAVMeggXDAG8bqKUfWh8,272804419,,,0,0
2024-06-19T16:45:48.458Z,3JE2Qy9spDpp73PR445L5mKxALw3TjPFxXpJvjZaBrmP7ES4Y3f5os9GMjhXte7kyXR1auY2f9MJJze4fwo527oZ,272804419,,,0,0
2024-06-19T16:45:48.461Z,16xsgPwQv1NxDrqFh5zo7tMweVbsCpS5ZiVNNsSHq454Z5Xw3YhnCTrwC4HEHtsdp7Xz1Cksq3XEB7AwPGvs2T6,272804419,,,0,0
2024-06-19T16:45:48.460Z,PphWPj8eQtUEGT12EefnwLnQ8DxmYmpVrjUBNFxHrvpQKmNgGRB5tKh7hSVGKWHTSr9kkgyWUctnV99BqqDsbWR,272804419,,,0,0
2024-06-19T16:45:48.463Z,61B6wb6qeaPmcDAQRHvfQV5ZEksSP9r84zYixj2sFSeuT6TLQSMRBXzhmJiGJ4K61jEJL1yWkTBqWAhz4BKdVrB6,272804419,,,0,0
2024-06-19T16:45:48.465Z,4BtuP1n6FsjhnbhxcJBT6hQQ71PcLXVGXzCtgq62ujxTBqoSzqzmM2FR7aNy4T26Zz4fYXDy6JM9DHRLg4AprkLu,272804419,,,0,0
2024-06-19T16:45:48.469Z,32KCveHvL6eC7VYgGjdC2Cr15yu1ezM83KqRZ2U5XWa29wm5j57rU2i2EFRPFjMvTA723oj2uvuKuA8grGqsZcWq,272804419,,,0,0
2024-06-19T16:45:48.471Z,37RHVvZrcZjVe8v71eYFcuEkbTAkAQFScFUzV89m2R1fxjMytk1JfQ7F4DivLp34Z5yLNP4wgCXU43pns65ZG9X2,272804419,,,0,0
2024-06-19T16:45:48.467Z,SqhhnRyg97pw4y16wvsnUVcLkCU5cCbyRy7Xzf9fTQu89WyJkEqEehiRqr1dLrzgnnFxRfmR8fziCLBybAKfwrY,272804419,,,0,0
2024-06-19T16:45:48.474Z,3AHxZx8Hpb9me4HWhoDKwWhyh1KG35YHXpEhNbk77Rb7kjJwd7xMhmrZE1f7fY7mkUwJWekaZCMCRCMucZkiiUbv,272804419,,,0,0
2024-06-19T16:45:48.475Z,5xHYjuyF1aHWQCH5AsNWsX1F9bJmsYguzApmKLPtLYUSGJZaoLZQgB6ctYYGzQ6tyRGuaVTnqmNJBt6G7vZmgK2j,272804419,,,0,0
2024-06-19T16:45:48.472Z,QKVviEXkGRNBBxx2iq8NGHQXXDhm1HX9Cey1Xgqn3cxAvJUPpHJwr6khDtfsGbRZXzJiVNoAfgGoqyATm6sL98P,272804419,,,0,0
2024-06-19T16:45:48.477Z,35WG7WNDv67EKGZA9WbTQ6kpdViddTZ2Xs3nJr8HHL6dixkoM2zqDGsixpm7BNL1ZzkLPZpPgj6CSWfZj5WCDGvw,272804419,,,0,0
2024-06-19T16:45:48.483Z,5f4zCyUXXr5GDfFvtMXXbkqStYCpbfhSND31HKfpbvaQhKks1BQZteWmzeyUHhkQhmF7QPBEDsCa7egcewGLRZrc,272804419,,,0,0
2024-06-19T16:45:48.479Z,3BV8CHFjP7VC6NRbaXrKs7amxbs7AQ3UGtzJ2hJgTLYsWSb6BWGzpdDkirLv3qoTQdw9DYhzj7UrANNMTTSfoevU,272804419,,,0,0
2024-06-19T16:45:48.486Z,2K7G6KoNu93GizSq2ejNeT6afytivMC7tpB6TJS9Xf2CBKKnzShBRjaWS4QzedGybH5Tvz3hGuETzcDERZgZeN9Z,272804419,,,0,0
2024-06-19T16:45:48.485Z,2pJ98fGt4gUU37S7ohjBaxXs6CKs8YAFLjenQBx9hbWJXySGZip16BuKaNYpHUZ7gFME3yj3EnNUu9PCJDWsgxwq,272804419,,,0,0
2024-06-19T16:45:48.488Z,9imoXyr5MnUuexaUn3UVafo7ZKf82YLBTd82mtqzyHBsB9bKfxELecC1ju9zjFzR86fkJTGqDweDLo1PdWdjQ9L,272804419,,,0,0
2024-06-19T16:45:48.489Z,31f6MvYA6ZvLMSEEkSQBXXmin5NRnUGQ87aUF4VpD2Cp58p6bSEQMfMic7yGKdDgU73tyctofE8wc1MMjaubWkt9,272804419,,,0,0
2024-06-19T16:45:48.481Z,23cfdjGPguaVgG2BbtWfJQdonMRahpxZKgtZwkKr9t94BbdZHnqhQeynhYiNFuTHdQ5hALmggAGX2ZFDebZevsiX,272804419,,,0,0
2024-06-19T16:45:48.494Z,eNf3RSBSwdikKXH8ukZnPyJzzdS9QfhXFLkn9eoiko9rkHfV17KrMDn64vqeMrBhDnDvA5fQt3tTeCBB7ejqptP,272804419,,,0,0
2024-06-19T16:45:48.495Z,5a4vphMfEHpRmfxhVrZHGW8MeAqaD21BfvHA2Gpdk5gt5kJLYc8MdG54FdxqGfRfnKGwnwqgm2HDqPoutpEV2q5T,272804419,,,0,0
2024-06-19T16:45:48.491Z,v33o3qFG3HWed43q3RCZWHqrXsXjhaSFSjJJFqBegBFn6htT3eKjhii3pYFjwKScrhVYdg7NREFS53W9KLfV1z5,272804419,,,0,0
2024-06-19T16:45:48.497Z,35zz1WqZZGSGDRVyjDcAweYZefM74rTz1V3UeTBWeW6dH5dJwagJjxtTMBmHhELi5izmSqeSGgJZLZ2RKZn81Tg2,272804419,,,0,0
2024-06-19T16:45:48.500Z,29aSseuqmJjmGSxkkPFSr99pnP6YFTjua8tszPpMoM2n5ydL3vYdnBi7Moy939NCA8MLsu3rfKJ28Jc4bMtRiQXt,272804419,,,0,0
2024-06-19T16:45:48.498Z,5CbdP4ejVHrcxdDQAUKH7MRaj2RStompRRfMr7VX3A6SAezQQSSHvBExH4jdwmE7trGLPPAhtQKGNtZhQMsRpCgG,272804419,,,0,0
2024-06-19T16:45:48.504Z,2TFi6N4dZdz4fGL5E3ezWVM5Cdd5QeMZKArQ8GgGrWtSQuckS3qeHzXTMwtRwbCKfMimRqyqzaUj6JQgX1Dp7kf7,272804419,,,0,0
2024-06-19T16:45:48.503Z,3cyVg9xL5VV5nLpkKPaASyhfiEDJwfLGFSdogATaJGX7op9qnFPyJMcDRk6US6qWd1S8WH8QK6PP2Xovw6WJcQJ4,272804419,,,0,0
2024-06-19T16:45:48.507Z,58iakHcfqBY6iTxHNLQZSCzy5uvDBHVJUXhFaCnkxCgKN5i2PjrAB46y3wUabTq2GmthLjuBkMYMwm2yDXTg5vN3,272804419,,,0,0
2024-06-19T16:45:48.493Z,bvrZnCaGUjEhGUQJqTjLpdx938HXpNiMM81Yh6973Kv9vdAJ7rXfaMfTXv7PdmDyFJYLeVVZfUJ3kgJqZdHWbAp,272804419,,,0,0
2024-06-19T16:45:48.506Z,4ytusiK9T3HQKPCQk83aWgXvTL1Pdv1cnP61wpuh4AumrXsRauxX7SALapgQCU74ieFMfBDvc8ENydUkfraLnH48,272804419,,,0,0
2024-06-19T16:45:48.511Z,KDa2MuwGNoFVc3ih3sHxdAzUPYsQq17DQx6xkXfgFT2MDoeG7EMcbMj3pRF6LsDUuugD5YNPttxPe7o4uFgBi9w,272804419,,,0,0
2024-06-19T16:45:48.509Z,2vcU33RkLsizB3ptKVzB5vouX4bpwoZErJfQhxXPb8zfV6Cp8JrdNmV55qNeUjRsQJBUnERViq8j1vgmrVuu9Dg8,272804419,,,0,0
2024-06-19T16:45:48.513Z,5wXi2sv44cBFjGZVqNXU9DKooKsVTrnAoXBGqrMQ6ReqZ2BLpDd6MAkURvZzWh2Y8pvuQvVHkgMPEF8hCx7kPR3F,272804419,,,0,0
2024-06-19T16:45:48.508Z,5dk4QqL5JNqmU5FBh62zQPsZdtxKkbWsSRJjkzy9wt2TFrFQToBwGVcwiPM8JwEycSPnWtSFBfG6L8B8oAiMEMmQ,272804419,,,0,0
2024-06-19T16:45:48.512Z,4B87J7A3sxZBTtK2LoqkjGEfUUSpPwFwHQpRgvS9cd3bGoFtqzRajngCLztoFPaWgCMMGV5WU7NMEGzPNRUxF9uU,272804419,,,0,0
2024-06-19T16:45:48.515Z,ZzJYZ1X8bZQd2zY4jU1JAKypSTNx6rdNku97QCU9m73wmanMFAymUjB4kXLVE4mc28aGWSUXGsxTZ5kk6Kdhei5,272804419,,,0,0
2024-06-19T16:45:48.518Z,22QYGsP3neAVCzEPUrwGezU1wyLSpah2ZJnK7xAqdePRRQJkG2T8YjCpBgPWKBuq7FmYPfJfYA4ENKSF5aV5HTbp,272804419,,,0,0
2024-06-19T16:45:48.521Z,2gytVRozLvjZxGvs82fbGdpDhVdzqUp8fFeY4pRnH5PjPmiSAvhnfSdUAHYSWWFsXZ98Eh21Dczjyw2cE2WjaPQS,272804419,,,0,0
2024-06-19T16:45:48.522Z,5Go1pzrA3ioRDLM2xJEdGeexG1CoWUMXgTq5i8CaFewNbKexEvRFSbmkpczxktzCRB187LXvhQM9AJnpkziP2ufn,272804419,,,0,0
2024-06-19T16:45:48.517Z,2SM9BvBcJ1E9WxMSYAkEcgF2jQKL9DaeVzpied4fBPMnghbacDgYkn8sZZDh6FNwgba4ALPRQnhRNWViTYYTU6sC,272804419,,,0,0
2024-06-19T16:45:48.525Z,kb4E7Px8daVXyUjYskiSKwV89z9fvAR4AAfdx9LPymhKVmFcRSSXDgpcv8BwNrr8m6YzCbMRCHMqHzA9287TmSZ,272804419,,,0,0
2024-06-19T16:45:48.524Z,2D1W6uy2TGp1BBGYJqnSoT8RzngQnBvXV2iaHpQsKT6HCBjixLcyh6T4un3bhtabsCsvhfRMLQ1b5iB4VcLGRTJx,272804419,,,0,0
2024-06-19T16:45:48.520Z,61BC4bj5hrqeh6nA4m2ySAeBam6nGM3qEdnnYaQHGHqmtGUfz3Q5vDp1n3JAAwMgVsVsgooUT45f7RhbvLNkKmuj,272804419,,,0,0
2024-06-19T16:45:48.529Z,3cAgFYMrPXL7nFvxXfnEx5Y4DEtKjErWeXTyLC6nEB7vs45nJ52DK4T9UkKSs9FfwxGtUX82uKhPBDAPXAnHXkqJ,272804419,,,0,0
2024-06-19T16:45:48.527Z,4jDfwWecj32ucmQR9XgF3cGfJYKw24bFHmkC3dvFeoKiCzQ4sxqR8E5HKeuDqxKxJW359Haq1osMXa8PAkiAmKrU,272804419,,,0,0
2024-06-19T16:45:48.531Z,4KCMGj4pk8tgPEJFK5FoSj2hKozxBXq3FHLRspCPecWHvBhdj12GXZYGbs2HvC15MvTcVNPiBs5sDs9DGr2fjfFv,272804419,,,0,0
2024-06-19T16:45:48.528Z,42X8jxPGjAd9RzA8Zg3vuzmBNj5N3uaTKZPPzMUG5V9UjVt1toEsHqPdi2LWR37Nkrch8wmHzcSuogCpp9taqqiB,272804419,,,0,0
2024-06-19T16:45:48.536Z,4VzfeSom1RPNgbyiaj36ogUYhCxWUy71sfYr7Y9wUJ8sxUwv7CZRrDZcHesDorqb66iKHh8R3qSQxSZMD22ZDnm3,272804419,,,0,0
2024-06-19T16:45:48.535Z,36E4ZKoPEpjuvjsxGTAAYP829yT84U3WHaCdSdBtJGhHjsX9b5QzoKSyEjACsgut5Qdi8r2GGK6nqWDmokCco8vJ,272804419,,,0,0
2024-06-19T16:45:48.537Z,4qpNdn1j1am1mcgK8BUdUgJ14NWvPB4xTfBg9AisJQMxFQnv55Z6Nm5TzXrZ2s79wSgYWV2oabvo3m4mxzrnhLuZ,272804419,,,0,0
2024-06-19T16:45:48.539Z,38mzTevYJQQCLPEMdqDAWoXhPirYzVXGxTGAfYZTGfBGfEnPPFS5Kc4FHU8dq4qSdcaCrtytfaN6qTN64bJsXW7m,272804419,,,0,0
2024-06-19T16:45:48.540Z,4poEgzcRRf8EuMyHk7Ai3Tx19ECzrKPZLTtjXNKJMv7P8LoV1St21UzacybhyrrLgs3YzZ91amZTZBsaSdAiSYmS,272804419,,,0,0
2024-06-19T16:45:48.542Z,4ewFMsuYY1RXAhPmbnoRLkA1deqBnoBFXXJMXWjZN7apY8TiTgj82mQ1QTarC7L59TRxKSXb99ebNre79EeBsF6W,272804419,,,0,0
2024-06-19T16:45:48.541Z,2q4htmqRn4EGC7BBfgvPo9UJQjW3BGJf2aQx3j4NXbDwpV6DuJ7dAa5yrtu8X1K7J4h7rfnHAQFZVqaRUCmhByiF,272804419,,,0,0
2024-06-19T16:45:48.544Z,5T3myN4Mi2DJJQmSSjWNAvLuDwhBKvQjtosBPagifqrLrqmYRpnaaLqFcSMSBVjZTeva16Bx6vE4eFnafapfAM4X,272804419,,,0,0
2024-06-19T16:45:48.546Z,5BBaWxoXqt3iwK6sixmttf5Kp4aA2gaFfE5JyqXZtnL4WEXN2XMWpV226Zbxfdv2D15v4GQvANyEN1Jj7W6YH2h5,272804419,,,0,0
2024-06-19T16:45:48.548Z,2wgUoVAFzrjopUgQQ4yaTeYjXJhn5pcK6h4ZtTLDhrU3h3uXtm6YffFh4WYoB8SMySDDo3225CUceL5j6n39BuCm,272804419,,,0,0
2024-06-19T16:45:48.532Z,54MrxLFM1hGnzUfS8UR8A3ABSCc5tsJ23YKVkywnQfpATqP8RWWh5nRTMkEdAyHigU2YT4t23Ys7UaBkUHhM9UrX,272804419,,,0,0
2024-06-19T16:45:48.550Z,5Hz4rq2vimwRN6eeFJ4hbjNFaKX1kLbEZRGK7YvjVy3R9jm9Gyeixq8sGCBoP6KFWAcAsCJtqeyvhj4EcsF9byaV,272804419,,,0,0
2024-06-19T16:45:48.545Z,2QVpzLvo1mu2kRJ9xA4CqBiwGcNrkK3M4jesK1hfJncGAMweSivWaNT5bBFnFFQHsBZz2TqRrAnJZXP3fnnJBZM8,272804419,,,0,0
2024-06-19T16:45:48.552Z,5rHhvn8zLktQrqPrQYtaFi39ofw3MUso2rszfcphkcRATRuBtPGh5cZNxtYAvrD8WnyGcrSCPEB9ZjHwcwvwL8Rd,272804419,,,0,0
2024-06-19T16:45:48.555Z,dyTcyY7WNfhZJFyyvEQjaw3N1oqGfPLwXd7j61xfoK1sjz2eDkE7yHsMJdtWRDUF2gLimx9uqG2r7o5vSy1vCoG,272804419,,,0,0
2024-06-19T16:45:48.556Z,4foJ2A26NaGXn3XuwdZ6nsJUiP64UugcmaJhgH5n18GTSKoCyMR9tDEB4HTGcS1TEZeT1vNmwARixzooKGmWW3d6,272804419,,,0,0
2024-06-19T16:45:48.558Z,3xVbtnreeZ6RjJQiST2u1PcUr6amCecHfnjzePJBLgpwFXNii2FiL76tWT7NH9FS7HcBuVM1cEKfjoXcLAveDRaQ,272804419,,,0,0
2024-06-19T16:45:48.559Z,3Ch2aLoVMBJ8HWVfuVXFYFSLTBejs9s3VY9pm1GXANQKvUFjJFG1kgXqY6LZB2UwjeZYNvW37j34q6Fdkzrj95Kf,272804419,,,0,0
2024-06-19T16:45:48.563Z,45JPiP8VFAwU4o7WqfLyZoGaAM9PwbD7rMmwLx8d3xsBrkwDv7BnGX6q4BVtWfWEjM5SRRVttZApRxRgHXPnJ16r,272804419,,,0,0
2024-06-19T16:45:48.554Z,2HCkHoYUi8jd4aRH38T14NK3y5mtQxF4R7UBWAeaLQV3pBnrapVCh6pJ2yXBMv9uAbA7pUXZ6BqZeTVYzWKBvAXP,272804419,,,0,0
2024-06-19T16:45:48.561Z,3NoHZCDgeSYYdQGDEznseK9CUnf5XgPxbhXpemHF6QG5W7unxAATN5a8q3srGa16cG3eWTDhADL7Zce2d5WUhWpw,272804419,,,0,0
2024-06-19T16:45:48.564Z,5GBXNDkoX6j7mwH5ntZFvmPr3nf2iskarLscL5cbcDHyKT8tTgeRbXchCFMj5ieEbSPehU4HnuL2vf1vnLrMJzQ4,272804419,,,0,0
2024-06-19T16:45:48.568Z,3k9RRchFJ7k4wr4TZmxJCLu7ZWDw5LVk1mHYmH3T83fgxoeprr89YQUW3qtqX8pv67cpKhb6h61FNtNbwabRZ8zT,272804419,,,0,0
2024-06-19T16:45:48.567Z,41fmhzbLZGoVZGPYyuLqWMh6PHbdQCs46oJWQ9UQXaE7vKZhqvf6o7H9B7nkNDYpuTq75m6KipJweUJfvAKV11ht,272804419,,,0,0
2024-06-19T16:45:48.570Z,417sXLafX5tRcdftmiGE3FcPWabvbe8Ui9H5Kp74pprLoebMSNgesPbDufohBu3b8BeKFGjGV5fyd7SYtxgA445C,272804419,,,0,0
2024-06-19T16:45:48.574Z,66EmDsWpJEg7B5KtgLAgarpx6SyXLsCjXEkCUMLFcsS3ER4FLsCo1HPkfz6vNgxPqYrzrVEnj98yhTknSaqRVbH7,272804419,,,0,0
2024-06-19T16:45:48.573Z,5v1Je2JkNgGe2Xm3x2oS2JpH2kt5SfTy5edDGt1JxQsEBpetiEDX7HmP9xoEyWVDepnybwfHYa6kEH7EqoYiAAc5,272804419,,,0,0
2024-06-19T16:45:48.576Z,3j3nZnJS8BhjKsHjKNZwFi3iU1YHcvXsS4qvsAKGyNKYpF74MvoNuWsKJB7CHH827f7DgJKptZrcaBnmYcP87vYv,272804419,,,0,0
2024-06-19T16:45:48.571Z,2Q4Z1jjwVSZuBscUwPp8LcQFhJ5EGY2qFfewLbAP9xpuVvvtAn6MpomUq9FGjmNfB6FaMdqfQjqZbiyoGYgsF2JR,272804419,,,0,0
2024-06-19T16:45:48.577Z,2PKKD8Z1XqiJXqvzCXNVRVawbQWCSCPwjnmmNgLqXKedbpuugs3xG3xZYwtHV6RixhsjiBuAkQS2jafBR63dMUV3,272804419,,,0,0
2024-06-19T16:45:48.580Z,2HeRKwroPVcvkRUDsaMgbWac11gU5hH5KYLFzBUevWPjdoj5VXQ2RQWkUqxVv7MQ7aD8tqi9zBXgPvfxStMiZmiy,272804419,,,0,0
2024-06-19T16:45:48.578Z,5MHpefuxiGz8MdMWKRDqAKn2TX1FnpNBrAhrS4KSxsH2ZbYVJARzbvcH4zGj31HzdaERZ9MjzP3VakeEistV8Stz,272804419,,,0,0
2024-06-19T16:45:48.582Z,5dw8zoq8CQd9WMQ9WboUzVtRNvQs9ssnNUVBvMtB8Fi5LgF9gQKjmbuJ31NRaErpaybDiiUZDrnFpR5qySCKw3h7,272804419,,,0,0
2024-06-19T16:45:48.584Z,5coW1MhK7GPb7EJN3Ze9Ln3vLxvVYMZLPX1xwN5waKmyD9mFAnnGo2KFQ4kavrkTWFYRGxe7ypwwkTyi2VcjrSkY,272804419,,,0,0
2024-06-19T16:45:48.587Z,26A9hudhPN5mZUJ8sYSjeGUR6UenGgucWxbJqrLy9eYAy4CkZSpANKbu19DkuEwMWpukPL3v2ccG6H5neaR9MeLe,272804419,,,0,0
2024-06-19T16:45:48.588Z,4P4agJxiZPDg2oD5o2NYyVG3zNXoAnhfPunighZrDkDxZrXVLSGNfxySWnNnLrfsdnnr42eAgX67zTiSa98s4qN9,272804419,,,0,0
2024-06-19T16:45:48.589Z,UYpZjRXCD7Zq4uV9N8xP137QVLV8pHVK3eovKMzNbLZq1GeEDmbWsfcdACfjdJyfpkEPZU1pPkWWkaGgzwwRSkj,272804419,,,0,0
2024-06-19T16:45:48.585Z,3Ga4QPTCKqYEd1r4nnZdSuXusJkY8VFr59pfELJEPDLJ1stuwKZ6HJYa5HFJt8aMUELWWckHfiJseQ8gFzdsmTH4,272804419,,,0,0
2024-06-19T16:45:48.591Z,2bTQCY7ZJvUuM5hNuvevMe4wew5FpcQv761ngSKz5sY5ifVmXNZCWYTAqNpovHFWT9RTr3LhfwLDBMFsCWuocPiK,272804419,,,0,0
2024-06-19T16:45:48.590Z,5mVJ5GLWyHe1zxSgD3JsJyUqqXCSYd9GzBVuTf3gfj3HytygiZ5GS3QMS6QuHgBXPhoCoGbHxk1DcQUCq6KJLEfQ,272804419,,,0,0
2024-06-19T16:45:48.677Z,2cd8oJ4itD9a5ycyir5fmqFApJmSJkGc2PDwocY6bd1yadMDvxrdA5QwhheVnBupXk11SVkxswmvhSWkvfk4Su4B,272804420,,,0,0
2024-06-19T16:45:48.679Z,3h4Xs6k3yvz426otrqDxQhEnaK8kAbkqfK448F1gMSgPjJxLszrN8pNLQrBfSjzHgAy6Ui77p8HSYnMXLMkQVdDB,272804420,,,0,0
2024-06-19T16:45:48.681Z,2Wz5UC88t1hTNMR4HVU6pPhucCJ3Xyj4Zn9rNtxXRUkFPabwXBAwg4oeeepfharGMeQosKcfHLm7wYoD7pGXm6R8,272804420,,,0,0
2024-06-19T16:45:48.684Z,5yZq9j4RnQW6NsHovDHJVjXwtw7SHRYuZTgini5wEkieuXv7hcnvjs9dh9b9w9QGVN8FHeh6kJvjR7Eh3wgWjLh6,272804420,,,0,0
2024-06-19T16:45:48.687Z,4cFjBKxeHPjDksyi8gHt5bGnncCsRhWGN5XxdL6rcm2rb6nyZVZHFduz8irgYd9tRFrYN3pYENwSfv7sNinmUtJd,272804420,,,0,0
2024-06-19T16:45:48.689Z,122GpCjc6TEwJz4YKv7rrbvCiet8RsnR2QXFkHDRx5Fu71s5SuxHHESP5oCAeYjMoaUuf9fgJfg5RXpekGgksmD3,272804420,,,0,0
2024-06-19T16:45:48.683Z,5fBAc6bBGuWsrQTeHUmiPL1k8BZFvjX9ugSUs2fGbAZHHupC3jab4h5BVypwY681HzEuNM7u97R9RyJmEC6DNFWR,272804420,,,0,0
2024-06-19T16:45:48.692Z,4UapnUeZw5JqQmaYWzqYogv1zDw82GT4mArs3WxFJYR635qT1xXGNRBVJvBLtk6uPf8WcMBxcnjJwPX4DbbVABWm,272804420,,,0,0
2024-06-19T16:45:48.690Z,2t8G67JNDBMD61TznLZpWD5ruegpvAiFgEcgJwFYKBE4VSLYWNDuXfxDmJ6pUEk7XY7N8GmPD2UoMJ42nbQAxCJT,272804420,,,0,0
2024-06-19T16:45:48.695Z,4cuABmDJ5cKGdMusrA6d65RZWywEZx7z4dXHr5HEqP4bn1oz9JXCQmr1s5esALQThdr9mZdx4df4WEXcbpdeFYgR,272804420,,,0,0
2024-06-19T16:45:48.697Z,2bQik8yew4qUsjzg7bBVK1hLUbLLtHcbjb2XwtnPqfK56mg7hVtcCjDmNT5Ni3T7JR4bYQyqUZr6F81w3ZuRCB9K,272804420,,,0,0
2024-06-19T16:45:48.694Z,2jwyfq8C8oJPM42GxDgvCMSQSYnzMnHBZMYg2GcxgDe9Uvhx4gbgtVLDEu1AnGotYPPWfNfuU7HcNG2Gb6P1PcRu,272804420,,,0,0
2024-06-19T16:45:48.701Z,2dG33sTndfMmCZG9GogQhDkuWuHDVmQizGVT6DA4B7jkcytXPqzf981s7cN8Xy1NW99wjXxc1rJdmEEEvRjT5uD7,272804420,,,0,0
2024-06-19T16:45:48.703Z,4CTg8bSBP7mzURruPqYLwM7fBudKvwKmx2FUv2fNnop8axo7XMHXeafgrc1z9gmzVxbonDg7RBtcvtsqgz9nSs3T,272804420,,,0,0
2024-06-19T16:45:48.686Z,5TsYAkbq7McRGwpGPeFJennjqJadeUFKf7cWZn2qpz3XPJUCkzRLSMQh2b3ZpXMuEwwJXVcaodL7ASHMCEEkMUVo,272804420,,,0,0
2024-06-19T16:45:48.705Z,3rLugRtmWCP6XxHLNKvFReJktETDA1pwPs5YH7dDVvQXuX6r3SffivskWwT6EiVVV2MLMu3txKUyzNVoEN58J1Mo,272804420,,,0,0
2024-06-19T16:45:48.709Z,4JkeLPgWXnNcGt8v9NCkzV451k4vBGiCqLcajU4mDxvV32dzxyUBLMG1w96oLDhx11EAndWHf9xtDLfUXmfLFnCH,272804420,,,0,0
2024-06-19T16:45:48.710Z,4X2P1Codbq9HfEFK61VrgQbvsp4S84UNgr1aCHtKbzFGCVkqZjbYEyknrN3J2KnMn4aVo3qz6aXSzbxGV5GaG6t1,272804420,,,0,0
2024-06-19T16:45:48.699Z,52XpAt9utymMq98drUsnXkWBypAaMvKFRSgnXmHoXRQrpXSyzvi9ZuCW1aP2siSc3nfyCec7Ge5gBSFbhcqFfNa4,272804420,,,0,0
2024-06-19T16:45:48.714Z,GRLS2Zaz5zmJFr3v6mxMFmi46Tprby5Xj9X59Zkr1yNVE6m4oYcKcM16PMWXUj4yZuUuRQGnaZDvaqso2jpqE2F,272804420,,,0,0
2024-06-19T16:45:48.712Z,3NAFvvEYJBKWEyJ8tcxBzbXuk53363z3HRzFVsY1UzsyrYZ6vkBMtY9hLNAgAD6RaeXkyQnqQKZoDYBRZ8mg3npJ,272804420,,,0,0
2024-06-19T16:45:48.715Z,4GsX81f4ZVa7QqB1vRizTWqopWtVu1RGNAx54dpA2N2hY7UEFWU65SQkT5JyPgJkYoFTtpfGsToc1nLFTaFmyxpY,272804420,,,0,0
2024-06-19T16:45:48.707Z,3NC3WePoWdxhgCKksBwenBy8j6d2jN6RmnUfdTGSUcuTpwn1QTRHCAYgznio3XPtB7o8YpuXvagkW1vMrnvRuXZQ,272804420,,,0,0
2024-06-19T16:45:48.720Z,2LAVofBNSLdK5BomZaHsAFFM3khoEyZAPjxtVpTBrYRdj1Dwy2R5Pwf9eaXj93VcvVRXKNdjtUmanNQsNGdLDqBu,272804420,,,0,0
2024-06-19T16:45:48.719Z,3BVG3wH7Q4oFRhFDzc13rTbmS1szJGCccxJxHw4SKqNV4PQFMihJT1DEwjjmgGy9DAqiAD1BoyaU6RLbryiTR9sD,272804420,,,0,0
2024-06-19T16:45:48.717Z,35dXbEAgnpQMf8unkhgLTgRjKNdZtLiLKFbfj3CBdwCUYYfCCBD7xYHWB3svtzm3Lc8N7wQKHoMz22AbgNGrXrrn,272804420,,,0,0
2024-06-19T16:45:48.721Z,26LLHjgfCvExV5BQqHX2X1bpHjk8RfwFeBWTHNxZb6bvAs5JURVPMGSzgr4MQSVJyW7p1ATWis95dS2M1X8X2Nvm,272804420,,,0,0
2024-06-19T16:45:48.724Z,4dqzr5g8CWswtSJDxXF5u5cctEsRzQxCzgnWcCLmK9Hv3H51UxegZp2PQR6FQC7jBB7VSNzcKGrgJjg47V7ZEFhu,272804420,,,0,0
2024-06-19T16:45:48.723Z,3PCVaPdpa64hJQVAxwEeBL1Z2NAUXsS6V8wBoXAeFkt8fbyVbFkXScX8XEfUf6LMMjpUhuDyune1VrMGqds1VCgA,272804420,,,0,0
2024-06-19T16:45:48.729Z,3eddtSGajvowqPR9SGaUDfyCGVhBjZbeRXG9niMHrkciz53JXkSNZYWhjbCNPENJjr77p389rRoZ37fsHkxdSA7a,272804420,,,0,0
2024-06-19T16:45:48.726Z,5vkfnf93v22N7LJMa7FannQxBC2TZgaubjyLC6tR8sfGwy25qBY6Cg1Fe4o9doekjnrSVeXaMn9KYZp8WqFHNLSn,272804420,,,0,0
2024-06-19T16:45:48.727Z,4cQonJBeMr5ndEnjSNu9LAgNrMQFjogFN1ZaDfyy3xEMDA1iieSGuSG1DERAJ8QTnGRu2zoCmBiCfjgJPDG937ut,272804420,,,0,0
2024-06-19T16:45:48.732Z,3VRjLtSv4Fzhqxr4xrEwzw7QbMjZmLktbynHW7W1o3spmUynoUqFi669za7P44vUAHQtukbnhMNboJtCtoxPA5wD,272804420,,,0,0
2024-06-19T16:45:48.735Z,5LcmdN5UwRR9orZL9ejmf6bV5pbFHbxFsCEhwynZmwda4sE4FrdqWK2wHDHjYDQMcJWoHCPdJzZurEQimtBB5mCV,272804420,,,0,0
2024-06-19T16:45:48.730Z,2JTmxUk5ZYw6pf14UVa9zLSBCSYKUE4MMgXZtojViqMwdo1jn2YeaShzyHH3wxFxa8LeaKgGtRPUF6u5GK7PVPQu,272804420,,,0,0
2024-06-19T16:45:48.736Z,5EjELutHHMmT2DXzRJVU4u2yFUh2vDYeEQeb4hF5d7jMiQy9dJpaP8N1ynnXM2ddCB2xNZP7fLg5rCFN4odfNgdv,272804420,,,0,0
2024-06-19T16:45:48.741Z,2DbCRM5qP1ZsjiqFQwgsSHMuSaejsvwn7C74bmgcFVK72k6YhBLBiN17hyM7sMtBovwzn13t72FtXX5GG5ESjPAf,272804420,,,0,0
2024-06-19T16:45:48.737Z,2xxBYBx2DnCfMCcqPueXrWhoDtnw9qFprnbPNgCiws8KPnoe1B46QYzA4P5jfRoYK3ZA75JVc3u1vcFVC5zEjyCp,272804420,,,0,0
2024-06-19T16:45:48.743Z,vppdPDnXWdWRpzGBcnuE93ReshjYhTAm5sshDUzJzRc5ZoNfoRN4U7jwkhmdEL8TCDi8PqY3wGMcRxL6zG52NVv,272804420,,,0,0
2024-06-19T16:45:48.742Z,3DQ1gQrsvWKrmYBbAbX6wxTXpV1GEuk3ezizeq6KCz8sR8iQE8NKCEB7wfWwodatwHMgK39jnhPTGqgkERPEjJv8,272804420,,,0,0
2024-06-19T16:45:48.747Z,4gLouD37h5Ze5Z1bU1ocqxuwMQyMnKqbgab6RAaogYJQP19Fz2QMw1Zc1CU8E9YQKPespW7WzKe75FnGrq7CyoDg,272804420,,,0,0
2024-06-19T16:45:48.738Z,Dphz4PVAFt3xfUra12KVJj6xezSziUdiEi8oL1Jrz8npdAi8H6tr82KMJBqp13xXvVcg3DYR3tE6rwsT4gXhJiK,272804420,,,0,0
2024-06-19T16:45:48.748Z,4JU52oPrKBogA5fXnzreVKkJoAGX63UgAtTUvSU1usjzceHHH93WmPn2gGC6k64BYcumj7hvUYxNEL6thT9nXu8h,272804420,,,0,0
2024-06-19T16:45:48.752Z,5MyPCM89LLY69PbBz7HbAot1W1AHwmuar6SvhcLoMHe8WtaT3rseWnPTSRT72QG9ApWw2pGTGuYZjBkjVYhDxKFx,272804420,,,0,0
2024-06-19T16:45:48.745Z,23Bt1MpArV26BERYGj8NdnXuQhbSNN5vWYaTjHjWchoyKP1zET1tB4Qm6EyBJQHEsdaiwhjVm4qoD8Ew954rnXuB,272804420,,,0,0
2024-06-19T16:45:48.754Z,5E7eF5fLVsyGYcuVBExFqPNXn5Gg82wvXcsnWo5eGNkWMRHNpbgrrKZRR3wo5ZQEU8s7bqewPemYL9841b6XgXn7,272804420,,,0,0
2024-06-19T16:45:48.756Z,2KttCiAiEuHyfTLBEnQh6s8eh6Qu8DEZW1qDBnY5h3V9HzvTEG3a7vZSq1TpU9M5ocSivcWRFiayN7qHyv8RLLFM,272804420,,,0,0
2024-06-19T16:45:48.761Z,3nxc6RAcFwF4HAcuBSKFrjJBqXny4CDdE56nFXJiX9M8YgNVYmGywCnpVkj4wEyorndaoBany4m3VyngeKKgXQsM,272804420,,,0,0
2024-06-19T16:45:48.758Z,67FyafkWyCMjp3BEcbJUK9oUmox5xQ2w8bDKmZPuzDGmTZN8YC4qNsnDtqdhh3KWohqawaANgoS2gXVoVCFGc5M,272804420,,,0,0
2024-06-19T16:45:48.762Z,2VHd5vJRZJcQE4MLRz2CpdakC9LANr7brC1oeDYU1RCifB8urCitJK1sYMdD6fm17aCMWuqpTUsvuKmoJDYJ852x,272804420,,,0,0
2024-06-19T16:45:48.767Z,2sPdXARLJJyJCPH2DuVdU6qL454QYcTSuy7nr5Ui16T6vwvxn7AEsE3hoAKWV4epGfjLHkNei3XNxXJWNvhH38P4,272804420,,,0,0
2024-06-19T16:45:48.764Z,35kFPZWnXHrFtRU59mZj6M21bUuCd5CTBekfjNp3yMzKfA8sxVQz2m7ckUoY8fR5VN82Ef9RoW3z8jDe7nKrWjTe,272804420,,,0,0
2024-06-19T16:45:48.771Z,3fCGntZscZLAfL4WxCUjJijhd5zDHBQcGjHw37ySx7cuTnpg82hCzQa6yn4Bq6JB2ZeRbPc6XVJkA8BYshaGdZ6p,272804420,,,0,0
2024-06-19T16:45:48.772Z,4iRDBCxy9oeHRYvAmcHguUcGgDFJMm9TxfkNVUeAqp7AJHyEPRCgYMQMWcAXisfmTCjx7C76KvF7KuuG1YGyr8SK,272804420,,,0,0
2024-06-19T16:45:48.774Z,2TDi96P8ttTsaSR77vQjAGGSNW3PWE5dnvxijYSLMXXTNKzPnaHiuCcPnjzib9wVTSx4HxKaCCdtve3F1UdRFDVD,272804420,,,0,0
2024-06-19T16:45:48.769Z,4s8YhVcs2rEVKX8vHHWkZJeLy3koFyiTEx782M2uhwwwbYkMLKmKob6D6pKkkruSZBADgBDMmuMy62Kr8tpzb9LV,272804420,,,0,0
2024-06-19T16:45:48.751Z,5V782T1uLmdQ6RJ1jdmy52RoPM4cPDcdpENHpQv5o3G76saw1tAAiWD4seUP9S33fZ822aaZW754mGHfKWA2vCrc,272804420,,,0,0
2024-06-19T16:45:48.778Z,4Qy8cN1THRsyxBV3rGtSEVJahMjJXdURHFdBo3zdmKZ6JpsiKY4EXtMWHSdztFSAmJ3JvrV4vdo6m6xDZbxKe4Si,272804420,,,0,0
2024-06-19T16:45:48.777Z,4c1vUkR5DZS65W8sdChQXshn4xHL82K9j5tMaNsad7tJDvJ4TjfK86rFgLXRMSyvjkqAsWtdMBtNWWDwEnrsCaYk,272804420,,,0,0
2024-06-19T16:45:48.775Z,3NKMHDfMUFyq8g3YJ8rZbN9hNM1ViUvupX2CPYWvNEv51SFhwFT7Qc7LdyT9PWu438DdLsNxYRVfzZkj2H7LdxKp,272804420,,,0,0
2024-06-19T16:45:48.786Z,5KZsKZBvro2DaSN3syqPJjyEYGpCJqhkbeAzQ6y4N2vSFsdWNu5NgLzkcxfkgWQj5SFbpwrKhCxtmYwkuVqKxRNv,272804420,,,0,0
2024-06-19T16:45:48.782Z,54DARVfFp95Y6WHBnZBv6jf7FTMBH5SKffYYZsJ6gs2cYX7PSf8grHmbxCyugfcv9owA2Bm58GKzRqDSJwjGQioB,272804420,,,0,0
2024-06-19T16:45:48.780Z,2uaSX3rShmzXLfWFJqp1QEVHQY1bKf6EoGKdc6789NJLVGFZqcfc5pSm4TBHRbZ8FTwQj5D1rjWzFUeM1GmXoDcT,272804420,,,0,0
2024-06-19T16:45:48.789Z,5T48MWqzhjwLjXa486we8469iFbnKyVzMX7Ap5S9toRh4cVrRgcAV3eSAdMEmb339EjVrxX5DEtMWpeSrTwPjy3A,272804420,,,0,0
2024-06-19T16:45:48.787Z,sufbaJQEz13cj73JQf56cx5cZwxeXQ5AcTfx4aokuyXS1Upoa2Cy2ipAuUpYfFHQzY4Xx584JUgHPnbYxX7Frt3,272804420,,,0,0
2024-06-19T16:45:48.794Z,3psuAHrJuXJe4HisEYwWkddFZQin3jYe3sWupfkY44uYaTEwS3yF2zaaDVkcJKSjChecPRyYmt2UoFwA9HXnoCD5,272804420,,,0,0
2024-06-19T16:45:48.793Z,2TfksnQ1U5g9BLCFeCAbPqaRx9NbSX5TdxMvWVrYvEDDCiVun1EvTNm9zfAvDNdb9QHnmwxLPSUJagiuMEZeVP5R,272804420,,,0,0
2024-06-19T16:45:48.791Z,4DAcmqLh3K74aMQ4m42wejEhjr23eUbY5bPWsmbHZuWz3PBH4rUtnoEjgzcqkUspEfppBSbRtk2dVtyNs5XVGVrk,272804420,,,0,0
2024-06-19T16:45:48.802Z,4No3rjJPqvx8PKGRMBNaRmzrq4tDDANp6EooLga24DT2kn4JNidNAnNAmwjMTfzRpTNCugsGoPKDeKNCN2PF2QnN,272804420,,,0,0
2024-06-19T16:45:48.800Z,3VAYHGC5Vfm78SPHWb5WH3Pr4yssrgEvHJ3uSt5VSp4gCGQrcnbKepcTjDRfrFY7FeSLeyBaEn17Q3Ne6XdTuBnu,272804420,,,0,0
2024-06-19T16:45:48.797Z,3eFi1bd7qp3fb12E4mvUvmb41eCBA4Nw29ggVTQajywUMHtn8hrECnxnBjXhFNqJCnVeCdsVu2WQjszjtXBaK8uc,272804420,,,0,0
2024-06-19T16:45:48.804Z,t5NNitYKei636zZCwpU6hzxe9KCyvcsFmRGeLsW6KRoNiZ6U4nsULacvbB8tgX96PtomXSYdCx8wjNbs7wmXpHU,272804420,,,0,0
2024-06-19T16:45:48.808Z,2JSiYpKBa73krA9735oBjF7NMZmXovRKL3Sh6WQdoVm45LcQFEzLJfHSbmGLUkNbjzQ7R8bWuM4GsoQXP4fF5Y3u,272804420,,,0,0
2024-06-19T16:45:48.812Z,3KhLT1Wc8bgQUc8EoshDnUkA7uGoQpTBqr4NKAvWhHvfyh9qEZsbGnpNgrdJZMDK5J6ddcrCbK2ppRUMBFdXaPyq,272804420,,,0,0
2024-06-19T16:45:48.806Z,DLT54qw2wvEHEDgisfKf44KUHzaEGE4UWztfrFFy2YTo8PcATHFzS6grLyVsK5fq7Fkm1yNke1NHMA6yACc1Pop,272804420,,,0,0
2024-06-19T16:45:48.814Z,55z3EN411pwtsEhVY75BhtC31JtpSorLovmnG4ZMf13RhkSnPn25Xk6gmqoGLHvNm8iTc6rR5BH9zEFcwRrsX2GE,272804420,,,0,0
2024-06-19T16:45:48.818Z,2Nr7vjFe7NYJTByWoAfgTCfjiavKcySG3GgsDmsbTPqHfWx7nUuf5K72Dcp6f1KJxvefEATAhaqiYWx4zb49SRVF,272804420,,,0,0
2024-06-19T16:45:48.819Z,2bF5TtyggCsqEaKcQA53Vp8ET1mRRFNReR24fE4QhKZBcs9u1Fjp2BG9bPnDro1WeyW8xKVhCBtjCETRCjUAsRe2,272804420,,,0,0
2024-06-19T16:45:48.816Z,sy16beWj9BX3BMvYXWB9Sjta3aqdgbs2dBTXknQZCTzw7exR9zv2MzBoEKt42e1A7VuqfDkiCHhS2tF9MNVh3ai,272804420,,,0,0
2024-06-19T16:45:48.824Z,63DXaMeyLpTd8YwXenkWht98rqLYXCAZUA5xbrQXPqvKLs9JJJoSYnEiXC7cjTHambpqvReF3dJRvWdW5HPjmMzF,272804420,,,0,0
2024-06-19T16:45:48.825Z,dmbQK9xnJuAShubxQEXjUQ4qdWqZcRR7MHMDL1B7xhD544fCQmQqzYFj88kFjrLGGmecnyXvDgdVqAEZj8DCgdB,272804420,,,0,0
2024-06-19T16:45:48.810Z,3gan9RXp9XrKdxxSJNKG4SAsvxLJ3D1B7oT9fUAa1E6M669tCr2KV4yykX6uNsXtNs585bhVX77EFpU6UiTJkLt6,272804420,,,0,0
2024-06-19T16:45:48.827Z,3pS6qLcaadm23GrcexE6h5zYmrzKHHcagL1QAij6Md3nxbmFzHRp8n6nKmmQUm9rJqSGNVgbHC5fvx4miHN9WPi1,272804420,,,0,0
2024-06-19T16:45:48.822Z,5uQTKQAwqpMkZLkG2UX92NE5arw8NRUSGRUPsBHPSTnnQG4iTdtcd8SARLiWbifmthU8XhUrnsgYpVB2C1RP7gpF,272804420,,,0,0
2024-06-19T16:45:48.831Z,32idcJQquTn39oMmUUoMgmyUFiJeXeyq7Td8xDaHqGjxXJrGh3mJFxma3ENjxSYd45UtnY58pdoSC88oC8Di6J7r,272804420,,,0,0
2024-06-19T16:45:48.835Z,5SwcimLEEusJ6x2Akofhrf4saXh5V3qoVSqa7kSRT15NU5wVQqT5WvVpPAjp5unMwty7SzVVvnRt1EqpjAdEvdmg,272804420,,,0,0
2024-06-19T16:45:48.829Z,3mjU6YyvM19V9fXpryeHXFQxVdHZSnL9MGyw5c8tLZcW63fx2UinGuoAvpTf6GpA283qYj1iGJVryZxZEsvkS6Gr,272804420,,,0,0
2024-06-19T16:45:48.842Z,2qTHtk4gWdpzgX5kxnyCUnmtqHxhrAp6chxeYgvC7VL7UhSTC3Tx5RbcUpySVnKjxw4VzxntNY7KHX3pLj46CrQ4,272804420,,,0,0
2024-06-19T16:45:48.837Z,4SF3sBAGpum45SWo1sAAVnGnnTEcBPAhgUj5TG2o5zA7NAoKj2sPbQJBsjHw83srbuUkmMhY6rVkD31ZKXWUrJWT,272804420,,,0,0
2024-06-19T16:45:48.850Z,4o6JGBvotk8umsytb9hWHj8w4MReSrQKe1JiThV23mu8GNt9c8WrSKik8T6BXzdXsPTeWHxyWyEeraSWnULJgSQ4,272804420,,,0,0
2024-06-19T16:45:48.846Z,5E9oXfDDYtMiKx2BxcPndMkuUSy4dnosDJFzAoNP3cwJci2eAP6x2zsyXaf9ANXuk81VZNAhfoKZx9iJF3s1vqdK,272804420,,,0,0
2024-06-19T16:45:48.858Z,4ceEZ1F6Ehe1FEefzaVPnkCHpwEMzzAbsYE2wHopF9w81uMQf59pYcehqsiNimvhnujzef7Ht5rgJSnbuXi9z1CA,272804420,,,0,0
2024-06-19T16:45:48.856Z,3YkMWoTvReeTghPpTzBLFpWEgk7XnHB7iZ4S2ghmYzWwLqPq4DDBtT672hjkjunGZznj2AogDTMo2FyeLQKGUPdc,272804420,,,0,0
2024-06-19T16:45:48.866Z,52FrZpL6hXKBxsjDqK7awtppozEDGnLTVe7zMvZ2j9b62eUZZh3ggJxbNVMjW6UADmUQFe3mfrLsyHuFpKFbp6PX,272804420,,,0,0
2024-06-19T16:45:48.869Z,3vCx2MtkGNDvMXEj7swBFXZYea2WxmG9pVMVVsN5GPn3sDZJ62ZcbZh8jDFnXCzyAqEk1rhp38gfiwUnVAvX2PaK,272804420,,,0,0
2024-06-19T16:45:48.861Z,9YUenJF4VFhNJBKD4hJeWQfzWxxgKDLYoDV89DQTCx7Tkb6utJjBUe7oAzFriEAJw3wyCmv2LYpUxPh2nxHvEfj,272804420,,,0,0
2024-06-19T16:45:48.852Z,4myKEf6xPKui9YryNQsC3aP6qzqW5nru6i8k2dSSDzWqgg9k5aWy6gG5x7xh5h9VGjQz8cNTgcB6brUwccPFh1XS,272804420,,,0,0
2024-06-19T16:45:48.872Z,67V8ViEGYgjFhdPH4LnEEzoJnjJ9BE7sGBcjV6JpKRDoqBdsaiVtW7QqNt664oXgr1DauhZKzJciBDvdMw6KHFDV,272804420,,,0,0
2024-06-19T16:45:48.875Z,4M87pbZNe1wjyNLjWJ88XUS3qE7SbzETy7nAhkYRwiGhztrRtHxPFzyXGKwScqZi7TFrtUrJjABP5VjhGzEwWJ9L,272804420,,,0,0
2024-06-19T16:45:48.883Z,e5XmXidiSxH61WGC9J6wAW4ungu4EUdPLgBJmxUhqN9NVBwZ2fRkurw3KBbbdDuuEN8y2KEELmSLNaW4DpZGkfn,272804420,,,0,0
2024-06-19T16:45:48.877Z,3bipVAvHy9ZDavdTsRRS4jcPaMZ1f7Pb56shJLDSxMCzpCutyuWiwvVbQR7c2bKsnvWtUooecYaMSaRRxnhQQxVe,272804420,,,0,0
2024-06-19T16:45:48.889Z,Fc35cazY7fCVus8TC7mvvTkgaMvFP8RQfcaYEH99dmjVZYYbKjQieAY4hzWwU1BeDYERzHAe77o6Rc6UYksvPG2,272804420,,,0,0
2024-06-19T16:45:48.886Z,44NuVGyxMi1nz4ySZL1Y9AKrB4pqDqLW8nS5DnhzSir7gzFm2B9pnadZB6UFm73QShZhqJhao34BmzauZYCGjYss,272804420,,,0,0
2024-06-19T16:45:48.895Z,3h88GfEWijjikaFRRAPKVDRwqWCdkcxzSJKyzLk9HRUXc9HSurxdgYhag45z2Er5tJDqXgcDmLEfC57U7bzfFT42,272804420,,,0,0
2024-06-19T16:45:48.893Z,4nRSfuv2zZniakzvi4qs7neybA4NLkYzt4iokNUzgHqTc2VdkDVH8pyNc6QHaxwpJuZ93Z5sU5rNyUZQ6MRnrGJa,272804420,,,0,0
2024-06-19T16:45:48.899Z,FqWasxuDtQe1jfXqWzwzigo2pUEmhrsC2sFAi2N1sQ5RLr7VovKUyVWAHQQqWufHMTpkG8hHLLbGfxPx3E9aRDf,272804420,,,0,0
2024-06-19T16:45:48.896Z,3qa8ob5yyNy7xwNYXS7zPKntfskLdJ3BKYb5j8iJmQkCD4DiYTRKUCAd52upPsXJ9nTe2HAR9T6FBaSCvMziphY,272804420,,,0,0
2024-06-19T16:45:48.879Z,2ZoCZ9uKRD81eBbsb6rL5TkvBUJv5RkfRu4XgPxnm9PP4cz9fPhqoyHoWEyqr7Nk6bihYtcN9oVbfaNdSzUgToLY,272804420,,,0,0
2024-06-19T16:45:48.901Z,5HCBmmh92vgbYrZo5dF9nd5gDV2CG3zbCXLmMmqSyfXNVG5RfPTB2SV5FYTwurPXCmgPdekdSniwUKAc1P9Rpnnf,272804420,,,0,0
2024-06-19T16:45:48.907Z,5fvMqngYStDCKfpxxMLbrh9nbkMSGABiX45Vf6ZX2j9LB1MchyyoUSLSor5AxYuRyHYfn9q8NihHGDCfPAXgcnDL,272804420,,,0,0
2024-06-19T16:45:48.902Z,3evE46K1xKhdUTDgdg91NivgjCgUv468hkngoXaVzutuiQyZ3eaVGquckQFQQsz6pmGr943zPr3a7D7UVUwp7jN2,272804420,,,0,0
2024-06-19T16:45:48.912Z,5e5mLEnZTjW9xJfCH95GSpZyAK5dsjQCJfrdZL9ovDGChUHbkJjrSBB6aTtpXdbqBRgGgheE4Lr3YyQEorpPsajH,272804420,,,0,0
2024-06-19T16:45:48.904Z,2r7giGPuTD8FkN6ZiUNYZJ9QVVdNTuv24hc5RpDzWYpqynbSUNJuWtm3iZBjQFJ9G7phJhgySaZVi3udPxeWrVD2,272804420,,,0,0
2024-06-19T16:45:48.910Z,5FbCinGV6WNvK9uL5PEKjqSu7xQDvpqtJuB1HU8gRFaR5R9WScBnExt82ztNQvgv9sUBWgYwZGCkRMDc96L57j95,272804420,,,0,0
2024-06-19T16:45:48.919Z,32b2VHo44fLWAGS1MrEdZKFaGoHW71rxiJJuasjMvEjbkY8DkxfmLG4dimM1vJxjefgc4Q99VkjW8dS242jw3si9,272804420,,,0,0
2024-06-19T16:45:48.916Z,Lnj49uVMCFk8da33XQS7qinDRkEVxKJtNmevLRqNeCPzdd5s6ncLfdng2aF777rBXp8pRgb85D21HhCQfHzJmMS,272804420,,,0,0
2024-06-19T16:45:48.922Z,63vSTVwLBdtxvVUqVENV8jMojVn21Do1aVhC8KxAKVLQFyv38Qc6Cv9kJeCBSakWKFWV6113tkABgCvEg5qhi6Dt,272804420,,,0,0
2024-06-19T16:45:48.926Z,5VEZKVz7CZn3D6bbXQhvNcSQ9QS268SRSB3AJAA8b95MnhVegiDDL8avdeRrNGATfBrYFPnG6LDEWEx348bMnFL1,272804420,,,0,0
2024-06-19T16:45:48.928Z,4sWpckcE3dykY6uZsjAhnLFLUCbPmeSB4WxADv3dwRRDNLPzi1HQcPAb6BbsbwHVEpTh8KJffCShb2oMAtr3DMBK,272804420,,,0,0
2024-06-19T16:45:48.914Z,5tDiDNWhWgWwv3CKWbC6bouyiz9hqF7fifS1zSWPWYykV9Az8B3fb3j9SooZQNJCYpLpgmpaQTRtpMqMmVr5ds7e,272804420,,,0,0
2024-06-19T16:45:48.924Z,334SpUjAqTFb91cbCZThpC2qpF37WJwLbfjb69JFVctRYXmQSaCpV3kztyChQQ5in4aoHqNmr49tK5DTPapwKCte,272804420,,,0,0
2024-06-19T16:45:48.931Z,3xH2SPhAQecx4L12dAAA9Qmj9i8wnWNuE2CTaYRwyGGBay8pTT2Q548zJEAgiHEzSMNfDJpdaDodBx9ukSvc8HWN,272804420,,,0,0
2024-06-19T16:45:48.934Z,2pXqfvCrLiX2ycxgnTjQmFxc7RpKZSFz6iXptBxXZ2xDxB4h1mjqjfeVJeMgHnkeT2mu2LNB1MkCjNBwmkPgoanD,272804420,,,0,0
2024-06-19T16:45:48.937Z,3tePk68gEhcUsoTbjmgjRVcfBqf8ktKGMY9CFndUNeeT2Gbqvf1oZmZoooCvUSHb1vYpe1rXT5ZWewbYwA5tBNom,272804420,,,0,0
2024-06-19T16:45:48.942Z,2CVjU2EUbdurp8oCErD2PakoVuj84tKUw78VCTGtxRChaf7WhffW2VgTVDf721jpZhRPH7cjcE9DXyGQkGfjSXdb,272804420,,,0,0
2024-06-19T16:45:48.946Z,3NobKUsYtcJ84GBdPpeX2UcHnt9Z2HgPs9pPJ2W62oFUjUVNeEPSKJC6SjCAYpu5YLEazusAaC6bEo8FoBHgLNUD,272804420,,,0,0
2024-06-19T16:45:48.939Z,3zFPC1cGRf5qahE2UGUUuLTh1SMrcqfSSpxNVVS93kmwZtxLb2LDfCYi24bySfDBjmDaMz1ZqJXF3K1iyyyva5EM,272804420,,,0,0
2024-06-19T16:45:48.949Z,4sfU6qf5FGzxUAaB7m4Xt3DS7Wq8XpRqU9mfQS5k1Mv7WHKn1HKLwom86eepQXRk6kmPaPtiEyt4KmAhrTyScN5h,272804420,,,0,0
2024-06-19T16:45:48.944Z,2CtKViyi5SrQzaN94AWN5pZnqAcN6DSg4LHk5ambDbVrX44wgUxB6NtjyuYmnGT1AXH861isk6zu5UkTLncqGfD1,272804420,,,0,0
2024-06-19T16:45:48.954Z,2wp1a3j1J2MJMZ6JbSc56b5Mi3Ab4RDHhWFyzhKSgfM6aAhvJApTTWoa5i8CSCTNDU8Ru7cAmPVtMVn8z2zN7coQ,272804420,,,0,0
2024-06-19T16:45:48.956Z,BUM1XVbkWYBeLk51fsntAJp8p9Xa8GEAtRCcjdunkEBaEp5amv42eiE6V6LPk4disA3SHkSRHj3vmnbDHUQH1Ke,272804420,,,0,0
2024-06-19T16:45:48.948Z,41saeK6FcnkSCd5WLs5QjE1tFtVjbVe348KuZ9j4K7SRkgpoanYvhgDsVM33UY94sjsmB5fbgw7s1mot164GVJG,272804420,,,0,0
2024-06-19T16:45:48.951Z,4kxT9ScUgUUtAprvkyH52uEXJBuXVyHbr4Au2jt8rqych23dCvPMziuY3ThYALU4jN3RR31bUfEmhozheZw6DC9w,272804420,,,0,0
2024-06-19T16:45:48.962Z,44JKKouuz1K2uUkEyH13mwT1ZBXiC5LVnjsJdghi3Q6uLYvvvbbnaLLa7BRUE9YPWiFgpLDxNJQSpxE2TiGLmY9f,272804420,,,0,0
2024-06-19T16:45:48.958Z,2eeX5h3nUyuGDdTwWXdAHS7TUHdjftAJxsETqdx8ExrkiAKfRTovopHJ2uHy7VABuz8mKNUpfqEm9pDReaxYjwX4,272804420,,,0,0
2024-06-19T16:45:48.965Z,4n8YoWSWTAWBFM3irpZEPS1jv6C7hNAtsjCjBy58fZx9gfQ2zsxLCUji3rs5Dj5xsZobewCnfRmUYnJNPchGrG3c,272804420,,,0,0
2024-06-19T16:45:48.970Z,vq4oCMv1oh2KM4mSvpT5wBTxPuRa2MBwFQThhmtt9e2s4MNZW7iyDkQcNHdHVES8q9UV3mUHeqKJVKtKVQU6QJa,272804420,,,0,0
2024-06-19T16:45:48.960Z,5UCp4uP222haj2ycpACL5ztT9mSvAAiTxrKGHUG9vnymYdMwtKT2mkqyMiq7GTTuysn3N7yridFUyxUkVD3LpTxd,272804420,,,0,0
2024-06-19T16:45:48.975Z,QBMvyBykXzjzPVorh2cB6RoyEGN1V1DqXdBy7xiFyz3zXiLn4mhtCMvYaHt1cy4r4pD7quDHuKtyo8VoLTbA9nk,272804420,,,0,0
2024-06-19T16:45:48.967Z,55ggRLZQadsX84xdhiTAonpKFcPLwXk3rMhM9gnyZj7o7Jgp3VV14QAD43dwoET7L2w5TpjVD5gFAbcCWJTzZmdS,272804420,,,0,0
2024-06-19T16:45:48.977Z,mCU1VdRvRvbhHXN7CpKsSdC9a2HHDjtiy66npYzFFLxTyfK5H33xNuxyJS6U6yhLequ9bKL6gdoUWGLPNzm4P94,272804420,,,0,0
2024-06-19T16:45:48.976Z,RBmWih47p6M28YFTLFDW4Lyb4Wv3d2TRDwNGFhRp1iD7gr6xetZGR3k8s3Qjcg4YnK2L5YaWukm6GeJiGRopX2S,272804420,,,0,0
2024-06-19T16:45:48.979Z,3tQk65i3PS4uf1SkFAfYvjFbH17gncCEi4qY3rrhk7L96n1QrFT5RtVzNVCj18KkNHULpYNH7od9WpA1e6pVchvM,272804420,,,0,0
2024-06-19T16:45:48.981Z,64YdxJEMALM1nJYD2uveYNLKxjGpPJUzdcKCSByeADrgRQRgtaCT86q43qvgZtdqXh9Ta32znU1AxTxxP4iJtgEo,272804420,,,0,0
2024-06-19T16:45:48.983Z,sJTbUXoT6g7tZHumzCy1hsgoNpwdPudMsr258jQL6SqDuJe4JmWxKmVNbQjs669fzx8DA4fgLVSaK7r87FYZFiQ,272804420,,,0,0
2024-06-19T16:45:48.988Z,NuDAnk7TsTCd7XrSRoEwmfY2dAaRxUcRgnU1KLNLLTP1ZoWycRT9XspUdcTxRbmyfqtPp6sjJZi35WrbzBczggU,272804420,,,0,0
2024-06-19T16:45:48.990Z,2b4fRC6EknSVqfZt13tMLRC9bt3CBKWG5GPbwNMj9eU3b1Wcth2WxDdu75BrRsX3YWaCwFWCsQJj1T1o5P6xBnA6,272804420,,,0,0
2024-06-19T16:45:48.972Z,MNGgetbGC87KWSH8gZH741Fz8d9oXKgjaqu9E5sb2JiFqn7jPJ5dVnGPoB99vw346dyrzKuAPoumoZ1Cfhnvzuj,272804420,,,0,0
2024-06-19T16:45:48.992Z,664eKL2DqKS2A8osCb269cJJhqq8MbsVmJD7gVkggWcdq9VvYaQFdd8Zeby3F1EArEfjqfJsMxZDnywPMA5bw7XP,272804420,,,0,0
2024-06-19T16:45:48.994Z,54YzusWCe8BtEdZMyNeVnBNs6TfiVRcPHkWq4BAbKYx6EDesuzAign8UA7Rtv8EyNgeGr7mEwW7741xVFZMZU5k7,272804420,,,0,0
2024-06-19T16:45:48.993Z,5xcKw4xYoHyJW1Dw8jFNdXAfBTc1JgPYHMur3Ed5kYqxrbEqAtX2x86o1LU19U1ntWJGqKuiZwYoaSiY6nRcPkf4,272804420,,,0,0
2024-06-19T16:45:48.997Z,278TBU4rdhrwp5nGNPW2RFXyBNe9XKtu2k1tY7joGjXnRCghh5yxhLNgvNgWvsBkBm2YC1hVwLn9fdfbpvLhTCdd,272804420,,,0,0
2024-06-19T16:45:48.985Z,TXeCffkvvmFTMKZgft3netT4h9eKJ7QXt5UxrBHNWftVjABNc6TrrMtLe7YxbR1V7VUqpgBNw3hS35PYqd3ajNR,272804420,,,0,0
2024-06-19T16:45:48.996Z,4beV1XxiMMRzZ3ddM2VPSb9UQaEaHDeMpoUPbgbtUhJbCzqiGwvR1VG2UYR2YQ1RWiopieyq39Aohw3S7K28NdPk,272804420,,,0,0
2024-06-19T16:45:49.003Z,5b9gT8cPAabvNWYbk4MPhgva1xBuNY5zZ2Boa3PQM68w4kQx5xDiSePtTCvFurxiP1xJVn6W3cEJpHHtQL2BcEnG,272804420,,,0,0
2024-06-19T16:45:49.005Z,3qnTpY285mUbL1J9BaJ7Jsdm7p1z7iwAyyEJExChED3KLeaXChvH9zPsRuZUbGhCRrX89LrQ74zdQu2YAUfjMofx,272804420,,,0,0
2024-06-19T16:45:48.999Z,3rA5k6Gxu436XFHVhSbydEmzA1Q2mqdaCSk6YUXr2WPj8qDWGqFF4wCUQ79wjgVhheExZxWacbp7tQD1s68jsMvj,272804420,,,0,0
2024-06-19T16:45:49.001Z,3HZcEBzTrGqxDJmMkBNMM3M69Y6HK1Xvw3v44PfCueqwN1j8Fy8aPUTxR9Tx6NtAJdR69M7x4wxJCVv27ESuU7D,272804420,,,0,0
2024-06-19T16:45:49.009Z,2Pd8ahU7RMQTpjfUQWJdbXP5st5B9wftFxGcE2rbpMdSJQuCFw6bjpftSnUNg9DbqTWqEqBmyHkJefESgyJkL9PY,272804420,,,0,0
2024-06-19T16:45:49.011Z,44j9GoF4ad22BwzEK1YGpnnyMQCi92i6TDK3ZhPQgBbd3XPywBsP9GKcbbFgPeM1V17WbGaMHLLULLTqTvv9jhgY,272804420,,,0,0
2024-06-19T16:45:49.013Z,2ZjbcF3ucsE3sAw3RJMRs4drVNt52e9K6EeTc5h93QtKfyToRW8jCeaqKyTRVvn8RBE4U99SEPDJrr5ziRWzqPdV,272804420,,,0,0
2024-06-19T16:45:49.016Z,64JbfmNzieKkgTKktbsSjE8agB9ciUY4boem8M2CYin499vmR4Djo1S5gZEiqjFNVgVXYRpnMqEjmwEV16zEiL6e,272804420,,,0,0
2024-06-19T16:45:49.018Z,XgmB5thqH7x6e1tcfy4PV3artEJKcS6n4DNAgMSqjiM2WvvFApqPFyRcRQorr6PUefbcGT5H6ehYySannmoKVhQ,272804420,,,0,0
2024-06-19T16:45:49.006Z,2HPhLEdrZsUNmemHuLSt3pEbtqKPgBmeWzjYfTdc62FxERmKc8LmVNwGxziqhYVKqJ5kq2unBSGSv38yGwRwFLNF,272804420,,,0,0
2024-06-19T16:45:49.022Z,5QzUcjfDRy1wR9iNG48JyHhdas2bkrTrS6gjNam7E3kBnN53ngrrFsa86mRPgEZiDm9RK8e2aHm1DCUJwaRC914k,272804420,,,0,0
2024-06-19T16:45:49.023Z,gFYphRutYD26mib5zmYFpwsSuvWT98KfruWngMd1QJDWJXERkBAbCQUcAS7YoRLnibCe1TJfQQueJNV6U1o6w3M,272804420,,,0,0
2024-06-19T16:45:49.019Z,2uz3Gb6rrqchuBRUeLDykGXf14vXYQQpNb1mR9pavCCnqazkvKc4cppvHjSmr6JCKBMYv2QEaztcEeuAVouJGvKQ,272804420,,,0,0
2024-06-19T16:45:49.028Z,56rWryGH4xw6mywXPabLKhhhHqUprZqDddRtjGrwSvNeCT9XqJxDj2zHe5fnRY4Q6vvhaFGA6iYvqjoGuge7GYPL,272804420,,,0,0
2024-06-19T16:45:49.024Z,2rnFwoyt16qmKn1Daee9eFuLochEs8mhBePHPn5v5afppZMkFX1gV7AGjHK9PqCsNW3SKjmDjGGteHrLKhsLRviQ,272804420,,,0,0
2024-06-19T16:45:49.026Z,4ARbABoxxmZRFY5tAowbWbBxcurL6MibwqBtALWekefffuZuZUhuP3ja3MkJwEEDm6myFyxiSbUGDE7JNfcyQw35,272804420,,,0,0
2024-06-19T16:45:49.029Z,4d2hN7hMQiM7UZrppxZNqqq8nXMDayMpu1EkC3R9SwJrofQfhXUKeix6xr1dT3F2X8uCb6HMCuC7P6XThswRRNeo,272804420,,,0,0
2024-06-19T16:45:49.034Z,3xVwoQppPv3SaP52gytQhD1bTkszRvfCqanVmFvmPg3k5sERrzgfLESbNPSmnUsp8jXPbs3d3Wk3JzQek6Ev6z5e,272804420,,,0,0
2024-06-19T16:45:49.037Z,2aZwwNUYKyfbZ2h1RDM7bcpDg7wTPTJunXWLJSWNH8TGYz6E3BnLjVNTpR5UEak87fU3MTvg8CdZtZL8usPAjz3t,272804420,,,0,0
2024-06-19T16:45:49.031Z,3xgWecCotcHPtKTKsSAd2W4j3egrxdzMk8DgAJiRHTuB4mEmj6sQ3D4K4tSD3KGwjwffjCm7EkiTeLtKdqV3TYXw,272804420,,,0,0
2024-06-19T16:45:49.036Z,47aVnrtHRhBPovCzWDDMqvp6FNEMxJ5kA2Ezgcy5S9oEfWaoxy1ULim3km4B2QLqFgC3f2x96t3TMkdj6m4DaiJc,272804420,,,0,0
2024-06-19T16:45:49.039Z,3dPGHCQtek53MW7mQpfZ2gTLPXZwMx56QgUCxPjGKtoPFkGv7U5b7wKtKBrhQ6hSGaNS4YwVe68RGwS7xdKPLSws,272804420,,,0,0
2024-06-19T16:45:49.041Z,3W8rJAvmyk7SDUJyX9yWAbaztuY4DJwNPCbxUMwLznqGiyt46peMqewEsMDmZpvYK3Z2EWvh5b4Eh2rDP66wTUiU,272804420,,,0,0
2024-06-19T16:45:49.047Z,Ua4Cpsv5kf1e6g5efqkE3UicN1epQ6Yi1qgizFEKuLAPAWRR86dTTrfLXHJ3cBD25jAm8cex1fRwyohZWg3n9cu,272804420,,,0,0
2024-06-19T16:45:49.043Z,3D4yxoaBRGgjx1Jx6QuP4vHZacLEY6SubHYcboAEA65d61358ER3U6W1aYj1mN56nnr6bqHyC2ndMjPaHinvJJFS,272804420,,,0,0
2024-06-19T16:45:49.051Z,3UQMSY7TXkMvnTESEwmcga4PrCbmiAbEgK2uwpHnjQooiJmZpXsnH1cV28PbsgpFXENQGtgu18kQdpqw4yc3fJhW,272804420,,,0,0
2024-06-19T16:45:49.046Z,2P9LvYhvsRU4rgZbNRziH8T3XZVhUHoA44wfGjRwL1AbQusN3AhmnRchbJPr3tQzLmNVdpix7us4a9AE15U5A2LM,272804420,,,0,0
2024-06-19T16:45:49.048Z,29WwCtcq6HoiTb7jjzje5jwfFY37P3Lfjc2J1tuTX3JYC3otjt7ZJdp1XRLHEZvrK3d2fx6YYwYQHnK8iHwBkMaZ,272804420,,,0,0
2024-06-19T16:45:49.053Z,JGGugxrS7qVpctzggCzM6qYSMa1LybUnLXQ1kfRjMKidFvrZ4EtLYTqbf59PASC3YwncURzLyPtSZ779N219vwu,272804420,,,0,0
2024-06-19T16:45:49.055Z,2FyKGFpYPqwSU1xfbzPUMvXETZ6vYCcCjGUV7kW5jYGHokhTMheYfFguqXVCehcnu6jihsqfhTQE5orfK7H3axRM,272804420,,,0,0
2024-06-19T16:45:49.057Z,3JAMJKdgUK7mnfbkEjCLhrSqFvsaa9bwDLtf4d9m1cUDyth1EhKVx8rzhopvTkCsGRXp4EpZxTB6MQNbksFyK1P4,272804420,,,0,0
2024-06-19T16:45:49.060Z,2AMUwsNhun3zbhaeugP7UtzmsMBzyA7n4qDibL9jxHRjGQCZfDKSbGzdzPNFAz8NC8gTx2V4j5Wp2vpPy4ZJX92v,272804420,,,0,0
2024-06-19T16:45:49.058Z,3bhsGaEHsDLhnD7ixdrUNEXxdeA9cgzerPATSp2bK9RNUczDamcoeXSAFK8RqZF7xZgB8Miu7tmLzYCS8QufgPjx,272804420,,,0,0
2024-06-19T16:45:49.056Z,5Z5bPecDTJ9pUjg5SNbPTWcDMT7b2gYfdRa3m3BvxbAtrU8PYHiV4rEjpEZycqKw5g49pfpHCwMra5VPMKgvftyK,272804420,,,0,0
2024-06-19T16:45:49.062Z,2iDXbo1DbBaAq6FSEHEcdVLvUmiFEdG5CmceXLtLSCYMTM3SUWfirm6tp5WJEfQSAvMzZZaVHLKoN7KKsjRwZYk7,272804420,,,0,0
2024-06-19T16:45:49.064Z,2RNhy1ScAa15A2RRi4LQVJUAjzbTAi4qBTJZU3F3qHUxuwXHmvZKfx8DvCr512i7Y9eLgbk9AnH2TkTzHf1ih5vd,272804420,,,0,0
2024-06-19T16:45:49.061Z,3cUbuKHBDPoav3nmSLEZdBELJ8UXovRuJj94RWZFsRcZxL5xxtaHLZrnfsMrzhNxDsXbrV1g1aUYQh6rsUYCcYsG,272804420,,,0,0
2024-06-19T16:45:49.071Z,4aMmqB1LK2gPT3ndpDr81B8dE6zHPA5nbD1gAv9NDXNG1K1WmK5J8yva2Vjjhr3UGvusBuz3APsYVmMK9tKgyjXh,272804420,,,0,0
2024-06-19T16:45:49.069Z,A3BT1xbwjS7jUH9Hq8fqw72S1TKPqDS75KEtVCJgrq9jXRjU2q3GmVh5yKa5P1RYvU5X68roajVibbpxLVfbxkX,272804420,,,0,0
2024-06-19T16:45:49.067Z,2ytqY8z1NquKLt89wzhJvAc4Yg4AuKSwzCB9A9WuvXc2HH8ikRN7pVLcy8cvSrfS8mAtLqjALWRo57t4iz6si9ee,272804420,,,0,0
2024-06-19T16:45:49.076Z,AkUfq4HLLLM6a3c1mUJKHt1GRh1rvUBWgE6nr5GoSLQ66fEcc233r5k599VJgVavqkgVAgP5H6atgGDPc1A9Sc7,272804420,,,0,0
2024-06-19T16:45:49.075Z,2iVLRBCHHw6xhcxtADuJKKmHv8uqWrZPTTRMcRS7soo5CpNsxNpFYhug7SXqQRsuM7PD2xD2DcTbHiVuZd6FdqfA,272804420,,,0,0
2024-06-19T16:45:49.073Z,Cp2vF3gSb4xH6gQbcu1Ascm8gByqrqfFfRyNHHNSbMEJbvi84isCnMGpXYbCbrQqnwVZfTKEHbDgnu7eyn1u8L6,272804420,,,0,0
2024-06-19T16:45:49.078Z,4h9qXhjKVR8aVm831rCj4npSqqDT6tJr5WJdbCvmsML9qv9emWLqP6LkAr4jowdS6M5r8iiSvuNfsd9NG6gFfqL4,272804420,,,0,0
2024-06-19T16:45:49.083Z,4SMoBiXm9Getd9aSyERtdR6mjQrjQ2QkrSZqnDgCrQMKxSFzTgrY6ETX6aQwApRrYTWsiJCF8f1GuwSEBoviEwPy,272804420,,,0,0
2024-06-19T16:45:49.081Z,3ANzPqKrtALodu5WuPWYsozAcCivVPvCfzFa4ZWknNNL6s1DSPffkLgBgxoh2hAfTYpV9hvVYDXuZAyRWK6HUAR4,272804420,,,0,0
2024-06-19T16:45:49.079Z,4TAhoeJjKYi7LLABdnj8G7BQQ5AiyTZ2VSnadtrrA5cdhG9Zes3YqtRH9sf9DY7ZdS5hhWvu4ne4VbA1HpEKWfEx,272804420,,,0,0
2024-06-19T16:45:49.085Z,5sParHngfS34576qaZCSEf6vvHMC5rfKWQygPgy4DjrCcbGQ5C4CGGmzgkq3H5TRoj42Q4rH5MgV2eK6FAAhvwN8,272804420,,,0,0
2024-06-19T16:45:49.092Z,3jECpC3oieKvpD8zSCAbf9qFyeU2KHQnniLuv3z4kBBj76dJkyc81kxiXjb2X8GMD1ydKVTpqiFTCGCa7j9TkkEq,272804420,,,0,0
2024-06-19T16:45:49.087Z,4oD67KX83JT7q8CZeRusXX4XFrijMfmxKGHv22xx7N8znN9GfvY7japUU6CWXq6Gxn88UQQoXCvqLgWV9j7sHvy5,272804420,,,0,0
2024-06-19T16:45:49.093Z,dHuA86pWA3dZgEnaRuLo1sT4aXmgeDZBRGF1w1KBg53QsTnFdHRARTQTYk1Akb1Zz7mqHsDe7H4ivjiW1YFo3kB,272804420,,,0,0
2024-06-19T16:45:49.090Z,5CuovYjP7KiTdXKCBbHV15GhecmTWYsgCxkGxN7CBEUMTrTZp3zf1idEfUkXBDxTiWenpEbCMAJ2Q6mPwDfvunM1,272804420,,,0,0
2024-06-19T16:45:49.189Z,3a9TZhtD44tpxpDt3yagbSUfFcniTuczpPEt9v2n4nNXq3GTDBTqupAFpzdm8DapW5Z4nD8q81AkoXLEA6W2zRbZ,272804421,,,0,0
2024-06-19T16:45:49.194Z,4R4nxCsYNrzMoTA636Hfb1Nu9w4jjmmxR4tKgWn57SSJM6BEYAYWon4zyFx2CuV137g3TDocc8g9KLNVwDeeMzR9,272804421,,,0,0
2024-06-19T16:45:49.191Z,2Zrrk9K4FA1uinnPc2jbRXjE4jYG6k1mUMV6vL3WbtD4PSAZ7nzC326kFBSoctGivnTVXYt91xhtV5B41ocmt4Vi,272804421,,,0,0
2024-06-19T16:45:49.193Z,4kQvp63718AWDpuBnSo9KvKC8wqmjmwFVmvkBsUAsHUjyY1WDpxPb4vq9vRRnARXutg8AYR8tradYS95XYQmyZyw,272804421,,,0,0
2024-06-19T16:45:49.200Z,2ZwfjFjYrsHHsPvrNA9f3UhBFKazMcRa27YSvxCCfhD4p3CsVEwTdoDXteK8BBVvnfqM8DYKjMeRn18tNyPsP58C,272804421,,,0,0
2024-06-19T16:45:49.196Z,tqoYG4VX7TxkFDPhNFxTg4zeVrSG7yLBJNghWf7XpCkNU9mw8aqHyD3MeJGqGJpNy8u39CHAtvaagEhx5Tk3Toq,272804421,,,0,0
2024-06-19T16:45:49.203Z,2LNcadhkHj2AmP8QB2N31B5Ajyk7wW6CZxMBhrsNn9pYLdBydisMum3WdW3pB4JyTCnRYkvj2gCJyyN91QtBv45e,272804421,,,0,0
2024-06-19T16:45:49.198Z,ZM4JMEMhzXwvthYY8HdQv4D1Wx3pf4rim9ufm23j6wbQ8ECr28Mwep3VqhAZkNYBPqyu2aXxhAueHbkpk6HoNoR,272804421,,,0,0
2024-06-19T16:45:49.206Z,3UCdn5pPS5YyjzqUeA3GRRUZGYqtka7tsRUENkZsXwfkyjccfMVQy6N1xMugAcTvi74RtGdTv9rNHLQtKqMPRfK2,272804421,,,0,0
2024-06-19T16:45:49.210Z,uCpHPjH4zvpUwx8hDxkCjcPrKi8kRLtc4LvH3KkFfX3GuDg1wkTAehmnK6cQmNQYGRr5xuY7YyqLnVuT95BCEdm,272804421,,,0,0
2024-06-19T16:45:49.208Z,3xSE7VnYxkF6MYqnayS2BbuKkpMk4THRuApTNR2CXZwngefFroWYkUZPHi4JtM66WjnZRjdNvXGcKJ3gcB2uyeYg,272804421,,,0,0
2024-06-19T16:45:49.204Z,hbHpGpDjfshhTYtPmFfU9ssVyr6aFpnjCczfaLKNsNmj1PDpvyZobN9DMTnR6H8TTmWTWY8Y8fWJoRrJ29NSL2f,272804421,,,0,0
2024-06-19T16:45:49.213Z,5WihXn6AURNkYAUzZA4CBK7hDmHt5KZGWwLgxRdyQiTba1wpWdigCA5x4dwPA5jzPAwAsQERW9oN2barSELtFJtQ,272804421,,,0,0
2024-06-19T16:45:49.217Z,3JeYEDGYGu3jq2mpkRA1RrkJxLV73tzxU1cJhkHkkbSyRVRxr4BSK8ZJ5t82Zr9LKUFwLJUWeGd3Z8wcEoMeFZaB,272804421,,,0,0
2024-06-19T16:45:49.211Z,wGQHX43j4PtG1FzQWDPnycDd94LLJLZ2om97s5ALShZB8kCv9Ke552wZwQFfeiBvfWsumThdYYH18D8VMcRbHEX,272804421,,,0,0
2024-06-19T16:45:49.218Z,48SJeXEZ5Xg6jeo3APUpzAAqoPxA8hu6hH7sQK7T3BmT4Rart8sgj6nQ8rPjm9iZVZKKWSSYuy25As9GsfTzTy8q,272804421,,,0,0
2024-06-19T16:45:49.221Z,2Lebfp2xsYei9up1hFjVy1fcNLueacnUBqUMYkspxNLCcBjr9qB3MmFToRBWMLTKQgNpDaEinMiXK8fRduBwUmJk,272804421,,,0,0
2024-06-19T16:45:49.215Z,428ae7JEJjdAoUSnkyLLMDfZiReXwajbC9bejUSmdivF8eBV4dqXCeBGaAg5q7crdjEqGyZWcWFLgq4cTU4vkkdk,272804421,,,0,0
2024-06-19T16:45:49.225Z,dzCDjWigGvtiEwmxW3PbtfgQ7XxTnoUMtpaWom33jmYuUfRQ5fSNFYnmUCe8dCiZ9fyybLkEpcwt8RnfxmH8YL7,272804421,,,0,0
2024-06-19T16:45:49.220Z,2TivDJ5FW3eSHFHJ842TjrL4ZrFURr5WehGfUBSaqTCxzTKaSFpC9oX64K33h2K4WSqGGyq6vWxozDZ8h28TrgRz,272804421,,,0,0
2024-06-19T16:45:49.228Z,5GpC1mPmyFxL5dXxr1wZfLioZLDv532Xc6EnLLwygEbq7JbqpYSKNNiNyRMgacsqZWvZeD9QQ6g7tooCuiwLAVed,272804421,,,0,0
2024-06-19T16:45:49.226Z,3EdwFseMRweNt6pCPdBMqAhn8S6rjfdQF7T6jTNVvTzqLUZVBjAKdQYmbxe7XrGGEtf6dx6H2iMR7HgzoDkhQq6k,272804421,,,0,0
2024-06-19T16:45:49.230Z,qA9Yf2Z6ANffBN2ewZ5VikrLKU1KdnSCkhjtqMTC3ZQCWzHM8PX2mKfLFcpMcuSCxZJZ2LeE3GTdGwGn1FqVdiG,272804421,,,0,0
2024-06-19T16:45:49.229Z,3ZSwkbG2fW25xKbj1oQfFZMnsXL87CQKQvLwNJrFWoLUbRCW27naUexv5sC2ESgDuoYmHCe3vAjZRvLYUKhFXCJK,272804421,,,0,0
2024-06-19T16:45:49.233Z,5aa4rjiJ89t3YDMorSxk1uKKc1dM5T8dWV8wjgkhc3SbAoibfJoeKC5tGSnVYXbyEZqZYBN11fdXrorBvm8t8jga,272804421,,,0,0
2024-06-19T16:45:49.223Z,a7Ks53fnCrzUo1mSEy214bHLGNnKrgHGQ57VjvQjkE6FAWaCzoiW1Y1SbeQcBdZLE7YHjfr2U2hZ8vHYMGfd4k6,272804421,,,0,0
2024-06-19T16:45:49.235Z,2rQ16AqG7mLa3crgUFMWcXmnBVi6cKmwRHf1Q6AbCLFUjVfPWDbQAc2ar8L3obdkwyEa2fEYWcuS53uAqNFsqkBJ,272804421,,,0,0
2024-06-19T16:45:49.240Z,3jL7Px9v9twXqN6ZdNzipsL75ip9cCrp5NotyPC1Uh3tdjuKppjoAKeNk4rzWyEKjLg7cXPkW1BxbU57xeAHVmh9,272804421,,,0,0
2024-06-19T16:45:49.239Z,23C5LaBJ2LSLoMi5ARg1AAYfXFKV2m4vtBxAQBnEEWx7oKffgyB5YVqfCrcjP2dmtzMJmLMEZ6vRTJkPvv4MeEaH,272804421,,,0,0
2024-06-19T16:45:49.243Z,4QxacpN5Q9BabQVFLRVQnCDNZgmUqxWAtwT4K9F2gTx49ReERheGc79qeD6H9zvd5EFvtxmYqwpmGWge7aG9ZMEe,272804421,,,0,0
2024-06-19T16:45:49.246Z,5u78gUtu6cJ5EhaqzqckKQfVCJN87u4aDXroDP1kt1dTjtHH6BkY3EJVyyfUo8JQRo18XS7iUjtW8iGJZBLW1sbR,272804421,,,0,0
2024-06-19T16:45:49.237Z,4LaQW66tSc3hFoGC7vRgbBDRsp1f5bkCVyyvXEfkfNtx3WEZyFUQMDW7dhKGtw8FsdM3aNv8EgFWhqNW6wXcT1vA,272804421,,,0,0
2024-06-19T16:45:49.248Z,YvZrqJMLuAYBsDupYZjGEXwog2N5Em9fdmuKLGDXQe5hj2bL5hpoPi7icWXgxNEd915W3cCBHjwoVA181Twozas,272804421,,,0,0
2024-06-19T16:45:49.249Z,4ik6vWCb3jsf1cPH8FuorYucaEUGm1idh8iUVxirchrgp5acPFP2QavRo7xUeTxhFRCtLGL1zarSWHmyXDzKgMQg,272804421,,,0,0
2024-06-19T16:45:49.251Z,XDe6XkJd5PzU9GppWR5NfhySpMDxDRmB36xnsELb3GmdLFAaaY4G2AqwwssUCLxZ1YT2Q8r78xXxNEwZSX9tGBv,272804421,,,0,0
2024-06-19T16:45:49.253Z,38GTEADrfGHT23t43fWGDkXtcqt2HZqbFV3WMHnnPwExHASXKkSeeGWGYZiiwAbpNAYoF1uzpi5vvQu6Hwfjn8rH,272804421,,,0,0
2024-06-19T16:45:49.254Z,3whZoQSy6A6f57h9iQnuCXMXas1SG42yYdDiFdkDRA3HsBaht69pQ96TdN7T2SoJXtiZhKh3Xk5FQwbhWoKEJMGR,272804421,,,0,0
2024-06-19T16:45:49.259Z,23519F58WQ88U55Kdcsk8A7DVwvMNupw8A8VSzZxewkxPJ5PUxteGUDY6w4n9yPkBxGfgcedeepyPdVfyaUD7v8f,272804421,,,0,0
2024-06-19T16:45:49.261Z,4jPNTSoWrRwn3dBCxJRofZ3u8cC8jeMaRgu29477wa3sCGtSvctxXqM5HcSD8eGsuzisV5Gc8uGUDZ6TTqz3mpbN,272804421,,,0,0
2024-06-19T16:45:49.257Z,WWNfahUcWM68qorZF1BmPdBUxrtDfW4uv9qU2htGpCqpwdAeSzaZu5AfrS6eR7xXwVv7kxU3ZRrg8RRLC5LWEtq,272804421,,,0,0
2024-06-19T16:45:49.244Z,47roxfoDt3W4bAPCcVsQieX5pm2LherLg2xev8Qsco6BbDTSQLDU6NhrTLmDKdEs9Q5rohJ6yMBSKW6nfm2ECnGa,272804421,,,0,0
2024-06-19T16:45:49.269Z,2H4FY5BrZBvyDiJozkLcWMgBRECcsuU1c9YBNZttQ7L72B1miqeseTY3GgwPBAyXbGH9DS79zKQzJNbZUxUZvqT4,272804421,,,0,0
2024-06-19T16:45:49.265Z,uRpEznKsji3RVFh5qusBh3oBCzACgGrQEdCzCpBPwaACBrL4kEiUNU2rV8Xk2dQAuqHKFKW7bSB1L7PmEo7JyEi,272804421,,,0,0
2024-06-19T16:45:49.270Z,3CupyWV71naShGzBSMx9nurkqhmkSuM2ort8RNQErpK7AXGRWduDpAGuE17TtPpqxnvSesZEihnezgmxdbFtswFA,272804421,,,0,0
2024-06-19T16:45:49.272Z,5apUTR2VogwXAoD6qAph7egA6NnrU7mmcc9tr75QvB1WdW9kpqtwvQ7RY619TSANkAYoBKFCQAk8RjyZaNmG2vAx,272804421,,,0,0
2024-06-19T16:45:49.274Z,yDUJBPTREqtnwhxPvtG8gUZnDMCvtqKBSiuxV1XENSyAFAkkn2yFiAbnGLE1uNBPsqrmJsFN3dyYU8VAcdEkC6K,272804421,,,0,0
2024-06-19T16:45:49.278Z,3BoNfpNHaRTjvAw7ddNatLan9tobxxwHfwrf8VJEboEiAFxYnsUtvAamyR9MKtmvjC323dD1778FrRXQBhmsPtSb,272804421,,,0,0
2024-06-19T16:45:49.276Z,8v3L7gw7HPKPRd8EKJuMrwCCHjUt9PGKRwDd2RDs3ea7emX8YAuzfhnUFyj4QybVsT9fgz1MkhQzBgL1q8fVMci,272804421,,,0,0
2024-06-19T16:45:49.262Z,5szKbW86ray6EoYkWFF6Dg149dPPGUPxc9hUchHkjJGktoGVDfT1Yp8GMTDZmL2DS77Xr4u1QooFQAFRd8mpqeme,272804421,,,0,0
2024-06-19T16:45:49.285Z,2fDBstuHQK1rvEXMG5Vj8xEJvwo1XifWevs1CFFa3Lm2yfFS4LudLQihzCy864nUEVpzqGpw9inLvi7DENqLjb8c,272804421,,,0,0
2024-06-19T16:45:49.280Z,2qzP4DrBVsk4bfc4d9Y9GngPr1bScYgS4i3w7T8CPFSgcnRPx5snEW5988WiLmE2faTPLW7QyZQwirvXixAmygYZ,272804421,,,0,0
2024-06-19T16:45:49.287Z,4dRcY4HBxLvYa9BCdEWnmexzXBGAF2rvqsUbXoRSsNKCDUtsYB5BVQPcQXRP8DhWbVcJndwkajXjQ95MsUNByHsx,272804421,,,0,0
2024-06-19T16:45:49.289Z,4qYZWwoAb9F69xCFtpt8UBd61zkVFTYrsF9tEN4WHG3tGiFvuRyQBVLaCxHAptGpFdAFhAMGc8DKcNFcm74FHvXA,272804421,,,0,0
2024-06-19T16:45:49.293Z,3Uiy8Qx2hj7DNn2sdtHP95DDYzzLWTemESJK777Pmg69KCbCLM9akvfrUHBALiQe26wQsqicmc92maiBPn4a4nJx,272804421,,,0,0
2024-06-19T16:45:49.283Z,4Lg6JXq1SdP1kCDSEyq84Sz7tn2fzhb23ZWg4mJn4tGN9ekVQV1WskUcZqXSyFM4R9rvJ6wnURCwDurFqKFSNPK,272804421,,,0,0
2024-06-19T16:45:49.291Z,35E4oN9zBWYaUD7YoRQs9utDRrXzXRw1mqt5dusYrfuKPVNK1cEhRD8cavm1S5QSpeDXwKHvM1EPPQHFKgdPbyYn,272804421,,,0,0
2024-06-19T16:45:49.298Z,3ze5wJ8E9vkhX2PD7dWhnFTWRKjXVEZhrafBCxBXNcmu3mBMLhgAbjuhfFAg58bk6BbzBdsYLcWCpGxCVcmdWSwy,272804421,,,0,0
2024-06-19T16:45:49.295Z,4sv2Hr1ZCnengW3r38ScQWLfr9ARxEYMx2VS2qjjUHeaLvGuS1gL3SkSHNx2LeoVhs9ApySThU53Sscs2Na8kiyF,272804421,,,0,0
2024-06-19T16:45:49.301Z,3TVYxxVxCESboH6KFafoeLacjWgRXcpkGwa1UZy1oxDBk6Y6SpeeKMWxNSSEkKrdWG12yLYkQhFSNeX3RfjRPmmx,272804421,,,0,0
2024-06-19T16:45:49.297Z,5r7Gi1NyJFLRsGuKsEwTWjkCjAFYkqs8WYV7WHsYjzys2dpj1L41UZgPjrKMo3REDh6fk29DP8nkhJYPdATE1Z1x,272804421,,,0,0
2024-06-19T16:45:49.303Z,3oiSnx6SPox8upTZrY3zWm3GWokFTWhwk2CqdYv7DiqjmAnGcVbeFtVVYZiebXpdMbMrzqVrjQhb3nbgkGFmEBg8,272804421,,,0,0
2024-06-19T16:45:49.309Z,3zj2FH1NnPm2zutCxBYdE7cXgUGpqo4pv3fJQjpDZxuMt8iyaDy71MSSs6wammbjDNQut9Wj48hG2vQt8uQez19b,272804421,,,0,0
2024-06-19T16:45:49.312Z,Z9Fp8uKVau9PEMLLaeMfrLU1dZhRd8qjXyr5wu3pX5yopB88HijemvaFugXV9pMspYm27rfWGtoXiewQGnNzwyh,272804421,,,0,0
2024-06-19T16:45:49.307Z,5d9Re24Y9tsBB72tYJs4ywbAVjBPhgfKVD9jh3435M876TbQ4WPqoU1d415vxDgb8NN4S5fVRw4Tm7CphxFL1W2J,272804421,,,0,0
2024-06-19T16:45:49.315Z,47uDWkKwDn5DT6iqUjNSKFrYnwyaufHBsCde5JkYA9fkb2Kw9QWn1vVPH5KR4KNRmibZacmDcasayyQ1xxzNuvnS,272804421,,,0,0
2024-06-19T16:45:49.317Z,AQePtmPmLCxTxoEbsv3cVgrvd2vKXytefuaVqLg1bZtZMMMjEAehtx1LLZ74c5L6mVsAigabeMxpskqjnTT2pAX,272804421,,,0,0
2024-06-19T16:45:49.314Z,SovFyj3LAHFzGKLHpSZwRnEvAZjmaVH8gqkuyRzqNiyc6TbgkEYnCA5G3AZrTkZD8Qqsi6QgxaaU9fDrA7qHADB,272804421,,,0,0
2024-06-19T16:45:49.305Z,2TQd7o5D6aZ4EF138Ww36MZDdgjb7oc47rnCRGGTbdSxxw95XsM7L4P8ChfGL1qXP9DHRgkkMiAtss6QxDNjmj13,272804421,,,0,0
2024-06-19T16:45:49.322Z,3osn6Sc36v9qhYz5BgmaJRGryorEer7c1BHS3PqSg4b9zZ7wWtAWEs9jjqXdMiAENBKfqQn2mARCFTDjMxbq8rmK,272804421,,,0,0
2024-06-19T16:45:49.320Z,5DRKzWoDELHAkLk1AzF73Qs9TcQzjGhPTcK35A2c6KbdMvrfdaiSUSsM1nbN2YSgHfMvnxSNDUw1QWMZveTaYNYb,272804421,,,0,0
2024-06-19T16:45:49.318Z,2tKFGKcDsMWXhytUZiG9bVvoy5rzQLp4q7HbwdynjqeE7119Ry9Jqh7jBSLeEUpHkMP8ii8XRQj3QZpwq3qKdVuD,272804421,,,0,0
2024-06-19T16:45:49.323Z,2HVz6VMeuRqa8TQNJZXEmgLcPo81CVzp9ARZdHZSxojtY8ysFguwY2kTkUycSGmB2b8DmWis6Na2edKLcuQPvnmy,272804421,,,0,0
2024-06-19T16:45:49.326Z,PjNMFyX6y2faTUztqe1Bsy8vvkeBbD5wjtaHRuW9qGpPiAwhZSHirsU8YFQsjiTT8DFc56Ha9Fgd7kZh4u9TEBT,272804421,,,0,0
2024-06-19T16:45:49.324Z,5QA9muZHPM1rPdPTWmzuF3yMNNxyHuzZoVigwqAj4hun8SPEBx1NMhtUYVWmToDQRfSrWUZzwhkZdGVisqLEn6Gs,272804421,,,0,0
2024-06-19T16:45:49.327Z,5SxBRdvcF1dL1V6JsxNVHwFF2xoox221D4sDiLyYdjmmS9c8m7Uo5JVjHqnuLpKG9J9NKXyXTjueWgJ3bZFoqWi,272804421,,,0,0
2024-06-19T16:45:49.329Z,5LQjYKrzz3md2W9BJJhT2TAKCWkFUapWu9iZUi2mRF1vhhpFdwnBWW3J8nThx3oM58BZAPRi82As9tkHLpRy5XsZ,272804421,,,0,0
2024-06-19T16:45:49.334Z,aZZr7p3ns6WSsJ9WRmjXcKy1YxrDF1aRQ8qJau5wpG3VgBGcbtejZTZZ55PQF5Ky6UYuRFcjEwPG8tR1E3efo8v,272804421,,,0,0
2024-06-19T16:45:49.336Z,3EAQWsR76KhbDq8R4YuLzX1JNjSyo24cZcjkGvqp2sLfyczZCyd5ymya7dVaqB5GHLmci4d7E6MHvR4zmzK6xmeC,272804421,,,0,0
2024-06-19T16:45:49.331Z,2YxyuE2TfuoqcCuZptqcZgPUmGcZDK12RcL2uXmRfwBHjwJvikgiFr6ie4L73EYUsijCXYNSEZc5kPrRcuE7dxtT,272804421,,,0,0
2024-06-19T16:45:49.342Z,6czqgHifF15dEQafnQfcxPCZyBAQz5MZAToSH3GKJ4SsSeejdNsBofTbka37xt9Yb19wooJjxHBzmF75bjZwPHY,272804421,,,0,0
2024-06-19T16:45:49.344Z,4d8DRugRZhvZmRLMSffY9xxFfbqYXJgrcrCZwdF5kmMZy2CBvyN1wkY2NuL9MW6xdto1kPX9bc1bu2yztH7Z3yxe,272804421,,,0,0
2024-06-19T16:45:49.339Z,jCzZEPQVwHDR3yTCDjtxDxKCfqbaTayHJqHMq9JibDJVTuTkX7uNBmYiRoZgx28TdgnvWieB8wDz6C4R5n1ogw6,272804421,,,0,0
2024-06-19T16:45:49.348Z,2SeUn5B3gZqeE29UBJEcfsAiARPnR7wKNuBxBnnfHHQYaV7oEgcKNrywMg8SALT33NHQZi9mLn85EPrvQZN6rwHq,272804421,,,0,0
2024-06-19T16:45:49.346Z,q6i8GEQmb1SJRrip4nFeHnnmPNvi4KumcPCGMjx27xa2Hd2thwSDH5HXRoJumG5ZDFSbUghURJs47aAq846BseX,272804421,,,0,0
2024-06-19T16:45:49.353Z,5QsdBP6v8EatVgTZsqEKnwkDEnRwwYRZtxwBpdmqDyP7BtwDVKmZVwsVrTShUtnKiV1PMVXozcqy17HYaacv3oFg,272804421,,,0,0
2024-06-19T16:45:49.351Z,5UDqEg6uXDyQ9in7nm7xG5q6iSpygDJ7zW8NwVv6aMoCciiHwXw3LAGDFdr6h1iJ52FrawnCuMcA8UJMNo7D6kWg,272804421,,,0,0
2024-06-19T16:45:49.356Z,329EPnHoC6tSxDhGXFeUnbBrzE1gYeuLAv1M6k9NZX8JC9UxDhbi6N5cyw8D8mAaASnJiiZEZ3FYWQPwd2B4VYMM,272804421,,,0,0
2024-06-19T16:45:49.355Z,2RtKJ46dQYeyH2u5ZB93g6fM4GkQx7QK8cGVTo2RBsqwPaao2SF3yWkuJiKxjayE6HXggjbT1wj37xtN8svydUm1,272804421,,,0,0
2024-06-19T16:45:49.357Z,5twcrumRpuwUkvmF597kSnTzaxayWDGBTV5V2mgvzy1cwToHe44vyTof5SbS8kzbLnsGAjaMRwckAKrQrNEJPpPG,272804421,,,0,0
2024-06-19T16:45:49.349Z,4VpvASsZfBTYdzmaQdKxyoYS3Q1LkCc3BErv82mBQQrVi9UrTVtsJV8hVq912kkdNPMw9AiPizcQtYfFXpQbuTqR,272804421,,,0,0
2024-06-19T16:45:49.361Z,3yzdfuuZWTwo9vz5p863Gxz7qEDEc2pZyuBDkYjHvP76g33nLMa4Eo5HzEC7TYtRo7YkCNQuhP2JV4uttQb9FXxd,272804421,,,0,0
2024-06-19T16:45:49.359Z,2MLT5PNBSyf5uGNyhddJJe26esiwZYa1M27QS9mvWpMxtrDTNNUYBVSf8rfko4ZHvq536faFYc7SruTsUfgKsaTj,272804421,,,0,0
2024-06-19T16:45:49.366Z,2GAxpRdtSjKEtbDUyem52bJfDdgCpuhRowr81C2puE2e71E3JtsmCYFWKBsYiErzrY2y2MgUFg5677QUt39zTNGE,272804421,,,0,0
2024-06-19T16:45:49.368Z,4bRe2mUu3NA7pCRMTawXxVAjR1YMcNVBykNPLPT9kd36q7Py5XsZsPx1qRsTACq1YmFTnNXx21FSpBA15R1cuQLu,272804421,,,0,0
2024-06-19T16:45:49.370Z,4qDy4EYYeWQJbG526CLw6mZ2Zxwdm3WxveRGWnoHHdtVj3WnUqVNcrmafmNqd2NwL2JrBQgntEUuCbEqz3b3UyRU,272804421,,,0,0
2024-06-19T16:45:49.372Z,4XkW5M9dWMg1fZfZtB9DqrEFKgiDLBaRGMN1vubL6M1twLJ1atFR8o9BeACLfUxKaX2sT95PJZAjXZ4q1Y4QEpFi,272804421,,,0,0
2024-06-19T16:45:49.364Z,3TSfdvhdouLc2vgCUuWxkbZJHaVD9QibCKN8mt7HfBEqBjy7M1ZCovrKHLJQjQaNibiPZUhvkJB9Cfh4g8FynDyS,272804421,,,0,0
2024-06-19T16:45:49.376Z,2SDXXdCnHw2ymEPQqaRudcb1BxtgrRwkGU8eyBGpNMe6DMqBYcFJVbYG61dZTcbKsH3izNYq1jFchMGEoZURhDpQ,272804421,,,0,0
2024-06-19T16:45:49.378Z,2TWeqiQsWP9Cdtk2hVDpHNawLJzAWjLC7C8FPnRiUgTbxDeDGL9HBmciHMK4kLS2b1fkHk7ShRr1gZAkKB77c6Ua,272804421,,,0,0
2024-06-19T16:45:49.380Z,5C6ToB1d3anSpZr8DceZxGuXxJREWCD2Y1tTMWDgJZXaKgwzAji7MeW3BWn7SjjHQ7vkCHR64bLQq4Ux8bAe7fbX,272804421,,,0,0
2024-06-19T16:45:49.373Z,2qBUcqZ8t63R7scE93EBGDaCNZWoPwUNZfwBKTsqDPXsZhSr3V6hLcsE4NA3PXDK4BzskDc7zTdxY4VgsyHPYowT,272804421,,,0,0
2024-06-19T16:45:49.384Z,6t5qCwcnYze5gGdMct21Kq9sbU7qgSbZXzoXUgT3YLAeznR38AXzQC9A6Z9QbwbTYr95Gskb48oy9BeRzqteACJ,272804421,,,0,0
2024-06-19T16:45:49.382Z,ALL5996UXprTwMrigGmBQxc6RxmVLRoEvpJcrjeCfDnGNoBpBw3k1edM37JNmn4CpzN8b8S4UAArqyKdULBDCBQ,272804421,,,0,0
2024-06-19T16:45:49.387Z,3FW2VYXyhpKZA8JRuYekZHjd4gA5zyuDrgFDu5BUHbDa7T5oxGRfikjrEtdgnr9xa3BshLpk3YYDKQ88tiJkbEX4,272804421,,,0,0
2024-06-19T16:45:49.386Z,4qudSXQrNbhog4M8YdbrjX8d5nd4gbQcqrLHJcnih5Bgro4aCs2HaWDXGS6bPFWvFoyAeD7S4YNL6ooE99UkzK8,272804421,,,0,0
2024-06-19T16:45:49.360Z,5dw5B9LSGtYRFgCACyVoFzqn6vNRfsSAyYUtbjDYFWsvDwYNwbNkp2EJQooVkavFZdnwANnTMWcBFaAFJZgNQNFU,272804421,,,0,0
2024-06-19T16:45:49.392Z,3u4Z38HQZMLnJvCHYgfPqcrUXuSnB9UJKUz2ihDX3ZPriDudfVKA17RGF2p9Qhi17MV6QTeR5sc78ppaYJygf89M,272804421,,,0,0
2024-06-19T16:45:49.388Z,444QxK2GAdkeb98PeMhEsPderqRVWhhsQkho91Acctvjhn86phh5hnu1ntg1WBPiq3YxR8MwXpKY2p5Eqf7eoLoo,272804421,,,0,0
2024-06-19T16:45:49.394Z,4GDmEfqe4ppVJy64brx1r4Znszn7ZL57GJp6SakSAuuCDqPvFNURHfTeQ9wPQnFKoUffjVx2wMn1sr6QVJeKpPEe,272804421,,,0,0
2024-06-19T16:45:49.393Z,5oec5UQPJqeuvpLva7djZHeStMwVGUAsBVAHZ2Vf4r5kr9xwJb2VuzenekQfzc1f69kJWLKKLVfAjQWXiKH6KE5n,272804421,,,0,0
2024-06-19T16:45:49.397Z,JRFd2US7oot75sYtkquARVXmEHJj5srbA2oWZizfa2P45Qjn4JMLbSZtB5XbKFXTTUtGrk6pQHt8TVxxrR6ELKn,272804421,,,0,0
2024-06-19T16:45:49.390Z,64QxW8NyuoiyjJKoX1Ze8DydgeFDS4VCMAS8HcCr82RXm3TVf8bpFVtiUSWAJF62jv1wS3sYGbPSfRgChG2GaXFt,272804421,,,0,0
2024-06-19T16:45:49.400Z,48q4Tfz3U1doYECwBCKZmVM39UND3WRxAiZSUgrceJMfRS7GSMEqGy1xYzmrX3xz7Rx9yBPK65GgvugCiHntuiQY,272804421,,,0,0
2024-06-19T16:45:49.398Z,3ACwoKMYyYX71zCfjw1rEuVhRE6bgVvHQqRUqwojKJi1ztrfkipnTKyHJqTKooaocQrt4KKFzZMHetgULCaydBGt,272804421,,,0,0
2024-06-19T16:45:49.406Z,4avezTXmENHtXG7ybCdwWukyiz9BnxK7y2H2sW4hM2a2RNFonahequFxKjnh9hhmGhHSNcYmJNJbH1R4XfRZmChE,272804421,,,0,0
2024-06-19T16:45:49.404Z,5xB4mR54q9BSAbN13R7KAtXfA1peynApcsHzwgnApN4pwtnMb2zW8FcoZTE3PScuQyCJXGMooQhn8bi5N74W7fce,272804421,,,0,0
2024-06-19T16:45:49.408Z,5xGHmWy4CNWXGaAtZ2f3PymQD9wD7VrSxXo4gFZCHnFn25n7mfgejtNEodqzS4QdQpKVSdyDKo7utLRyPu4x4DaN,272804421,,,0,0
2024-06-19T16:45:49.409Z,5dCSUNT3J8itu1qpPh6j1uVNpSbpeCDMaBBsMbqzmAVY3r6adsQ8pXArc77zGsq96m2eSmnfJYFMZAB9BS7RuJ5b,272804421,,,0,0
2024-06-19T16:45:49.412Z,5qFsA6grNaiiqRnMboh5d9SWx5yzKtWVFzbTiFuCHw6nGou6L1AEdBQgq5FEZ9VpUd2kKz7WPXLcSNzQptGeEyAi,272804421,,,0,0
2024-06-19T16:45:49.402Z,2kzRvYg3kriDE218TK9FVX1nSvzcT425rto1RnaSbqmzwxd83ZMJRnvNUUNoWYhgmsHDpPTDzjwb7tJqBDhp1x76,272804421,,,0,0
2024-06-19T16:45:49.411Z,YDDK1SG2b12rUJdSyqmocfVp3Lw8ekrCHBPUPR31PcisWvrfQQQaXiU7e8n5atm9nKFfqgbTot7oKs3YM4f1nqN,272804421,,,0,0
2024-06-19T16:45:49.415Z,3vLB96GTmXdW985HCJ1RuvtKsYFY5CDuiSYF7aYxCHqDctbRY3X7yCdg9NHg8RCQgXgoF5d6uZQLMPLaieMVUpYk,272804421,,,0,0
2024-06-19T16:45:49.423Z,MzLUBeR6FBr1mpiPkMTLmE4wy6ugoMsmLebqof1k8yWCzYrGegUDAiJw3ygremnoTt7WQd3YZmkg6gbnqSqeSRo,272804421,,,0,0
2024-06-19T16:45:49.418Z,hdsde6Z7y9T5tZm71bb5Hvp1NGgY86eiR1JqL1CmdnnBDrB4s6Mx4552mj7wcgkEG1GkEzWLg8DhBE75vPjFmXx,272804421,,,0,0
2024-06-19T16:45:49.426Z,24SdBgkfHQVSoHueRYfKo9YqZiWkcvHXEXdWVN3yGqT5UJk3uQDN1DNVo8ZqLaSWxJcatuq8D1jPy9ZVHomb5EeR,272804421,,,0,0
2024-06-19T16:45:49.421Z,5pwqQZ4yX7EDnfr7ts1zFVHZ66kP9PrkoaYEYAcev3qp1F3NcdnG2iqAfzj8zi3QBDtyxB1h62ZHo1oTFJz8rV5t,272804421,,,0,0
2024-06-19T16:45:49.429Z,4ZkjoFoHmtw5p7JM5bBobT6357YXqPgrtdQtq86nBHcnPwmKQa3tUXfnpX1nZShet3L3suDCqFR9UkvAF1c2Tub7,272804421,,,0,0
2024-06-19T16:45:49.433Z,21fGDhpkV4qQm7b2dNwKuGp2Z8411qtm3ej4TmVxewLNPtyhEUPBjMUZEA7QkKiei3HqUHeu24Mrna2ACR6AxVFk,272804421,,,0,0
2024-06-19T16:45:49.431Z,5Fo3bUj8rVfyNXi7zXq8z2bXg15Fe4sK3UER2VPyt3QVtNjAztcD2YrizierPiCokYZfDLoBrdRP18FrrSErty1y,272804421,,,0,0
2024-06-19T16:45:49.428Z,3f45iBbGaovb5wGxyTKdjG9jzR3qY5uoQtqwxqamYUQaDVo3VEQ9gxgMhPEUAsDgstJG8c59ETkkmqVtkzzsT8x2,272804421,,,0,0
2024-06-19T16:45:49.437Z,227LSG8U4B4nXPesU9dwysikDUhpu7VSuvhJ3XkvhLtQWmFhTDYpwzLKk4AbnfN9byJG8kAuX3SA1gs8FH2q7TDT,272804421,,,0,0
2024-06-19T16:45:49.435Z,3SCyykCJQ2oJDe1r1bT8KBySYCM79epLztZUd1Ve184XtnsaYGd14nW87Yw5C1ZTYFU7NYzawhoQYVmv7nw2nSLY,272804421,,,0,0
2024-06-19T16:45:49.441Z,65uVr1WzwG4oMDJqhWKKQvJN2AKzKcB4mp2vc4q2kUkZt2pRPhKLs6X963a6nazJn47SmNzt1PrxyK2DJNsWZfps,272804421,,,0,0
2024-06-19T16:45:49.439Z,5qfyJqmBBamzjJykAZMUX4mz2hsjayqnZCTFuMv9M8qVMPPWib8e29BvbWCVtraHhNVQ6oaJmvXqy26MPBnp8Qmn,272804421,,,0,0
2024-06-19T16:45:49.445Z,5nX3rvTFkHsk1BZ6HV342FF2Uk7DwD5fda8pcUedYFyKWsdPTrihDZPkuEFKQHXEXcPUSuNKQRAeGm3VJ3whwmcw,272804421,,,0,0
2024-06-19T16:45:49.446Z,2DxFAJJz5at3Y8bPMBnp2tA45bV7MhJNA3VqTBHDaiU8aUK7ZvKzUZk1edX8wPKd2SSGLBWSzAZ6fRhKVj2rTHCE,272804421,,,0,0
2024-06-19T16:45:49.448Z,3QpscGCzZX5RpoUu7JF4tdJE6EcBqAmYk5reU4VHQUqUAFAJsFZRR5QAHWLuJK1dVKHAz7A1Ti34FCySXp8AiuGy,272804421,,,0,0
2024-06-19T16:45:49.449Z,2uhcypY1xU9SP81i7oKkjUXSbr1osPoBQHCGSBYoWAiAv81N9hNxiqVS9kGp1A8o8fGyciuh6tHbnnV8Ch8Fq46z,272804421,,,0,0
2024-06-19T16:45:49.444Z,3zFJKtqXnnRayjMhYCrRY8nWFXQLFgcsCjjCDweZ4QCfwCUqPPtP4c5pJoYVF4CaATSQvmTmWzqTPeqer9MivQm4,272804421,,,0,0
2024-06-19T16:45:49.455Z,9FtywyeWf93WuJG47ev5RAaqG2NU7GbpXcvUU1ScCG4Sbjnqm9i9LbMzjHGXaiJa2zU4TDWCrQBmkaBa8Gb3KLY,272804421,,,0,0
2024-06-19T16:45:49.454Z,SDcPGYXQr3ZJj2CHakKySKPgA2pgzQEDHVnexM2MvF3p5Hv2w2GZeZjApARZBXztVit9Z8jScKsR5rWHbXXvaXp,272804421,,,0,0
2024-06-19T16:45:49.458Z,3fhNgPNfGEvYbQ1vDHMCETponaUr1HoqcW4vW4gQhDDznVqTpBj9XgSYuLQH5dBzHpRdQkGkbKP23EdsqbWQGaqV,272804421,,,0,0
2024-06-19T16:45:49.461Z,411doJqq4eUVQmYTTRmUCBKJHQDUxsxF1eGZotaosjfs1dbgQiG7SryV5ruYP1M3nVL7f9beSSrromJTWuw32XQQ,272804421,,,0,0
2024-06-19T16:45:49.463Z,3wX1X1KypEasDTaixyZtrM7dxMzto4mBGNyFNpQJwt5HsPJTSYnNzG2AsXDn6bzH5oez1SxPMS5LYaMNwoHeuDiU,272804421,,,0,0
2024-06-19T16:45:49.467Z,HaMEuWLvQXRWdsPmkEvzjfxWZoN3ExF3fFTy1YMPHhLsRgaxVqJZEt8LPZKa1T7z9MHy2fNZbL28q1WsAwUTfyz,272804421,,,0,0
2024-06-19T16:45:49.468Z,44yK57Koq8sp1WFc3Z6Z7KiSVpzkWb4pwy2AdtfFDxBRPX7jC5CMA7QMjr1D28mtaYP1oj6giQjetUCEAmqngWjA,272804421,,,0,0
2024-06-19T16:45:49.470Z,3B5LXK1dwfiqK2FJZYfgzREU3FS1nWcGQvW2J2VdAWYejD8HvqLyWyukoQGrhaCg5N1mDTkRo9wgStNWisDneXbB,272804421,,,0,0
2024-06-19T16:45:49.457Z,6FMnQLC894icPG6i4D73deQdkCiCPnUdBpAobFWYcX8FA9Fc5xJ9gXG8BZqKsfLKUuRacWwk4bYoQ6XQPaAaZdE,272804421,,,0,0
2024-06-19T16:45:49.472Z,5ge5KqUtR3wcMZKB1MKadHyLrgA8K7AKtcTGvdLvJU76Fk81a397fg1MAbptCgfwqNBbgSStBUKxLwEZu1QJxQ4U,272804421,,,0,0
2024-06-19T16:45:49.474Z,4VErS2Db5wEyJL5j1qLNfiDidRPsMjmmtHPDfgE95UGA6bpV6hDvpd8nikYh44wqPxWhEhcaVs62XknKQh6y4JES,272804421,,,0,0
2024-06-19T16:45:49.475Z,5n6cF5NdXD1Gj1rEL9zzsebENJBgNutCPcX26XYw9sYqtYTZ8Fch4Zx9PkS5zcFtdVw1TynP2uC3JQPUqSQFLjMe,272804421,,,0,0
2024-06-19T16:45:49.477Z,2u8WDwn9WqNKAskEE1PZM28eLfv2N8xDFjmob9yZJR8zeByPeaFM2RQhk7qpugHkGhNZs6UD4hgSnQNuUB9bf2fy,272804421,,,0,0
2024-06-19T16:45:49.453Z,DjJBFgMLrwSLQiyw9mkDLsKYit8YNRp6koG46rAy7wYu9j7yE7XCsbYujNQ75fap8BYwYLzEofYEtAJtpLr8v6m,272804421,,,0,0
2024-06-19T16:45:49.478Z,5SC99ARNHcVE4NsGgsWsBjFZSXjY2iujL79tUFAjs2FVt9ymEU71e3NkYmseher5dfZYy1DE59bKJkos5ZdxbkfS,272804421,,,0,0
2024-06-19T16:45:49.473Z,2n1PweGwV682JmBTFgHm2wJpmxFc7apv3uNsa5Uz4GSjDiPLzXiihSpnM619SXfzqFc8C9V8vaJz8L7enbLbKUQs,272804421,,,0,0
2024-06-19T16:45:49.483Z,29L2UAcK8NZxx43NNV1EVFP58uvBphhe1r6XefHtNxfYhTU2a4qLs4427Jc3rgCyLbTsmM1zZfyRcBsWW1bT5W9f,272804421,,,0,0
2024-06-19T16:45:49.481Z,5K9BpNzitd5P4Ttjde3mKAe7zWWtNAJVhgftzYBKuSzASTTQmYk51VPvCfQhHN5gZY5cY7atUWTDM2dPFYwcbFTo,272804421,,,0,0
2024-06-19T16:45:49.487Z,4VLHpWTuQ44oGwk8udvkrUPqA5mcXpbRHuRw25WBvdvWMxN4ByBn57awztcFDYAJVuiipe76zEQcjHce3d64izro,272804421,,,0,0
2024-06-19T16:45:49.479Z,3cx8DiMRhmxE9mn4E2n4fYQhLQVsN8xmGHNT8KsAcUNKF1vJix7gngoiARbAfK4okVjHKCKer25o7oyRKXBmsi9c,272804421,,,0,0
2024-06-19T16:45:49.484Z,4h8m6AYbYDQWvvHJGptXzQeHScoTRcuc58do4UPG22ZRrDxLy5ym3MABPmTEcwJFiKPoW2RRTPAHsBmaPC5TdGVM,272804421,,,0,0
2024-06-19T16:45:49.488Z,5kXc4Pmu62yVxCuteJGrTqffwXKqZwMBHJnqU6qtubZAKvY8ZDY1vByNtS9vfrpdmv25LpbY1fAv3tdtWhZ3T5kB,272804421,,,0,0
2024-06-19T16:45:49.489Z,2uQJekn2GsM9XNJEe4s55U4GZixeiU17tQBVmfnh8nNwVN4gSprj4gTE49aAR9U5rcxHWRbML5BPF5SV9UZkPEQR,272804421,,,0,0
2024-06-19T16:45:49.495Z,56FbLpvtQRQVbHtXQxtBTggKfkwiy3ne74khAn5DCwoYLXVtqgAcon6MmLGFnRMDjS9aSxegTGky8rDEEEWvgMDz,272804421,,,0,0
2024-06-19T16:45:49.492Z,MPrjbcZXj9gB3aFuRVemVJ2X3oTCjMsvhLJPHHCdqctD5w8dK5szUk6UDt17HnsyWotmrbFmQ5UzLFxQK9cLqKE,272804421,,,0,0
2024-06-19T16:45:49.498Z,4ddocfoSNSD5nui95sBc8xqCbJkad52vTy9RexicmycSoMUfQUPv6xSGuShKKMTCkXwn4ASZHH5sQGvcLANxuDXN,272804421,,,0,0
2024-06-19T16:45:49.493Z,3nPj6E785DkzFNr7aGUR1iFxf43DQAj7pg27927AcZiapnGamiv15k9CKnrzW1815tqjL9UY9WmiSoZSQwcaubYb,272804421,,,0,0
2024-06-19T16:45:49.504Z,3EwtoVWZWy6i18ZxTnj5SAnyR9GgkeSwdpUy3gZRHkjR2hHrSTJVMbx5WUmzMSLtW8m9AnUQWP5iGZNCCLu93sG9,272804421,,,0,0
2024-06-19T16:45:49.503Z,5UYUrZXRmpCoFAaMcDuPG7ebssXZzmnAcXkTcS8DPSwGmvomGnYsCEjpph9FwurPLUcxxZcvD67hJj2Y1dQmiayn,272804421,,,0,0
2024-06-19T16:45:49.506Z,3N7jx1RidYqVpR3fhqE56SKzTPR51XNMt9mLKc5H2JtWNroiuunZy5q9V1KGhBtg6xf2vTEGnqPG4TrdWS5HZhmv,272804421,,,0,0
2024-06-19T16:45:49.507Z,4p2mLgDeLYCugSvwzpAfLtRJSwn5z8A1VbmWmD1yvEm4MGo1xN9HsfVX99b1ahFMCCeBYTKH18gMW5ctcZimxtFx,272804421,,,0,0
2024-06-19T16:45:49.500Z,3GWBniM3imQFbSgQERo4ccZtiyzqejysGMCoPrVABp8GodgvByabSq45Vq5ku4NPwDZRjZPjZCVdtpsjFML7W6oc,272804421,,,0,0
2024-06-19T16:45:49.513Z,5qteRwmVvhTAgTw4Yk7AmZkP9UiqtjhjqTH8pv37FXxWU4Vij6ewGh16UzEVmPGnp9Vzog7RR1fxBatFdGHQRn8p,272804421,,,0,0
2024-06-19T16:45:49.508Z,58i2rLQA7kbpEaC9L25T3YQYEy78JCt3kgi2NreC1uAT6D7uhYHNEFTiwjda5bZMwUHNfq144VFPtEQ5RCMAcFMy,272804421,,,0,0
2024-06-19T16:45:49.514Z,2Hfq5f7MWoxwCVhXybLu1EyJzKJuhgWEvcdq8Lu6bcCyE3wabsyAtjkLDUH3CbNZNcTYkJaRTHKmK6bXgZT9T8n,272804421,,,0,0
2024-06-19T16:45:49.517Z,5hV9Nyrxm55RmjKksGTiqweW7pEiyLHdwNuUtrtYFU2rtL2pHbAtg1pywkfySAmWi1gjBycX9mnXnSv5ztA3WfYa,272804421,,,0,0
2024-06-19T16:45:49.521Z,5oNxfgBL8ybQ5RphdMs2cQzyXNF4sMwSe8iXyCACBBTikNsrPMJPL5oAyMuDwEDCQqv5c78M4tpCN5e2JB1ePofo,272804421,,,0,0
2024-06-19T16:45:49.510Z,2jSNEgLEza96T5my8LC4n2ETR6MQAsddNE1oNaaesB7yiubxAAX4c4AqZpnPniuXeCCJt9PKK76zc7qGjReJwpfp,272804421,,,0,0
2024-06-19T16:45:49.524Z,3dEUnM8cKj2jt5a8THJRw1N83oZd7Cehu5y5yyh8U5tjr4QM58dUES6ubA8vUJEQcQHQyHhLQc8BTSfR9fAt4fqD,272804421,,,0,0
2024-06-19T16:45:49.525Z,4NpxPb4Fkd6AgrUuASRqQsqXFK5m8iTGeypB3pHSYhyNwSzjLJVY9o453zm4canwk4QyNdipfTuDpXQusB3JDbM7,272804421,,,0,0
2024-06-19T16:45:49.523Z,4LMcTP8UW2kgQn5VypAVtNSK3vW9zhvgozBuhPi8Q5coRbv61EDJc6hFWpkF3FkBtvKzGdGHTuja8Gwx238K4HXB,272804421,,,0,0
2024-06-19T16:45:49.527Z,3uq1FEBEwUkwa8js1jEAtHJXPEtzo8XzihptqahFRAYzMTA3qZarexSQCqkiN9KazRXS3ELHka6hmXFi5FFtoP6r,272804421,,,0,0
2024-06-19T16:45:49.530Z,29pqJrcA4dUcD2Eu7Lbyn3ycDq6o1ELA4gvFANNsirMxG8MPdMD6hrppATVZpc1YdkvVa1kbq8GKaWFK5zUmwXoJ,272804421,,,0,0
2024-06-19T16:45:49.520Z,2beWbZsjX9tTv5DCPiHHqED7j7gxzy36vpCJUqeyGSoCr3QFaDGEgPRFPJP7PDqRWmBiMvRmfnVNekjzP6inXtZu,272804421,,,0,0
2024-06-19T16:45:49.528Z,38viVJTncdDEptP5dsMRmXyjPcv7jHdJ8LYjRCC9KgqaTw5KWcrm7jo4jBcM4UdFjtfqUtrgfkV55UpwtqSJ8tok,272804421,,,0,0
2024-06-19T16:45:49.538Z,4PUrhf5zxfsfduDp59rxPP9u63vhSeYSbHL7sj44LArsgahdCZ2JBNPYf7ciT2P1bDrB6V1cKY9P9yHpa8Xc1CZD,272804421,,,0,0
2024-06-19T16:45:49.536Z,vFhhhFaRXAa8aRPz5tmV4Mgh7tfJaE8CY9NYwCm63rjeoZKANiToccBh8bcgBEqN2dTNWiMYTEcRjwpUKUKqw9f,272804421,,,0,0
2024-06-19T16:45:49.533Z,3FYwSwYEXbMNnd2ZBED8UzyyD3VD3GWAN4aqbvYZt8X23gufTkn1e5Rcai5o6dghmwTWUGZihQKGmZQJxrFt6rHJ,272804421,,,0,0
2024-06-19T16:45:49.540Z,DtEH7WhGd1c9dF8nmBYLVXGaZdMcoaMCepuMxiQpp7HYFDbn8R3qBkyK9TozPvaCwu6SsQcSjNir2GNeourmpTW,272804421,,,0,0
2024-06-19T16:45:49.542Z,2RViCNkB5VGhsWt4AGWDY2XsFUowp3oqrmgfv6H3wpZqS8eJ8LJeLZTTTbV4YTkmyFvfpeFKh8QN1TgoabLpxzWE,272804421,,,0,0
2024-06-19T16:45:49.544Z,2sEAjDVsiKJ56zEQD7C36vBBr9zXDAS1ZTsZXLqE7eo1YSRAXXSEf2XU5hTTPaofKJk7QxroCMuvtwRNPvJoSERR,272804421,,,0,0
2024-06-19T16:45:49.545Z,59wC9pgbzNiGScfcnmS6KvZ35vKNRByHFVPAXGry7qXFZEKD9Ni3jpUwRY5fQN61G1GjeXqxxTH1wgZUDKoVWEHE,272804421,,,0,0
2024-06-19T16:45:49.548Z,2MWcMMPzQPgBcwY9uFUbi7hro6iqTfeD8SWbEPraQeFB3xzai1XWZ38xVmie7Kaut8z3GMkPBap8D477u8M3ASpF,272804421,,,0,0
2024-06-19T16:45:49.539Z,4BUDLeDYogZYEvw1rDKQiqM9vYYAkSrZTKdo6eFrED3oQwMRK5rfAGKf1JUYHTYB99ccHhVjrFc9YKeWwmXmL9G4,272804421,,,0,0
2024-06-19T16:45:49.553Z,26wL22GbsF1qbiD318Phdb2QGK1qTK95rdoYA2Xf21F8Qj2eHXFJnQ8cTuB3scnA6T5mQXbv7dDGLzcWgWdgJeoM,272804421,,,0,0
2024-06-19T16:45:49.554Z,r15QKs3wSgAvjDpo9kEVnuMkmTzCJ8pPnLkFfgFmzdzHLQSmL2vds5HT35FuvQd3wMxdQoNReye8EZN35aqZzBS,272804421,,,0,0
2024-06-19T16:45:49.550Z,4fo6cybqBJCCeVWKSJyXnq41g34HW3NLbyR5d1BzuUpijsDBCKM1xTB9PdesbiBfgK4VNSAmFZKMaUWrFCAuwXSH,272804421,,,0,0
2024-06-19T16:45:49.556Z,5q6JYax1PzYdU8UwiaJv4zXTnNKC5NGTF3rnr3tPkyN1JbEMEsxwTFn1n1Bjepn1WQk1rnH27KHHoXg2C5hrQvwq,272804421,,,0,0
2024-06-19T16:45:49.558Z,5NLfc6izrnAmU6s2iUtd7Q4BCpQuuKPFZ5Rs2iTewpyYvejSTp2ir29uZqPdQUqhCYaGA5svNApSxPP9riu657Y2,272804421,,,0,0
2024-06-19T16:45:49.560Z,2GBLQALKeTKtwbZ2QGg5RbFCwBZaJFEbnRkgAYdDtFyCY5zdFarEgutBCTLdeYN99LgzcmMPRjS6qMv6SZ6cGfsr,272804421,,,0,0
2024-06-19T16:45:49.567Z,3vACLZzEtPAkJKPX7cuq3tLsSKEfNKF8cdksFQHJxw4rGCenuv8GLs2nxBd6HjtXMVMcU1QqqrKwis47opHpvrKN,272804421,,,0,0
2024-06-19T16:45:49.562Z,4TsWru8YruDRDcFrDmyV5ZNL8C83Aas3EFiLcG74ATDX2JY2jHqjL4rev7cNG67Gejhc5RNEXspnEiQYf2MQgtCW,272804421,,,0,0
2024-06-19T16:45:49.569Z,4MK7L7hEYs7VxXnEkVt5gAPLWL5tzQ2b8DuE7Xu3gVA19m7XXeQDpFUJNJEA5zwFeRYWpAYV6G5UsPvwxwVVbPsF,272804421,,,0,0
2024-06-19T16:45:49.573Z,j5E1bwCJPFvDWMZiE5nXXHPCBZ2WkWacgRVJVbce9bideka6LJHXicSyvVkvg6bf9AfijCd4AKpcxGhb3uokkFw,272804421,,,0,0
2024-06-19T16:45:49.571Z,3YFRLKLPCrTMbN25Vy1ko7iwwrhm1Ck9hc5J7ngyKqs986YYjLy7o8uZWdpMdFn6jrgfg1XJQNxKiE47JJoia759,272804421,,,0,0
2024-06-19T16:45:49.574Z,5etVQeaVh5HhMBGbEFmwgtrci4T36xHbwsMhdkGWjxzhNBLP6Yf7Ltg1V9k8vSemQetfxLFrwwQBpqcjSdb8Lv7H,272804421,,,0,0
2024-06-19T16:45:49.577Z,32MDeCGTa7RKsvDpza3MYx59zoNN2s31BnN8dPZypwAhGx27RP181iZNe92CHJTNTwApMjYj3jkAnN3dd3gTjng,272804421,,,0,0
2024-06-19T16:45:49.564Z,2ZCweEoKHJgCVXo3kJgNwxbDoe6ToxRFcWKCbz7Qt1J4eGvooMNcECbpyo566n3pv5EQ3cC96gYQdrzaEt3P6fP8,272804421,,,0,0
2024-06-19T16:45:49.578Z,3usnnL5Csmwu6wi3WENUHMwa8Lss7ey9St2zhsCXj3pH2Luqu5uqD87k6ZomptZThGmW5FKfvxDMCdLnHzBoiRq7,272804421,,,0,0
2024-06-19T16:45:49.575Z,UYDsD5dUk6cfetwoW8QLQehXo9UcR44ryGW2DeYfcnm5sfsdxASvU96dgzxvWGdVib3sH3LogG3Yurn52MM3aAF,272804421,,,0,0
2024-06-19T16:45:49.584Z,5BXiyqA5xUC32aBcWFFwknjKGMtW2LUKqFkTrcLzsqJDWDzrepTpoHwUhP4QyF5NWCpPtQcxpF7L5feZ8FgK8PQa,272804421,,,0,0
2024-06-19T16:45:49.585Z,2NLQbfbYg6rnmMf2rpB2Lqjjt4rmZiiQYNkfxULZ4Dz28pcx3V1e2QYA2RdGp3qyJ56mGQpqJtw9GdqKy4aBY6Lh,272804421,,,0,0
2024-06-19T16:45:49.588Z,3KTiqCnd1gQEjbGpsCaEGEbsJc8mtUCYN1yoGrKCiVvF5GPMDC9DVu7zZpjS4xRmULZ7wvWunQgE7kYyMycBaCfv,272804421,,,0,0
2024-06-19T16:45:49.590Z,4MVXSVNDbGa3Ho7J6WwvsJSP6deShhTfo1VyUAM13NccG6bFif37JXXbERXBiFMe5jtQiXQR1XsjvG9egj2Jpk9Y,272804421,,,0,0
2024-06-19T16:45:49.589Z,23FARftQAaZAmPcofcoq1vinozLHFNqg3h3j1EUDs6mwYbvv32xd4EGjP98B2R3qNgpPk4Zbb4hXrz7Zj5efL6uH,272804421,,,0,0
2024-06-19T16:45:49.593Z,427Bg4Vvpifw8o8NTGKMxzSA7TENdwm8PVzXm9ELdqyhnfb84z53X9YeRU1GjMEhi32emmMzfHYskM1kKcgSsEjq,272804421,,,0,0
2024-06-19T16:45:49.592Z,65RCDrd8xY4kwprPa7hbMqrGU3fQLPEDHsGCvRLbgEMNHYk3fYRCkhwKZzxzzauSVbsLdTm5e9so7UrA5cR7w4mH,272804421,,,0,0
2024-06-19T16:45:49.595Z,55U6qWmuqCjXAzPJvJB2BDAays3uyGsZJGtFSzisoUehZnme9s817FAwD992CM82fwX6aGJXmSkSfqkUAifoPtTd,272804421,,,0,0
2024-06-19T16:45:49.581Z,L8H2eUUUMH5wfuSQsXcL2CXGYAE2ExSG6NQVTeyw5Febntc65fScNr4X8pfYYUQnEhHqaBjC56xK28TwYKEyGLA,272804421,,,0,0
2024-06-19T16:45:49.596Z,3NyqAx2ycNiKSYE9btBSo8bdLYcNGdJZs47Qt7ftgzd8gqXYtnHLpbMtWuZhJidqwXKbyv5oURmwGR2pouYqvT48,272804421,,,0,0
2024-06-19T16:45:49.602Z,4fFnbFmJD2Bzn79VE599M364JDccradtM7P7q2CUrNxTcaXAjZUmJvBfLfxJkvWYifiq7sHjL2dpeYDwsnxw2Uqq,272804422,,,0,0
2024-06-19T16:45:49.601Z,4jzvDXrq7gisTBbpg68tviWnEhwE4EJwqqAd78iXzGfHoFoYyGGbB3Dr99HGSJ8xNXxEMNfzqnG4fvUdRQM5JKdx,272804422,,,0,0
2024-06-19T16:45:49.605Z,274nekNKe6Xi6pSLrBP5tGL3Nd726bVHH3DhSVLanMnRMjyssQT1qQ1F91Fz9sJokkDp3gnXgArwGNcUVC9Xmozm,272804422,,,0,0
2024-06-19T16:45:49.604Z,fFN2tMkCtFhuL8WXTWwD76fQCLuKYzh7Nox8HxppMM2DobJdAGyjb4Yva3Hs1Qud94KecnYqKaNCVKvSLCNXjE9,272804422,,,0,0
2024-06-19T16:45:49.607Z,5Ajzhp9jFppWAcoqHb9mXAoukEJfCbwKcoTcv7vNiSKrwWD7nfNxbMcVhsyrrvE9SeJCkCd3RmnCUs7t3Jo2H2L4,272804422,,,0,0
2024-06-19T16:45:49.598Z,HBt2RTZ5ZvyKM42hdJar3QHUHHSxrHQtj1jJsrsgNjfkMpv1bfXH8myAfUy3zCx74Z1s1iUPtjk5fLSLD12tVGg,272804422,,,0,0
2024-06-19T16:45:49.608Z,2EMc61nNbZSwqDGgAoyJfHhKUj5oz6o4xw2LqxPEbKWp1jzY9jXvtnQqtEduAKufH6zGVzQ5bX6kRUozFjGWoHkm,272804422,,,0,0
2024-06-19T16:45:49.609Z,2Kh6a7RXd4so1ukLxTRBJUTDAehExUFbRYsKoKwgZMUFYMKNuMhKrTFhZow6Htgka4JgGGfQAbGm8AQ9BznaBgaL,272804422,,,0,0
2024-06-19T16:45:49.613Z,5Zgm9kJHZTVbheJXmLnUxzzt5aNqnCK2RLJREcwUw8zti4Eh5i7uJU87nMb9erbzqfZWQ4BcyhiVrWzH1633XSAr,272804422,,,0,0
2024-06-19T16:45:49.618Z,2E74JUu4CAA97AoWqUnwt3EMdJXPz9uhRV1hoTERPaXikBuuxgagdhx75zfWrVW9nohPEXggjLjwNj4Jt23HRWha,272804422,,,0,0
2024-06-19T16:45:49.615Z,44iu6QYML2JHSUa8edzMru7mUKGsv6dsj5rxVghTGX2ejCSRcPeyumHDrNPu98e6ksbBXVt1EEygyAy18JhYinow,272804422,,,0,0
2024-06-19T16:45:49.611Z,4wnjsU7h9fCMuBX94MEZ5o7rmSg2niksryGR5DsP8ggBPWpYNpCyEKcXqrSSuYNEWsQFvkeD29ci4XpaEe3RQxQ4,272804422,,,0,0
2024-06-19T16:45:49.619Z,28XsWyk4TapJsJaQvEEjJgo3yG31KpcXpxJXfxu3zZF4WwH4c65FdKYAbiauxs4Dnzn8VJkr4aAFB2MsE19ezUoP,272804422,,,0,0
2024-06-19T16:45:49.621Z,2fnh9TWmJpNZ49FYn34YK9eJ4gKMqutr8Pn7jKqhA46U4uzkErqa7NjaFf7QysDmVu7Tu91SKUvmjDycsbZHRzWt,272804422,,,0,0
2024-06-19T16:45:49.622Z,2hehq8xFA8kCvkrroLuchhhh9fPrhvKxRGcTNyrpqNxLBnVFGYnYRvaFEmhp3J4gyPrqiaJ2wQbg4XdiibMEgomx,272804422,,,0,0
2024-06-19T16:45:49.623Z,5m6dzkwMdYKUFqhF7URf4sL5NT61ZqgyiRgAsgy7nu6dETkhNtUqhtQfW5iJST19jQg1PtS7yMWd4JdxRMjKY28U,272804422,,,0,0
2024-06-19T16:45:49.626Z,453FwnuHGudaqUWNef77NoNURm9DMSJoUjcYyCqdtYZMPKaLUCGAYBsxoAUvT4o6GcxYbyuFzNMGbDFDCoxNZ878,272804422,,,0,0
2024-06-19T16:45:49.628Z,3F97HUy6RYoN7Mdk7hDv9bvMCNfWg4zSjZLVkWLM8qwEWMKi6Pu2uiEC3uhkWgJqqXmFDh7mVEPbtoyiX9cf3hkL,272804422,,,0,0
2024-06-19T16:45:49.631Z,4smuaXUj3PUSTM4ZGPHC4ZCtCw7R3K9FTD6htzzmLJEjqtLXnPXMiMPoW9PkTXZGr41UxigitmyYeuDQbgY5xB8F,272804422,,,0,0
2024-06-19T16:45:49.625Z,5r8CN52Wd12BciBs2pWUgSYRcBszDyQr3bw91Ww3ann6gKFziq546M26qVvtG855KcScsvVzh2bR6YZ6t24MARZX,272804422,,,0,0
2024-06-19T16:45:49.632Z,8WMvqBCfGN1sFREFTzoBQjN1KeFDcuv3jV4pZkvP63fvJGCUdvW3M1rEoZNNL7XBo29c15C7EiJQZgXmwV6RKQw,272804422,,,0,0
2024-06-19T16:45:49.629Z,3GmRznTKeinVNbEsGVPHQFp238WMz5rHZL5fdAQSToZHcezTYQCC49s5goxi4hGFv3sosNdNWSVo6YmBVxBUvept,272804422,,,0,0
2024-06-19T16:45:49.635Z,5k5TSD6wzfTez2w7stCezS4buyPprwPiwz4QSpqstqQ2up4Py2meMPwtEBL5eLN6uoouMBzEtJFMeBVN2VXR1ePL,272804422,,,0,0
2024-06-19T16:45:49.636Z,q8sMpT9n2EU4xSS4KVwaVhtia4uBjp1QKDYrpKWKjSttr4dASctUhcBaTaosNEzb1AuCV1RY6GF2gj5JnYBpgRA,272804422,,,0,0
2024-06-19T16:45:49.639Z,3cM3k5k95CgVpfRUrQFmg4AK7WGg8LUPVAMReo2fQDz4AE735c4onTAkpdfVxW6UCJgGZWfJdSXBRs5EXYUzKojA,272804422,,,0,0
2024-06-19T16:45:49.638Z,4N271LQYdtAxfj3BrrPuDqUnWVBTP2P45iuaf7S11LkSZDnVP6VcaPSUT5PBZKDqueJNe2GbjQpYpJFbyrNvfPdm,272804422,,,0,0
2024-06-19T16:45:49.643Z,3Pm5Vw5XzQWfdEYNqr3A7m5b4satrnZP11MZhMEoRye69YwnSCxCKHsBcke5JKfBfjG3LJVBFncPhgqqbqNh8CHi,272804422,,,0,0
2024-06-19T16:45:49.645Z,2jHWb7psqpgKoRKyiiqj2h65X7yep3go33L28StEs3oUtVqRFXWVR4pACSdaR57Q9KyNZCDrZKvjvT8E8ZjamcBf,272804422,,,0,0
2024-06-19T16:45:49.647Z,3dzFGS6kNEufrg1BB3y1MhBsn6JWxrRCDtY3CqgrsLGr7my1yrFZVJH3F9cHzxKuV6oLYsYVR9aWn5jzmvKGSovt,272804422,,,0,0
2024-06-19T16:45:49.650Z,3K1C44Cf1U2iWUBJjvuBTGHKRr3UHBEUw8jCpN8uKWWw8BhwnvT6QV2Dt8vXhWJt3FGkjRRGyJNUZBuVxtuZo1vG,272804422,,,0,0
2024-06-19T16:45:49.648Z,XUQfezwkafvekk43GaZvCB3R9akLhfUS3zRDsY9DapY2uy2xC4U6zJi1myoPvdSPDkjhBpmsMj56QGFgNxWdrM5,272804422,,,0,0
2024-06-19T16:45:49.653Z,3NNXzyg7u7tPnKh2YqQHavTDjrWMjS9STvgrU7MNgkg4H1297RWf1P1LpQaoiK8uiJoiDosdLHQAJqqa5PPm84Vq,272804422,,,0,0
2024-06-19T16:45:49.640Z,My5junJNd3uu8boUj6ypYfzDCMHtgXSQKGvWhxKyG9zSWHpAGHTH3Rst4EoSFZDu6GJKEReZ9RRo5n2FBCBTEvU,272804422,,,0,0
2024-06-19T16:45:49.655Z,QiHBvJkVCNFsG77ur24ujq5SMQnAgUZi2SCiQ82nKN3hpCm5YXNaea2PLYReGnb9DARnmqGeaHrVVqj5wo6ADiF,272804422,,,0,0
2024-06-19T16:45:49.658Z,3qA7nUonFX8E8Gx75n8vkdBSux4CwcAa4qAqRLWzxPNcd7tsUPN9NzRQ9QquKH3TMkbjopNaCtEcgi5Zf4GXL2c5,272804422,,,0,0
2024-06-19T16:45:49.656Z,iNubWufWdRv1ysyae3kuCeM7EMpBpBtiNVfquSeMaMrJao8NQqMwLAgVv6evf3FZYTYToUkbYBjFqCwCTRtgoZ9,272804422,,,0,0
2024-06-19T16:45:49.661Z,3Rm7W6KbqKkKLSGcrsvaRCmkh72pHa2FbmpPZcp89sQyATErN9g1cE9zvHwTLnrMmdzA1Cm5Cg7NkyHaJyCtVwLx,272804422,,,0,0
2024-06-19T16:45:49.651Z,uKpXY7iemoQN3b6FpXQ8PY6rkoairABivTqjNgQwb2MQMN4XtTKygNoNvGF9ziZDQLodunPz648cFjgH8q8GZP2,272804422,,,0,0
2024-06-19T16:45:49.663Z,4stiorifocL2GJB1oiCKX29RDDVzaF2t53XvBFuE3339cE7v2Gr8FBLeL4sZiUXrNBhjg42AYtQcEpgpbQnM7TZG,272804422,,,0,0
2024-06-19T16:45:49.667Z,2VPoHVAcgVsM4YPWZuExVm3Eeai1FCfxPy3Hv5iLrsaEFeitzvuExUSNoZrNypfDfPmnekNgeTuKza1dtyvxUpUC,272804422,,,0,0
2024-06-19T16:45:49.659Z,2GTSMMkd7rE4QZLUXEUQoHkwnacXsaoyiba4uSr58Xr8fwc983jHFhxagidHfrYBgF3iWZ7ekY6yinHgBTtdE9Ay,272804422,,,0,0
2024-06-19T16:45:49.665Z,5Zdd9GzC8LxMKtU1C8v3DpYGF6xUNjY23En3qnuFUsamn8ZrtKFwzsYfoBr1Qhkcx7PX8opvHo3c7eLanbqZ2hQB,272804422,,,0,0
2024-06-19T16:45:49.676Z,XEZSX8vxvv2Q4NXJ1eL7sgbEzTXMePy2HxeqqBSTnC3QwAJHJ2Da4soYCp66tLzaQhZiAd9Jf9ggf9yZeeqS755,272804422,,,0,0
2024-06-19T16:45:49.673Z,4rbMj9JyAzf7M9yjamiSZJpWKAmWus4vU4DA6aRpxFJYNKjC5GxbkyaL9NRFhcQDgqcE9x8YWwPVcB56DdzWoDMi,272804422,,,0,0
2024-06-19T16:45:49.670Z,HBAd3bdWwiA6E5TMKpkisKFm1pvBYTJa1h18dkYWAWnWRUz7Qb8Jq5e4TxXnWqyTkmw4Ccn32tLR2ZjW5EzsdJR,272804422,,,0,0
2024-06-19T16:45:49.681Z,55bYTvkKthrQWdh9X7tNKEV5k7E2j2j1SNXCtjx2aiSxd773KaDi6jcoFPjJHK8kj2HQYNLcyKQTgqRsEbrFqZVj,272804422,,,0,0
2024-06-19T16:45:49.685Z,3zzqZNv8MqsmptxTfbX3mMvvp6kXCJe51XLbpLqBeF4g3tyNMWmhEoo1EMruiYzeS2pShf7MbGkp7d2aNJ9epSYT,272804422,,,0,0
2024-06-19T16:45:49.679Z,2798HWczLK9kY9ujErufWzFnhmXjQQtprB8LPmki1Eyu5GbpjxRi5oZT2WZuSQkoPwG8aaBxL9nCHeAUpVPdvrs6,272804422,,,0,0
2024-06-19T16:45:49.683Z,527oPyh2a8hDFXN3nz5BNc387jkoo282c3hyM6d42dbfAcA5gAJBkoi6a9iNpfjYxeJa1AwWGbeeXqs19FEjABuu,272804422,,,0,0
2024-06-19T16:45:49.690Z,2RUQ4H3MUGUpLd7Kivn9nr626uwm8GMLDf74KxUSLLCeAPUhN5dRXT5tCDEePoEYYZpDLAYjid41S6356TgVybFy,272804422,,,0,0
2024-06-19T16:45:49.688Z,mMBADgKKvUBMTLsS41mEkDXSm1zJjS6cX2UikHk8iwTUuZe95WL5DVsDSJAaNXHjhnCPtueBPaVUtpBoaZAGwUg,272804422,,,0,0
2024-06-19T16:45:49.691Z,63jH1mVhThPdvjSB7nfBjVbPFLofgC2hhBxfp3HCPoSTJKAnwLejUD2tXHEMnX5o982xkyroJ4PcPyuK45MzWEYL,272804422,,,0,0
2024-06-19T16:45:49.693Z,5Jkm1U3G6KeBD4MAMNf7tUcuGfdbLsXcQRe5Vyr2fuRDWXYa4tARSFrMcmD61b37bq65s8mARLJWmZLGx4jErn8n,272804422,,,0,0
2024-06-19T16:45:49.694Z,3cVPFpzCZ9xEEgi4GXCG7nrEsHeXG8VtHsoDHQPLwJWbbCxeE7iRLubs2w8SwSZboLVGxRMYWtwQdZtqpFxGn7H,272804422,,,0,0
2024-06-19T16:45:49.695Z,4LcemRNfifHEyTJh2Vk6BGfY8qpp8DWiKD45YSKcTB88U88pmmn9YsR6dfHs4APU44e9Q5QeHdmWd6RJdm8QLUQy,272804422,,,0,0
2024-06-19T16:45:49.697Z,581XLM3o4Wha97DbvYeWwBpyVTAeeRJUjufo3qCMGc8hgCgxBrokjoQoy4xj3zzT1XWMcQauGUunATsmT7ahQBVH,272804422,,,0,0
2024-06-19T16:45:49.686Z,2qPu6fghCCnyH3y5aB3SPKzSQez9fuAgBJUAHnU2pB94F21ngifQg5cqamkFA55XgKYzUc9DgqAyFup4L2ErbuBp,272804422,,,0,0
2024-06-19T16:45:49.704Z,2t58rReiHBuu4kEd3Tm5HmU1ijUa3dBvwtwxLzEV1p4zAyNN9k8g56CNv9Wn99pS35MmUMPoyUUxVNVJfXgWKHa,272804422,,,0,0
2024-06-19T16:45:49.705Z,5fujozANT4UNrs87bYmDqXuNpchxXamQUea18oBS4WVEZb9dBbVDZYgPTdHk1emCLvNyBpsVqfhCR1rQ3MWHf9kT,272804422,,,0,0
2024-06-19T16:45:49.702Z,4VZTMmWTMtj5dWhj9LEoZzSAEDuVVzQ43FrJwsKwj7DQDGzjvyqZsao2Vg129vVyeYAr86QY48QRi8hyoiCfGkKK,272804422,,,0,0
2024-06-19T16:45:49.710Z,5bMQrDugNirumkWjsnKtLY1My73qt5kUqCg8JZwkeKaZjfYqtusoWSXGscJfKwxnCSDoiffzdV9qRHb6iA239qt2,272804422,,,0,0
2024-06-19T16:45:49.708Z,3mqi9BQ1tn9D21Ha3zDs9N66De7GwDpPjHHQ37US6E3DCTBMsgAPMj9Ubkx4bPy95i893eecqeVcJzVJsEEMAyYM,272804422,,,0,0
2024-06-19T16:45:49.698Z,4Mp3GzRs3CDUCVhhGi1Cti5oXmo3L2LiruRr4n6XGWUfbebVjzffLTb1gfFhGcjVycxYu2BeY71QFXu2vpzxus7m,272804422,,,0,0
2024-06-19T16:45:49.714Z,2dreV4yikWZg83kFUC77wsjEi5dfxJigTC5C8ghkMtYJFxWVsVQX8b5Kutfj9zJX55yVqLWJ2qXHeXPp82CaAaL3,272804422,,,0,0
2024-06-19T16:45:49.716Z,4VGmpPdoR6iBUPskzYggo8jFZ2NbfWFF4t7AbTBcTp3gsXykGtFrvtE7cNuCjarzLMNvF2R5mUsX6oHAaHtktJGv,272804422,,,0,0
2024-06-19T16:45:49.711Z,2VRgNwesGPMksFbDGUQSJtHK3PfSRKbMdaFgMjT8GmghgTLAzmTYJHT2Fd8GkPq4VdE9WxxF3X4PNkgMa2JBNWp6,272804422,,,0,0
2024-06-19T16:45:49.717Z,5uY7iNyYg3GZKwLsFoSdnE8naHotWBjXFX1QTZGTPwqY37YsrZYaY8nrkWV38FupNSjxZRvEk81CA43WrQjMszZz,272804422,,,0,0
2024-06-19T16:45:49.721Z,3VSVhZHdP6X54m6A2zVvStQmkqm12FBQxb2xETekQN8LxNYFFyYaKPv2sUQUyXvZaPSpDAMwoNuGwB7kFGYYHQdM,272804422,,,0,0
2024-06-19T16:45:49.713Z,XuDXZmE7mB35hXT315K4vfMwywHBKsAPXNHL9yit4KeeCvyzVnf8m4ZqpGFoy8jniyjTrPVztVjqvAJz8TMqbqa,272804422,,,0,0
2024-06-19T16:45:49.719Z,3BbN9JPk9MAdYhqV9LSoDkF91nRGqD8zCPpdS5YEaFRGMijiSXz1AitdXE9iWvb79pxSU2B1umJWRBaS2uPtFa8h,272804422,,,0,0
2024-06-19T16:45:49.725Z,65EGDSpoSwkZZspnH2iEYpiS8gGVPtTwJnYeziY6PRMfH7x6zufSfY9fT2cAsrnwTHvX1uScqkXW49vpecvA8QyF,272804422,,,0,0
2024-06-19T16:45:49.728Z,4sNB7BXz29qWSCaJH8V5rnX6MvzSWrZih5xgwWdcbe89JNgwdFF5U8enrEW5xUjqU5orF1Vc8gRbFiLZzzDYzKiQ,272804422,,,0,0
2024-06-19T16:45:49.724Z,Udg8VYQ4uCXjGSS1jAg2459vMCm1jjnxG1RBwZMNoK3RJQu4KHu7fdDoj8UtZGcaWN6XBhpgYwRUZCfvCjVCLZk,272804422,,,0,0
2024-06-19T16:45:49.729Z,5xuCEo9BNRdnofp48MHh2VHebhfmpXjtrhHxY7JVDV4KovxbUSdTB4oFpcFNoQW4Qzu7B7sDgpHVK8egahJL3guk,272804422,,,0,0
2024-06-19T16:45:49.731Z,33Jwb3SZH3dSZ52NJ9Jw4VHrXCoAHs7ue6DEEsk1PkM6tiJfowDbC92rgkeLSoKyoDJrqpUB1kJrqDFRu83dy3D4,272804422,,,0,0
2024-06-19T16:45:49.733Z,c1AiBkAj3cHHmtn8xvP5GP6T6nMjE2sKkwqtieCqQXSDBjCyHDgC6D3gQSDKCnFJyHSVM7sX6G12xhoQaSQ2NmX,272804422,,,0,0
2024-06-19T16:45:49.726Z,23quqr9wNPVZzykiq3e9MadCW4ggzWvWnyeZkhD17xdrexVqd3KneqPowrsj7hnXrvC45gQFWSXfXhJ6NpHCfsmc,272804422,,,0,0
2024-06-19T16:45:49.735Z,4BmnLAPGxzini4n18myfRs5ioBkQVy8rHfWeicPChTjiHvHaNF5fkqGCTPScrcNS6AVWR15aA8U6n55oWgHVcMWu,272804422,,,0,0
2024-06-19T16:45:49.739Z,61gPfEND7KwDNPh3GLdBzr8AbSjiL4gKJYy9tnom7z2LajskTe2LS9w3Ak52dUnJkJAcE5S7pu9Mwm19LXDnbhpb,272804423,,,0,0
2024-06-19T16:45:49.741Z,cmgFoZhKUsRRHPSPGHngCKB9CkhhK91sRHyZbpgZC5Lw6pnxQoDaqWNBQ9xGTU5hyQHcKFZRmPTMZs7u7DQe7zC,272804423,,,0,0
2024-06-19T16:45:49.743Z,4esPYxSEpJL7zGEPzyVfAF4RAqLU3QAvSSr83eQAeWF9QBNaHyPktkibx5Kf9UZUwJ2dTFNSyxkPNbauH2zbuvLY,272804423,,,0,0
2024-06-19T16:45:49.744Z,382ibcGgcq8asbDjJAi7vhJkcoxziMg8xLWmdjwABCDW7x1Tj3chnuTQGoZEZs59cFLqQ14YgAKPKpB1Vo6X83AY,272804423,,,0,0
2024-06-19T16:45:49.747Z,4z3BbTz1eyAwVYqgCxTSvVPiETmfXXAbhAyc7bZwhJjJFn3hpd8CZwNcjXxdXfoKNTjgD2wsqCBtLuLjjcmFySf1,272804423,,,0,0
2024-06-19T16:45:49.746Z,3g8eb7cYGx924e6JhjMTDhFDEKNezB6G2zWz9ZkU8Lo6yUXptUAHmdZn11x8KJV7jze8FQi6bppk7vsyZkD4r2fm,272804423,,,0,0
2024-06-19T16:45:49.751Z,3JcHHr7UGJG9po99tVYed2frupPBkZvmyNCBcrq1HAzNCvbzQmBC5z3geBHHTYBAYZ4xPLAtDtvGMbvvegHH4haw,272804423,,,0,0
2024-06-19T16:45:49.754Z,3zYieCVmex2vpnhw8Us8MGxCWJZidbb9VFzspiRXhgNX5k4eeLYpsKfaGjbCCPEwm5FNci49TVTr9FetPk3ayb2v,272804423,,,0,0
2024-06-19T16:45:49.757Z,5eJa6o71y62y4NMzhn5UPFhZFMS1bqrzpHvwQibrm5AKZF7PPM8hLF8KrSo4UThyEmjgAQf5cbMpPJMk34eoCgY8,272804423,,,0,0
2024-06-19T16:45:49.759Z,SwcJPPFDm36rC5EJ9BWPskesgYh5wh2EJE5iyK7cf4criAhHBSJkTgbYfo46DL2GoMmPnaFG2KvkGq1UZA2Ga4t,272804423,,,0,0
2024-06-19T16:45:49.749Z,2Wyi6KwjjwbE1aM6aZSF8ZCc9xc7pWzR84vQvVFPHFcDAsbwMZyJ4WCTD2UrHr6m47vr5SprU3i2BhmZEEe5zhe1,272804423,,,0,0
2024-06-19T16:45:49.760Z,PxJSRtgQZpyDNYbDakw39r4HWkKmwboAV5DU4dfxH65Mu6n2y1cQJAKm4Vr9FBD59WV3HEPEs6Zp1hHqXJKRhwp,272804423,,,0,0
2024-06-19T16:45:49.762Z,58yH5wRw8emyvPyfKNwPaYKzasTECvMgWq691u6KTM4CoVg7FRq177sbAMCXnwPgjAwu27pf6jzCge9BAB8Bn6rj,272804423,,,0,0
2024-06-19T16:45:49.769Z,2QBtcc6Dztj9PBKXzzukzf9xStDjDU1SiH3vCrpVoVruEtC5cG6iHDvAPPu7sBU9rFdgLKas8aAFLvbki9E9x1Fe,272804423,,,0,0
2024-06-19T16:45:49.771Z,3DdkYWfvEVqzDS6nhvJZx3eQFuWJgH9vt75ySLmXGKUTzNXzMXn93Yin9xRocEAoCH9jVtVF7LzWVZP1jqmsoL7s,272804423,,,0,0
2024-06-19T16:45:49.764Z,3jGjLM8Yg59PQtrFSiouuvKLYu5LF23WioKDvPRkyjFJHZHspDU1TTWX7kSCZ6jyR4Ev4CRD5KaFEqTS5Ud9hrcs,272804423,,,0,0
2024-06-19T16:45:49.767Z,3Z9Ns77UBhWGQzVHc2dC1qB8aoQUMVETBKHX8wb95TFXBjZicxfVqTPsHAy6Jf1w7QnTRe81cP4rFnyWNkAJZHpo,272804423,,,0,0
2024-06-19T16:45:49.778Z,2EG44K1GPgDTjaVjMnhSRC4gu1Lq4aDkmD6174Jx1YCvChkpMCcMwcp3gJwwTUkZniaT2MM4bMMVKTrm1FjpNC3M,272804423,,,0,0
2024-06-19T16:45:49.773Z,4YLjeoUhU19UKyY2ghPSknBcHzdutTfb5SSYiAsYKiNwK1qiv7FG7NXExQzYjcLLwvCkuZeJNVWtHq74Brhwfqjy,272804423,,,0,0
2024-06-19T16:45:49.780Z,4hZCUCfGzAYhZGaEjjPCT2QsXKQmLyc8cKQQH7VfhmDqMbpiwnL2jMUumyPnEw41d4fMXrbyHJXXGyTAeuyroevN,272804423,,,0,0
2024-06-19T16:45:49.775Z,5tFNZ6a5392XaLmDgY6z87mjXuDsVv5i41UEYo5bijEZVskKHMUaDe7r87uS21KzXYh4yj7TJ7C2aasApa4jHcV9,272804423,,,0,0
2024-06-19T16:45:49.782Z,4NTi9ueCdiebfa3ndwDYsK1nqYRjPdm2TwRbi3SmGgRDATEPZVwBPnaWd7UsJTXBKmHS7xr67oS2zuZhLKU8aAi1,272804423,,,0,0
2024-06-19T16:45:49.784Z,HzA2Xq7FxDDo6R29XXUzpAD3piY75Xxusia7ySPmYShAEWbXuZs4WTEHm9HJz1W3uufYohYdwBom7N1S8i6YLi6,272804423,,,0,0
2024-06-19T16:45:49.787Z,5F3HTmhfWRs2UuHGrCKZ81WE9tYHE4r9Hq6Z8mHD7oxbhFdd154pPGNYLcQfS5EyvPXXBTi6b3bhN7QXwyBSJgA6,272804423,,,0,0
2024-06-19T16:45:49.776Z,2wYorsu8H7N5A6YWsXNYe71QmkJYxaG7Me1Gdhf965P8k9NiQrE83AF4FVwtm6fPGw1hghD91GforS9NemXDLeSv,272804423,,,0,0
2024-06-19T16:45:49.791Z,3rMtQ44RjcSZELGsWnwmeCa4ooQSoB4sVcedMaETQGyZ2CynxuFRG8j2XcQKwz8CHL4WmfqBiFhFxb37DpkCfyuW,272804423,,,0,0
2024-06-19T16:45:49.792Z,4iJxhSTMZ2zDNRXTUj9YX7AxPi9o9EPdFKUjie71MeFpJZrjYbPfByAuL8VpWf8kzX85txDps5uUgm55P995WvDQ,272804423,,,0,0
2024-06-19T16:45:49.794Z,2dZfdandxDKsoZBTUamDcdfJYpYEibP5Bu1hA6C7K8ryx12LDCKFCdEnG9YWDPmEr9n7EN81deMWUvRpxXjwCoKX,272804423,,,0,0
2024-06-19T16:45:49.795Z,3wQpZNE9cZZbzogx7DK1rCgPHYuKcz9CA2jFm6tS3tY5ZykSoVti3VfGsFcZ9ise5Kzty5WGzYDZ2otwPdfaT67N,272804423,,,0,0
2024-06-19T16:45:49.789Z,tqXYtrnYydsVXZMm2Y3TuAtWeXWpjZMHUf9uEeyVtidZ13LRPRjEuimVuu1b4JDSJppukN3pVGwvhXuxeRnDKTs,272804423,,,0,0
2024-06-19T16:45:49.799Z,3jDAmsWtsiVGRMbZ1Sc4CgXF4VENYJLozwRceqDLGeBtmwegB5qdfk8hiNuRuAisNHRhwQT6fioNRhsxsUTREPGA,272804423,,,0,0
2024-06-19T16:45:49.797Z,4eYdkpUH7VUDMQ4EWtDmebZ88kDNt8nzTy5ivymnpbWGcpDWU1iMBPJR3aU4qDvtgXZGP35S9SNEttAk4MDEw4Fn,272804423,,,0,0
2024-06-19T16:45:49.801Z,2A9iS5wKWpu6AJgqTg7DNipE4xrWSC75dftZYgiyAndymAw3c7w65nqAPYAPADJTZQS94rURB5qYXytUbkDcAobA,272804423,,,0,0
2024-06-19T16:45:49.807Z,SVP89U7wHai2gsqKePQdTTWnn1qizCPiz8UhVJKVBZJhngFBrCD9QwVcSTwvSUAwrRYSpk834N7GvbL2EGpuxAL,272804423,,,0,0
2024-06-19T16:45:49.805Z,5xe2AVi1UnmVFYgfumrGoVs97384i1ytHRfJH17DQkcoZ3daFouUmtt9XwRWJm2omVBquLprVMetJ2LKKztBtzwC,272804423,,,0,0
2024-06-19T16:45:49.803Z,2ob4PBfMYibrgFLCxF6xgfrsVG2Apkj9qoUwy9u2T7UCZFVTu7rG6a51GVA8Hszxk5vvohxdaazPH8aR1qdQNAj8,272804423,,,0,0
2024-06-19T16:45:49.808Z,4pzCXgiR8H9995qHb3hYBa7KUyZbWJBBevkgck6nLLZxSLfDxwrdmi2NP4vPEQLVkyFdYXBEB3eWTQPXfPrwakQV,272804423,,,0,0
2024-06-19T16:45:49.814Z,3SoGU2iqJNB5i2CnZrrxs5T2ygYhTRx2uxBxNuqiB8aewJnoKhKhrJzU5HnCEEahsTdaJQsnXMGDbnMQJEQsASbp,272804423,,,0,0
2024-06-19T16:45:49.817Z,4JRExang5bZddngo4gSRfpBMN9CuUXYviCjJhQGrjYEmGS3NqLMLjoSKPVd17bW9nwZUzJ2nmFQyJrT7svH2iF6p,272804423,,,0,0
2024-06-19T16:45:49.819Z,3aXjuWBgvZAntvMLz8iuqQC4v6B1gkdBTArqs25LBPT8p7NqamSqvV3TjNDYjgDFUDq9omSt7EqHATy7J6LCKU1X,272804423,,,0,0
2024-06-19T16:45:49.812Z,4wMnoXSnxEkH9zdSg7VwSS6qYJ3QRj9roL1aTdZik6J91vfHvJ5pwuapcXtCScjfXCuCZnceZ8gKWSo6EJqNU2W5,272804423,,,0,0
2024-06-19T16:45:49.823Z,2haVMgCYXSbca93hZBgZFDDogxWFnbxjEsyMEgHLMDoiHCe7Ha1B2oAHKzKDZuAaCXtevd1zgN2eA5gWnmKQtt8Q,272804423,,,0,0
2024-06-19T16:45:49.825Z,3mtte5ysUjDh4dLeKb5v7SKLckggQzRLdLAtbcuXqshQBTJDAUenRTgWpjPm2DggWt7uzgtBPv5KDAszCnyn9nyq,272804423,,,0,0
2024-06-19T16:45:49.810Z,28Db18Lof9QAQeyJrisMa7CQEA2bBZPraajG2AkcLbWxi6MRUwYdb11TZ1XZy8z9tLxY5xQH2iyZ3vGfJ6hwhRUe,272804423,,,0,0
2024-06-19T16:45:49.826Z,4TNor7hkHyXQzyGGzNYMMMbJU9VQ6SsiRTmQ3ZYNZV3bpAri6YuSCbjzKLhS76x9DMZbXaMJvM3ttnPeQbXyFhgd,272804423,,,0,0
2024-06-19T16:45:49.829Z,mhABKwZEUbPafqg53KcKjj97iuWkuDNdjBWaTyKaTh4v49kBDnctaM5BLCvMsMTeA2879mrymRntaRSxKdcFMBN,272804423,,,0,0
2024-06-19T16:45:49.832Z,5xTEF1KtDg4JH7qwecMt2gHTD3R4vmhPmhdPwphBa3FUw11MSFjpUaRHwXPV9rHzNfdGhdH1y4pQE5qAbhmYWiB4,272804423,,,0,0
2024-06-19T16:45:49.834Z,VTavCHvc3xMSRZXPJLVpLPQTsajBg35zQHmdd5SXAm1VWBADGN5LvGxhTJS788BT69YnEri4uTUaD3gvVXe6XLh,272804423,,,0,0
2024-06-19T16:45:49.836Z,3shLYNZJPmvSWzWiMb28jwvD2hkvrEie2SUkB6dTXtt3mRG8nA93HX1hzi31X7edjTbXBR9FTwKngyr9o8m3aAUR,272804423,,,0,0
2024-06-19T16:45:49.828Z,ABa5CbtKKKiK7LdnXKVF9yURZac3F1UNiHyB3XWMsmgjojCkF1ZFnGB7RvHaymM73C3GugW4M2jheFep845o26j,272804423,,,0,0
2024-06-19T16:45:49.837Z,3P46c8WgSq9amwnLtEi2ojHhvzPSpZXVBnUG9ed6BnNxyma6R2H7jBGy7qXbxFhjtbdjyVhdMt4Wam6GX1SUrWXs,272804423,,,0,0
2024-06-19T16:45:49.822Z,yRgvLtRXymQxoPoPmUQdwQs9pWmrsWBu74YvXfXw6FftkugZ8T4eiC6LMNr4Yu7L8ZKJFFAueUfthus3oyZGH9a,272804423,,,0,0
2024-06-19T16:45:49.840Z,5nUrCtUbJKzfoN9TdzNUuphhJdf3AvXYrjysDWL5aCqErCbFQZqfFkyYqU4AonVi2krCENXnkyKoar7BxNe3tA8q,272804423,,,0,0
2024-06-19T16:45:49.843Z,2nwPSbLtZq6FCdANLCXnkzDGCoCKCexyAuKKHKJuauGGHbDXrFErYrN9GaxS5aULrNAo1RBd4qbz6LTYkCFAH6Ay,272804423,,,0,0
2024-06-19T16:45:49.839Z,4Wv15vLrC5MCwjg3wJZvwvsyyhkkPmjoy152zCq5sk9F8DzBB34Raj3Kk7uXLLe9sePMn5dFouFJVLS4HQcLqKhV,272804423,,,0,0
2024-06-19T16:45:49.846Z,4Zx9F4coVyqHMWKrW4DFum1PoLbmgJdz4KXCSs4yXzzZ7o1VxkRt6ndpTGyxXmFFtW3pQJKPRPwaZUrb5bJx5Tvi,272804423,,,0,0
2024-06-19T16:45:49.842Z,3vMzHva4qDoDYVgCD2VRvrSzf2hYaKy27jX9B8xE3TyZ9Pbyu8nA3PWtrtkGb44pTK21ay4c7YXzs94cEXgugUa9,272804423,,,0,0
2024-06-19T16:45:49.847Z,A4awL9Dnh26mG4sdjZ3e86gjUorGL8YfGCTa15GwC4vF7bFanTM6nHiypcHTgXGjGy51sYMY1Z7dsP63Jd2Y9B1,272804423,,,0,0
2024-06-19T16:45:49.851Z,xk1GkuqwFWHvWw6fZKAuw7cynUmjYGESQnECVeZ3h7ijTdBbWhJEVQmMyobFKaTZ65fNEJRJGxMhgiCtH6yFh5x,272804423,,,0,0
2024-06-19T16:45:49.844Z,LCoY3EJwMs6dDcJ2uVGk2GZJSjMQcmM8W42zv74mh6zYrABwAiw7VbJDviMsWvPZuw53E5BEa3czH364no2X6Y7,272804423,,,0,0
2024-06-19T16:45:49.849Z,ufZats7n2EpcVg8bzJbgtgtHeLarpcSatFp3rZuM3GtKge6D7srA6SPjm5zPYrpDpWR2cNYdnsiSy4AnMJ6259B,272804423,,,0,0
2024-06-19T16:45:49.854Z,62NetkzvzP6ywbwvcWrjYjbZiG1GmrnGbZb3i3JoAP1KjdQdpmc2bnxX9CbqwoeEdJmmrcBZzhKG759nSzFJWsq1,272804423,,,0,0
2024-06-19T16:45:49.857Z,2aPdhAG1z4SGwNsmVauMKC7BKhVrfw3GeC8FnVc8GiV9xrFA8aFKznSHr3jB21tCCGtyWYLR89B3yk35Vz4KRRCn,272804423,,,0,0
2024-06-19T16:45:49.859Z,a9Fe8vG4ZbUYyj2BUiV11KUiRFfMuMnxWxiDjD4jMrDkmbUnXjMMGrApEcxjiXe9F4DJP6hsyQkkzogeoaN9BZn,272804423,,,0,0
2024-06-19T16:45:49.860Z,4E2gFBvCXucqBhGbbBHE8WnZzdHeSMB1TrCvXzLeh1EwCFtqijrMfbqnms1dmrh8k2EoCtwnp4dHY1qhnaqKkoks,272804423,,,0,0
2024-06-19T16:45:49.856Z,3AbbUJz2zVQUnaJazecoMUJmZpxCUtHm9JuDqU6D5HyyawKKspPAynekJTJHp6chtLLycXADy4e2bhLx3KjZLSSe,272804423,,,0,0
2024-06-19T16:45:49.853Z,4Anz7EdW1ntTgUxjxDcyVuR3R73cZcP4gN3wLk8PD6QozkwvSkk3PKwb7HKaK4u2bmZjjqTNZWCqfYctGuj85TGg,272804423,,,0,0
2024-06-19T16:45:49.861Z,Kpc5hbYGmy64ZfYYXWD9hwg6HrxuK8VZpAMAvY7wgh2ph4ouayXqpCwyygN1qQfdCbnA4jwmPVJMe7AsuxzHwEK,272804423,,,0,0
2024-06-19T16:45:49.864Z,3jZT2neyCNMPraarrs2QdhbP4ktgZiKnoCE8pc8uVT8vNYr3m4jVtFRFxXdJEncJTkW8hd7XJSwS1ZLzgauZZSFY,272804423,,,0,0
2024-06-19T16:45:49.866Z,3P4zWxWrfi3dNrkE1s4KiZYVTRQfUfc4WNJT6wM76htuyZ5GQVn1UxPmZXcywbxc5AJiEsa5ChLuUNgL8F4vLWfq,272804423,,,0,0
2024-06-19T16:45:49.868Z,i5zFtXt13xVNEuWCDhejiqKcRPVmDFr87iTFp75a2BL3E6A2WPnyj6oKEGzNeJZACQCyS3otca9TJEiLtp8zYHP,272804423,,,0,0
2024-06-19T16:45:49.862Z,4vGViLXQ3GsCcXGhxT4DLctHRGqXXpcvPgU4uFHb4Syab8VnQBhdGaNpJit2Sve4jFdruTpn5mcPdCWGjM24Yco5,272804423,,,0,0
2024-06-19T16:45:49.874Z,4QWMvgWwM7gnhJghp26nzPZa2J74eqpehwX2dpea2WCfxghBk8SQJwsdry5N3qm4GgSXdGvjkHoBtyTnhEJiz4ho,272804423,,,0,0
2024-06-19T16:45:49.870Z,43YeV8E8YTTyZDRHLsu8MHgiL8GrDazdKxQjBTsRdxBiJsK2TGn4ZgtCvUotfHVLnCktfzmSXZKuo7tN9j1kEK2L,272804423,,,0,0
2024-06-19T16:45:49.877Z,2LSVPdbvYpHmoNbD8DpLH6rL2ecrnmsXQxPHCDkDUqZaHq9whL8gmGkQR7n1yjPH8t3b2tYBSTGEs73dntzvtCZR,272804423,,,0,0
2024-06-19T16:45:49.872Z,4Qk6eYHZdHUjxUy48E5Fkjvq9A4fJkBCnNGnWRpmsVUCwgQAw1gPLDhYARVK65WVjbdCs4FhrT4U2Ht2SeeyuVMJ,272804423,,,0,0
2024-06-19T16:45:49.883Z,3GzYH9ZCWNP76nnqnETCzWBPVLPRcXLbS4nuavokutHsn93znsfASQnEUxNYGLjoDSYvrdCej9eAWG9vrywNe18P,272804423,,,0,0
2024-06-19T16:45:49.880Z,2A7q1XB58C8Rb6tdv9seA8fqzSjPQs2MV7ykARfVfPhRhBdbU5THo8HfPgJuGrgx44yhBb9VvjVUG7cPysvXxmD6,272804423,,,0,0
2024-06-19T16:45:49.884Z,3HidXtXT3YVgrRLnjdWQV1wvhphFpi6L9ebEbUoQkejsyEukzDwpw9Wxxdshv1349h4SjwwM8GyrZkyYiFip258c,272804423,,,0,0
2024-06-19T16:45:49.888Z,4t1Mc2Y4vp5fmLybiwwJkXCGXnJD8MhJtkF7FMS4Qx2VQLDMS1USUHenWGuvnRNXCVH8gag1T2M174KVuWPoR68S,272804423,,,0,0
2024-06-19T16:45:49.889Z,2ynNUFqiC5itM18os9utEeYoaqknixJhUm7jaY5c4H3cTVzvsv7AJCKhR6BXZa2Gnru4XDcr642QvtVnGYrgGw8u,272804423,,,0,0
2024-06-19T16:45:49.891Z,2HaiFiFqGgfRVJNiXj4JyV1fkrnCRmk2EmX5C6iJdbN2ALP5wt49wnKA3uoV1N5S85Qsbm9JaUt9fgPRsuxNJkGz,272804423,,,0,0
2024-06-19T16:45:49.892Z,3stXVxjPZi8vWyY3DgayoZyGVirn4L2hkQq9G1azyadDXS9KfseQ7HaJVXxTyHq1wvu2MhE89jBGEaHgrvZioVaR,272804423,,,0,0
2024-06-19T16:45:49.878Z,5eFYXkxHmM9ZNEz6gUrkCmxFNaZ1Lb8ztGQ8PRexkUXGwFVFxpfoYFvypUcmPJ1AFkoDtc1dr5QeaAMd4T5fUqhV,272804423,,,0,0
2024-06-19T16:45:49.886Z,nyZbcnFVeETEcSfJ1ec6bgvDFypCRZwrJDxqe4D8GaqeXQojReRUG555kB2uA8cpRtBd7QNPadvrHWNycKEnfkL,272804423,,,0,0
2024-06-19T16:45:49.893Z,5yJK8UXCyWYjJf4HdeFKXnqMrGiK6HXQopEnU6rbteqkcg7Z9mudaDYBBSqq3xQdQrpVmVpWsbdV5HE5n9QLeRpd,272804423,,,0,0
2024-06-19T16:45:49.896Z,5WdvNqoMPgyDrZ5avXMDVyWvCUnWDS2b6jC9KHfPudPBogdD7VnYJAn72z43495CCbsn7G5RQRcTVQEaS7NnuSQy,272804423,,,0,0
2024-06-19T16:45:49.900Z,24pNuXKqDmD1SLXztfjEyidTg8e44U3JakWYrxmRqLGuT4fqPCJJgwZNxRnHeFaRJLXLXicWXQrJQofKzyBca33y,272804423,,,0,0
2024-06-19T16:45:49.903Z,4BCScVjXgg2GYgwWusdnvDTa6GsphBheyfjFTjxLru95cD1nQRTacaj2zo9177dHcXVJ1QehU9hQdDQoqDn7RcuU,272804423,,,0,0
2024-06-19T16:45:49.898Z,35Eww82GYy2CwzGczLDedarPRj16RMwvUaPCBvWp3Kgzw6SH4xBN4bXb8NM782XbNUNBQUaCbigi8wP7ZvCLx57p,272804423,,,0,0
2024-06-19T16:45:49.895Z,2Vb3enpC12LT8y536vgm9FbnaVg8ME43RVfPUZWWabn8ddvbgfSSCCgr31pYSD6tWcAscF8YtJQPSrknfgGFfB41,272804423,,,0,0
2024-06-19T16:45:49.905Z,2thqrgMHNXTXuWZV4dszqe8JG9umfHbNzDy4phpQwu24vrYMQVgBDw96emMeq9PzfdTynMgU49opXf361gy4BWa2,272804423,,,0,0
2024-06-19T16:45:49.906Z,3NwM5rA5kKNfTPLzAgNrLgrPNq91fSjdwJhCQcbGSBUr24HpNbM1uh2UiBcZygjYikNFFmcHsyZVyCrx87t2mfkc,272804423,,,0,0
2024-06-19T16:45:49.909Z,3YYbHNbdUDLHf5A8GgsmPAuRVmnu9iutbDiCww8cXYXaaxQxxtn5t38n2qC7xufX1Raco1QJSjXMouo38R2Hyd5q,272804423,,,0,0
2024-06-19T16:45:49.912Z,3MNK3ggLFwd6g49QejSpzXtN4pZnZ4AUeBemGPD6BWNRrn9MkzPGNDBZc54szsweGCsR8DEsehH1N4qfXEaGYrZv,272804423,,,0,0
2024-06-19T16:45:49.911Z,6qsiSARcCtLS7uQX2wL9jDJujM64RV5cQ1e8Ew5pGeMfSwudF2jg8VbYDQwoiRHVxCqryihb3tBiqbH4X2rXa1B,272804423,,,0,0
2024-06-19T16:45:49.914Z,5TDdwmoV9QqnmJQkUbE8vA3Hi2YC8XRwmp6oeAcaUshDrPyvutbCJLcVdkcei1DEgdvzTipDT1y99kFgB8VmUJo5,272804423,,,0,0
2024-06-19T16:45:49.907Z,EKss5HGoi55jo7m4KHxx52Tgdaa3wFfD9rrR9VEd93TefybtNVkQqskRE3v6tiMXZPufEQDdTDwgefaGtnRpvFs,272804423,,,0,0
2024-06-19T16:45:49.918Z,4hVY4YXduzcqy3XKJ2APu3cVNgda49gEkbkCwUmaevVTycbybat24PgMwMLg9GaJvXXX5xbdNgRQGTiQ3ns26QVT,272804423,,,0,0
2024-06-19T16:45:49.915Z,5wgE3WGcKnGxRWfos6CcFyxZJoTmjt9kyXmV3wgiP6AbBwwzXoTb3LHBVNBbFpM84qxnBSZtL3N8CsYcrQLG5SDM,272804423,,,0,0
2024-06-19T16:45:49.920Z,2eNVAM5eYNJykYveCxkTU1HLQrRHgaeF89MT9KEZykQSqjXZRMwrhKvH2nkkQDh91BpiX1UsL9qbAMKXgFfeERGg,272804423,,,0,0
2024-06-19T16:45:49.923Z,3V6MY2zudCVvXMt1Rm3umyBAZquGCwsE5wCNe1x2k86mjXrQV6zU3hLQajQnjNhp6XK14grGiPRjTEUWFFSvvtPh,272804423,,,0,0
2024-06-19T16:45:49.922Z,37qKfNFWTsFkPF2dxsnvhtzcKo1AL2RFMG7pbkEvvY4vPkzPACG6XwJQ5gYy3kt2qggvSFtbqcj2DhrNi3MiLwQp,272804423,,,0,0
2024-06-19T16:45:49.926Z,2oN8AiDKYxw5EDvdhyahrQwYpkzSkV9BPSTVyQyiAvXqY6Fc564iGquHkAYm7aAAbaecSo2zPRSgLocDPtYJF4rT,272804423,,,0,0
2024-06-19T16:45:49.927Z,beiCcU78aaoh5M9e83ndPMNfS8DUshs19LUBJ5DvK2VL2Np3qyXRFhHV4FfLr5cShc5a2AUcPK5i387GAzjPTgQ,272804423,,,0,0
2024-06-19T16:45:49.924Z,2Goe2CWxgNxNWKbhSZKccmHdMTsepNTQUsiRDwxCFaoQBDbKuGnDxWoLW5oyX9j9r7uQkfX1hGZVdMkLWds38sqj,272804423,,,0,0
2024-06-19T16:45:49.932Z,5egsd7oiubcN2rCN5ZvTSrvwpvRt4bgn9bvfpv5EiJKUb4c5tutY4Tg1Rfuic3KcPyygtKNymdkdBT1dUxhkupBS,272804423,,,0,0
2024-06-19T16:45:49.928Z,MeY2Vgq5HzRc5qeTzwJGFiJNtQLApuUc3Egcdc24wVMUQgjyh2KSux9TbFVxc9hgrfGiNTtvMafuGDstxAf4beh,272804423,,,0,0
2024-06-19T16:45:49.930Z,2Dwwu9YNRgduEMby8Xk6oKXwT1RihD8UHxvQzzQYujYSAfCR6fNG36v347YQ4BDfLuoi2QBCAmqwEnQpvjNCNgBk,272804423,,,0,0
2024-06-19T16:45:49.935Z,4zhS9UYSYemgXvMaaiG3xK3Mr7mPZb2Sc2TSk31zZwuXLPcBkDZUaWFtViaQwo24k8h9dEFySHcNyCgUg3W9c2SZ,272804423,,,0,0
2024-06-19T16:45:49.936Z,18B9NRHphHzySaVUd6mGh8vxMmpQqx2v2oxNFM7gfYJjFMC4qawUMtoxBqiyU2BjyekkgGnPaMEBmDt5fT68jkv,272804423,,,0,0
2024-06-19T16:45:49.943Z,2ccbx1ytDnjYiSBrPcCJfrqbm9kgrF6YYyXp2JZ4j7ZbEXiVPTvESnu3HhZTd44qjKw7vXL62RaVNGGH8bDdKMWT,272804423,,,0,0
2024-06-19T16:45:49.939Z,ptRfESW8k21g2jykLEqMMH164vsZgy6Qb5j92YLUqhGfE1ZBYoRt8C3SL2DicJ3c3c57zGJnKsCH1AqtKu7jc3x,272804423,,,0,0
2024-06-19T16:45:49.944Z,2rr6rPsiQLwCkAeUJvUxp3sxb7vHPRE4fQ8P1VXTWyxiz4FRLFzRYeTrNU1q661r3GWPBuDwBcGKfBWD6LDgFta7,272804423,,,0,0
2024-06-19T16:45:49.941Z,32R8GdYbLUCcPaiKwujwykstchsuVAFoGxtsPwkbi9S4kGrNc92gdZFCXvqqiU7aXQbsCwJW991oNAZYue7Nd8R,272804423,,,0,0
2024-06-19T16:45:49.946Z,4CwWdswuupfhUcS8G4cjmj7WMXAqZ6rtbwfKpo7ke4kG3SrEhqwKBMx1mhdTWzaUCQQd3htuE6jFEYKMb8w6ZdrJ,272804423,,,0,0
2024-06-19T16:45:49.948Z,YLduEkem2m2QoDPfSBcGB3ccUvaJM75NSzsXsudK5uVUDt7fwVyc8VvDNvYRwJGFBDMedSbxa53mfkwBTnwgYoi,272804423,,,0,0
2024-06-19T16:45:49.950Z,5UJefjvNoUgVdyYBCdJFC1dNAR7nem4STHNiyiXpdWFbEEfgFzkegC4ouXNmBjUztZNec6ShoieiX7Rdiav76Y3w,272804423,,,0,0
2024-06-19T16:45:49.952Z,8yP6R6F5xWffevueN2PwfByWXXAuKYd1nLZgbLjpJ248SKrCA8i2kft1GaaBPHTzqjNwZZVZjA25AzkgvUeDqx2,272804423,,,0,0
2024-06-19T16:45:49.953Z,5Lh74PXd7p5NzV1FFNjVRx4C5PtPGMRiLCVotXUHwREJmUbx8LZN3PzKXgkUqLAnFjDFyjpf49nxCh5LL6D9vYCk,272804423,,,0,0
2024-06-19T16:45:49.957Z,49eZ8FPzw4Lijdz7VxPLj5UpFnZ3BiXEr7RVhoQmQLaUkzDCyym8a5y1EE7KSEA35Jm7rxs5pqeH3KGJJoEiGaQn,272804423,,,0,0
2024-06-19T16:45:49.956Z,NQQ5ydhSqEBe8J4EdQhseZczea21osEZjPH6oNSHehzCFkT7kCq3evaPqSCpwFqDrHawEpu4XSgK7GWtURK8VjP,272804423,,,0,0
2024-06-19T16:45:49.954Z,5p7XZ7MZV4H3Dssm67d38NBt1H9YGURbw5EFZJg1V64Qu3mkWbsrfSkwN1zCD9wbRDcXu8fAFAZawrfem3ZUTSdX,272804423,,,0,0
2024-06-19T16:45:49.962Z,4vxXFUHWn4nrnBq3V6mZo6Lmf6aGQW6wnD5WEHTyzsZDNmk8YPCMhrceiu13fmcRKaPtjDrdCc2edA3PX1uurYZ8,272804423,,,0,0
2024-06-19T16:45:49.959Z,2Yf7wx52jEmGZkZQsGTUetY8PxyzxAZKpK7LBHGBygaQTZL4b4rmFPFgmVY5K3Ee3LAbr1KMcAEMkWBrFPr3piMg,272804423,,,0,0
2024-06-19T16:45:49.960Z,3UUjgcxdLXcWrcrVCjk3gCAQdfFsTjst1vMAWLzuxDokFBRjVWibqa2vUhBYNwkQbuZiWDzLQgjgkU5vV8Pae7ya,272804423,,,0,0
2024-06-19T16:45:49.963Z,4DiGrD1PzT5AcWgNcVjgNmqL5HPEojxaJsgoT75tKijLLKTVTS7aJkswT9jApjTCvoPueQSgt4rE91hDXGSsVBtx,272804423,,,0,0
2024-06-19T16:45:49.968Z,Dg73jNXLYvFvts4sKY6sNizwzxro8RjMJ8e9o9zUkKDSEsQ6pNjxrm841yT7cfTV3cqnierRxycNRwtPn8CuEyU,272804423,,,0,0
2024-06-19T16:45:49.969Z,3zeqVN4ZHhWhS3iw6SGAAE7iRPZYJ5Vci7NMCiPb97qYfL9WEp4hB1TY2YsCNTX8vTgZq3vpFPxsGQ6nTMzwckVt,272804423,,,0,0
2024-06-19T16:45:49.965Z,2sndwfY38qujcybL6sBXKF7KdPxoUEHXPExgGJ8gRxQx9dQSFCqKYu6CxRmyxoWCbAJ6aLzziCUBCL4oyeW65v6e,272804423,,,0,0
2024-06-19T16:45:49.972Z,5HmMiwayq22VWLJP5y8Tsf2h3cMbLoJXPB9ixdiH8Ea9HLPj6ZF5cFyZx4cJdrapTZpMcPNdkzFCVqeYhYniaumc,272804423,,,0,0
2024-06-19T16:45:49.977Z,4345m6SXeDAXjUjMSrECAepnxY56k6arrkH3xFiKzU92Wphnq3Lh8FAWSPCVnHWpzBr6hEP2hDrGwBnN5auDHQbK,272804423,,,0,0
2024-06-19T16:45:49.975Z,5L7G8qJQ8uCtENxjsJo52tCggK1TD4qkWtRgrhG7nQEt75qLaW1rHVbuu9yuamSQHJjvcUhF2GMHWcjF8aLUiRuj,272804423,,,0,0
2024-06-19T16:45:49.974Z,4Tp5sUan5boQ4knWdufJcmraFfQ7YBfJ4UnjYSyeG643i69PMaJNqUnAtsahPz9SNf8bJBJvfP7sujLhttAhJhFw,272804423,,,0,0
2024-06-19T16:45:49.982Z,3zkMgj6iY9xvbkqnpmM8YfAsMksMHAUM8zz1preEsvAAEPPXGYR9kDFZmP8gejsv2eeZ1mEdzLd1yE9bzPNKY9Ht,272804423,,,0,0
2024-06-19T16:45:49.981Z,41QFkoywAj7pByyKZEp9mXye6J94nHMSrihCYp6ioM6x6Z6VpRWwqbBWYUCecoXL2JR1CnTm47Njkcke3C7hTgGS,272804423,,,0,0
2024-06-19T16:45:49.984Z,5FWnxFciAYRyNBe53DvFieHx5PR1L6RDXx2YhQ4tguZDizh4EfNBcoBtTbw8XRmEPjy5PkaB5xxgoXLdzCG596hg,272804423,,,0,0
2024-06-19T16:45:49.986Z,4gm678k7Awxco1PuQ5FDpqhNYTfm38v8MaqmL9RvFe2ySLdahWAAiB5qYieyCdFNLvXRZ7CAFxuAUFU7wpz8dvAS,272804423,,,0,0
2024-06-19T16:45:49.990Z,x1mJRGWFmcYkquDe5uXWAPMw7VLn9B7Rut4FvGNxHfcQ4Zz87URCJwDeVZfMLvTAp6vGrQWyCMBzdTz7SLWRAhA,272804423,,,0,0
2024-06-19T16:45:49.979Z,5vfCwTwJCfntW3uGUnwYHExVzvaPhAaEfWFJSXdaUWoCFDHSCKZuWGSnL99ACrCSaaeE121iYTCQBugGi9MWAuoN,272804423,,,0,0
2024-06-19T16:45:49.988Z,HtZiK2rcmLMuBjCupwYQGFar1PmXB2Vt3R5BySaV86LwQEfxZnLrweY7xs24cAKA37UhuqX4FAj4Ast3ZwHMg3s,272804423,,,0,0
2024-06-19T16:45:49.991Z,PSxDVcQMmmZoSSbMcRF4vwPJf4jb6xAowWYNhxBe2THCRnUcfMVrmHZ1LXYL31ey1Jcg8NbJ6u4RfJjijsJwqLu,272804423,,,0,0
2024-06-19T16:45:49.994Z,3FwgAD1WZFgZBJYjnftrz6irSFLrmGhCiCMumV3pcUA1bvXyK9or4aybNVYJNj5j6CbcgzJbZbCavW1gxCfKBLjo,272804423,,,0,0
2024-06-19T16:45:49.997Z,iR9J1ib6dBhdXzcfagYy2xjkD3aBS9YiT2u3mvgXeEKTP2RNaLzgwkk7dDBdLZ2HhMESKhMLHx24s7iQPabFLsL,272804423,,,0,0
2024-06-19T16:45:49.996Z,2W3aBj4rJKLZwwQrLTq4LzxSMLbV4pzo8A8RnzDQyhVVDh5o23AayXKxnh3PtFVzMWF3ZWk3nUhNDJfD7HzohJDo,272804423,,,0,0
2024-06-19T16:45:50.000Z,5tmxMU2pQb1wfvPsy5yn1Aub1ZztDaTWRXfaPaZDKqNTYVVdSKkUcdAqMHwfLGc4NMqTZDotQrsY6877cCtM8sxG,272804423,,,0,0
2024-06-19T16:45:49.992Z,5nJ3LzqKtNsuGdsYbVYVKxX24pDzBzb5AyQsfbPZca5SySzVxb5BuKyJJPFJn7awiqUbL2pBw2wLZhucUoDX3rwt,272804423,,,0,0
2024-06-19T16:45:50.004Z,2WCJhjFbB2t2zUb2uSyfmiqAMHwiXrnF4PXEQtAdB2i8GecM9TBiv6ouq6TaLx4Pyi6H5w5qaAqjaidCMrXUp3D2,272804423,,,0,0
2024-06-19T16:45:50.003Z,3royyr7F8bzSbVtGdtZmWRaJotaqCNKhi3DgW414zYhuJqeU43rBNmh6fbWDuARTuJ82ND9N4WvD3715GqYSFQmq,272804423,,,0,0
2024-06-19T16:45:50.008Z,2gYiZWe6s7genCfiyyST5SBqtiopLKcQzFbCu2epSThreLzrf7fnSUCwYzUaKXWxpGqqsTvq6VQ5LPE8qSLedKsc,272804423,,,0,0
2024-06-19T16:45:50.010Z,4T5NapCRkqxq77Bj2efqiYn6N3skHva4i7t71cjVs4SGeAYYx7DbAAR1fF3U3LbBRavmcR6geqMmRjZr7ziThye9,272804423,,,0,0
2024-06-19T16:45:50.006Z,2Sux8p1ATZVtQS7EsrftTvCzRqsETAJJoKi7f5NXo9RuH5nqK6ZPWEQKGvGVMYfi4w6gHQ7gntaxDJmt7YahXr3R,272804423,,,0,0
2024-06-19T16:45:50.014Z,2kgUom9oDzW9XgUNc7BixtnYSc3qowU7om7WAC1NwPRJe1hMLsXqnxArafn2pcAnb6mjhFsZhuVxAKv1fA2SKxP9,272804423,,,0,0
2024-06-19T16:45:50.012Z,PMFwBS11sJ66HFdmxz9xbuUHpWme2NM5D3meS7MfuiogCRe4LXvoEy8JZyEsrxUamTzhWMenm3g57Bz3uqxZGRA,272804423,,,0,0
2024-06-19T16:45:50.011Z,4NESKZRRDjEJgvXS6bAq4nFSgy5XkHQC7KYHESpAZs2oZkuodYxv3nCUcYiSi4c2ond6R8TdtEAmi2bbZvBimy6H,272804423,,,0,0
2024-06-19T16:45:50.019Z,2hZcfjA1mrN9qpz6K6UfYtxYoSCXGgtxqxV2iGqi3h5LAmYuJR3RVwNigVs5vVS6YVWxZbE67dD6JNJ7Ji5nyQqU,272804423,,,0,0
2024-06-19T16:45:50.017Z,2kiihcfdoZFA3e7Rgk4H729P9MXDgt7tfVeYXZpqwxawtiVUTZNvN6hAsmVtWxd58YcCHsBedGCRx99oMyg3nYKP,272804423,,,0,0
2024-06-19T16:45:50.021Z,5HJnXoWorGqxP7ZvM1VqaTJim6BYbv7gvWzztFHiFX8c6ZqQFpjPcnwyEFnYNRu3CH6iCJwJ2ghQz4ybxAdLBnxz,272804423,,,0,0
2024-06-19T16:45:50.020Z,36KHxp83HDBW7dt4yWwBr5anp1UxcX4Wh1RKMwHZqom6CEstYXY9gZH4GmoUw35E7grfkVsVFSmcAyk8YCbJ82dM,272804423,,,0,0
2024-06-19T16:45:50.015Z,59P4FrRaLWpapXJmBA9386ZdamyeG1Tc4ExCTPMm4Kidau15VTqFKXU46ktw8LktjPe87rLWKFqCGQ647kympADo,272804423,,,0,0
2024-06-19T16:45:50.027Z,4SR5WM3Mm9dvsykNmFjVa8wmQzBo18TuxVEwDeLe5UzbPaq17fxjJYmDRE4j7KPBry6WmUgWQJiVvPQtVByaReRE,272804423,,,0,0
2024-06-19T16:45:50.028Z,3GG5u6V1x31PKkrNWbg82bzz6teqL4RKYVbmdcHiGtA59Gb1iGeYyCYaECpn54q2Az1viYuRxdqTahFLiPDvaxwQ,272804423,,,0,0
2024-06-19T16:45:50.024Z,2LjFz57nR1MLkCDdc3Wha4yNM8sKi1cW6xFbmUSvCXJ8THmeuFkCCF8nNZm9LfnMjCJmaPKPYMBfVTq2XGve93QQ,272804423,,,0,0
2024-06-19T16:45:50.025Z,5xUkr9HbF78NfJYhvNrn2rGtRVjbREhGKxXXrBcsvxua9v4Aa65g2myfP2cwztdFwTDcRxuVVLg61NgU3JpZ2uT8,272804423,,,0,0
2024-06-19T16:45:50.032Z,48EZDjPAegMBMzaJ2wQ44T8P8xoh7h2Gj4YRiqjGzsara31ZP3LxDbK1HY6hLaSMeBk3NfwqLsRa72pehQUqmDX5,272804423,,,0,0
2024-06-19T16:45:50.022Z,2mNNbS85EcUD5HxayKzHKwAVLuEpK99BK8gT9hr4kupbsAtezGcv3mK3mhXBDaUfvipjWgmnVxPLZZyNVXMvNBY3,272804423,,,0,0
2024-06-19T16:45:50.029Z,4Tx8Vkq5zeAwDsHhqWgXuTzioZbStKmh25kTFUjTzmjufyp5CPzrcKCg93F7Vit2ATryJHNCi2eU13cB2CD36UM8,272804423,,,0,0
2024-06-19T16:45:50.038Z,5pFDiNuSbkyMuhgyJnkoBfckaKz1F8yv8jBDPhvjH7SadXdiucX4Xmhs9MbTPejRbp53fxTZyArrRtprVzhuaks4,272804423,,,0,0
2024-06-19T16:45:50.037Z,GjhaCroKH4rCtz44Ln4V4knes9vVW7NAspsf9fjBmbtpu8JDC5cC5WZyENZYBQpNKiJFx2RenirTbwJbKoH9bk6,272804423,,,0,0
2024-06-19T16:45:50.034Z,4cRngVT3tGZkw2vGNm1gmZQoBQ33t52tmTVeWkzGj2B5PaPCdR9XsewUXDcoZJmXRbfgfu8WKTkqGiAkesLsw4cx,272804423,,,0,0
2024-06-19T16:45:50.043Z,4xV7rcADkNu2m9vmy6aTEe3FLHDh3SwEh8hRFR4zhDc4jycuF24tppzQQurbgiixBa4kFadSYdnY6RcoTPZU6vad,272804423,,,0,0
2024-06-19T16:45:50.042Z,3uTMRmqDSZa5MUoD5fRjii5jkeQnyVRxNCddAKZziFoi2dqK2ct8LZ5inVKrcxGCJ6cUHdLDEQfC87SbBbY9T5Y3,272804423,,,0,0
2024-06-19T16:45:50.047Z,3Rxdfd4vFi9K1fLyZxfms6yPbDGhJtEfrHCnKMANLj4LGJBbz6E7EsdUELQyS4B64zTUJAa1J1FxGegY7MY23GdA,272804423,,,0,0
2024-06-19T16:45:50.048Z,hkFdZtQGEJBAf1tQWNFNSABtvTUeQHRW7mKz6a71KnJYFYidEMrsK2FUP1erRUd4gtgwWPq6JzCGJ87YmR2ZrjP,272804423,,,0,0
2024-06-19T16:45:50.050Z,2n2jaBkLbcdKNDJuhAevSjPK1p6BnwtuHubWzgEx3CH3ZFWNhdAKrQH2UkFS2An1EHRMvwkKBcVgjDNaJwc5ajSk,272804423,,,0,0
2024-06-19T16:45:50.045Z,2NonesHGSy8nS1MBz37iy5FRb8SWvVk7X95CUdtoFtcYqz3W44PPeY8Hs8rvpbbW8uFYqMfAcNdevfJ6piXSTfjJ,272804423,,,0,0
2024-06-19T16:45:50.051Z,m9QicRGSZx6LRcUQQmMEymJfT6K9z1gMgha2MmvADGsd5PY6MbnrbyfQZrxBq9m1Jh55NiQStXHPMuDeMvcLPhU,272804423,,,0,0
2024-06-19T16:45:50.053Z,54MqbQZpjvFAr1VFZrsJwNs3AggqLcTjjx9sPo9DcQXu2njcDjbNbBJpJhZX4siTJKZGPBuRDDgQZAcn5z66DK9c,272804423,,,0,0
2024-06-19T16:45:50.041Z,97FZsRGANAZWfYu9DyMWDwcnnE8wEjkTCi817oYuFpvKdxddowKVXYttPncRYsy5y1vquzuy7fEyPMiJco4K5Lb,272804423,,,0,0
2024-06-19T16:45:50.056Z,4x7JC9GRstwD59jgJEhNvyLrHC8nYmhaNpMGTvD9dKfZNVhxJFm9uQN5wNSbozj4fP5YgjjZo4e7P1qhRiSQpYqa,272804423,,,0,0
2024-06-19T16:45:50.059Z,64MykYP9Uyv874oDUoQdy2eyhAZpe5nW6nAyo4vbw5pwSZBcX8YPd37e8AfBnkx2aXKFA39F4ddvz27NN76w9hfD,272804423,,,0,0
2024-06-19T16:45:50.058Z,4CC8wDwVEmUoVYeeQvk2vQiKBnPVzgYSkspqKGY4mC9pUvEUa3TqCCWShRSj2PMB53z1SPS1YQ2mkgZkeRHq6rXG,272804423,,,0,0
2024-06-19T16:45:50.055Z,2CSqZ7ro5M21S5UiUYLkzrxCQz79gwQeAqGrxodmhTihb868qGQ2Y8sbS9EPworMvKeYxrdYT5mVnYrwrDYNycd6,272804423,,,0,0
2024-06-19T16:45:50.063Z,SSPSTea42SkVSrWoL7Z1y5VQGDGjvPYE3QsXXTYQiDhK3TUFXKN13Z8irgv4R6iK5mdkuFDw8Y5m8iQuSZvizcZ,272804423,,,0,0
2024-06-19T16:45:50.071Z,3VNntBUCRWJyDkhb9fvKvDCaGCbtFJcGwGCF2t6WebH2Zy9T4DR8w6i4vpHwixt68nFzUp9fnaNX2Zvy5M7kZeZa,272804423,,,0,0
2024-06-19T16:45:50.070Z,5JCaHabZA2rqmgZD7tCvVyHTkNezgQz12aj6kjooydSLPdNak92Uoiwo7mfkfEpddJBn3RsPw5HotTP4cQmhD1ug,272804423,,,0,0
2024-06-19T16:45:50.065Z,gUh3iUwv2EoeiMssCsFBTGrn6p3xVpWibBtTWW4G8pvQqnHCvbreWqV1SRES2xAvN9RsqNQAYMUzk9AGF6zQ51o,272804423,,,0,0
2024-06-19T16:45:50.073Z,3sQBx1B6SLMVRerYXyrJmAQqqnaC4qR8VKXYQ61yeJasxHaqHDBDVLhghYYG3GiN13P3WwDYZkYVwaNCbbY7W4pp,272804423,,,0,0
2024-06-19T16:45:50.077Z,5zjzgujRCbMxVUXxCUqt4e1JdocuuoCdnvpcxi5evu8EdFEYSrzGXnLfc4CM1VUVTFt7bofoGR7juLWtzVhNfPrR,272804423,,,0,0
2024-06-19T16:45:50.067Z,4zgwNQzQJK2RV67oK79v8Fip2Hrx4wqsif2gw7kZafQL9TtdPvQeritTyeMPWFPJa1j1vRPKatKuPXBzZvVrVNDk,272804423,,,0,0
2024-06-19T16:45:50.078Z,3Br3ksNd7GqXu8uq133JXyYH8GVEasw9nHUsG6u8v1JpjVhktiTezxpwhd1B9YHpZHc2gzxb1tA2EDbRrZj5ehRt,272804423,,,0,0
2024-06-19T16:45:50.075Z,4RarKZYs4vGx5argMfKrNfgUfrJkUT45vcefJ9Jnmm3JvNNNAejwU58UAP9YtVhVNZzU7uxuRjkbrwincLKSxK4g,272804423,,,0,0
2024-06-19T16:45:50.084Z,2XHZ7uEmXnTavyWZBYuhiWHUbWexMCALZEJyXBNaCc2vUTkLxQR925RHmTfqhKopjJ7DALQWa4obgCj8ugwC5Gva,272804423,,,0,0
2024-06-19T16:45:50.087Z,43eJCyNzLF6dZnJiiuygewJfav6cBY522gB3zpaWTueunjyeeaDKn9Ai9gxLFg2W6Y67xjhpPJDp9CGhKCtfdB5T,272804423,,,0,0
2024-06-19T16:45:50.079Z,2ypHknoJZBTSpxdKbatGXwUKtUt3L1wUL1tV8MeCt4J2ydDu11s1ekCiuVdMMKD8wFB6WLWVSPSn7VKZ8zznnvwT,272804423,,,0,0
2024-06-19T16:45:50.090Z,uz4LreaQtsRunzephoXjFaSYvPfQC9uuuHhjsqSWgxbqoutxpLBWXxeeuXZPqTmK5Bf8nT8EcQmarDE9snKM4ju,272804423,,,0,0
2024-06-19T16:45:50.088Z,4RWGFZDk4dtNHmMJxZNrzkY2Uv33bBRcdXdA9jZ9ouFuwm7y16cGfYngiE8e1Eumbqh2niVxgxJCftHdBr9d17b4,272804423,,,0,0
2024-06-19T16:45:50.082Z,121PjtWg3wKQLwSnYsadCdxAfNWECwq35yB2MrLVwRLv9sc94aDWVxyHj82jsKKcnMfVsw6g4Ui13NF452n27saj,272804423,,,0,0
2024-06-19T16:45:50.096Z,2VhMsJ8yXcUkFttJMh4bbHVrm9ivDt972g7FAV16BcptW3UmdgmM2dJ6AEtx6TZMJWumhJwY6tSrsHeUnFFgqfur,272804423,,,0,0
2024-06-19T16:45:50.100Z,2J6KZ43fhQeYi3G8S1qbpbpaFsHsbCNvBGNAvU4ARZHxSXTTE3LddLxdzT5pQzfX8GdsD6vxBCHReKokmQWaEoxf,272804423,,,0,0
2024-06-19T16:45:50.093Z,4RBdgoNAPvhjSZF43okoVDeTmJAAdasJistYUw7fgersu91qveKbWKA7kLPmNJyiAYYZTL8xnhdM4QWuCE7YXG4P,272804423,,,0,0
2024-06-19T16:45:50.103Z,4y5tpGw6sVJmSTG3qzrKrmq1hpUX5vCLRwjhUZ6a9knDJ1rp5AhoXL4wajKTQ3bchxaQwTAhgypEBUdxCtM8tMEQ,272804423,,,0,0
2024-06-19T16:45:50.091Z,43GT7HME4MKdHWxnjHkY8h5vMGS8mWh8cM4ivhMBcqT3msbKWwYXxYLnEeneNbKptjTnEZArYEPjVRNNLw9ZC4Dq,272804423,,,0,0
2024-06-19T16:45:50.104Z,5JaLEHxCEv9Mhiu7aZwNsbbQyq4Kgb8bT18aeK5k8FPYZFJ9T5k9PoY6RXS78Wex1yKSzX35YSZEDh76AKXynmCK,272804423,,,0,0
2024-06-19T16:45:50.111Z,3Her9S1sYaaJ4DXBQwCAnvcGiMXLpxcJqWi4cb8WgCRvyvQpwZ5f6PSZ4xpQfewn158MgWbmPoQR6FtV2b7f558a,272804423,,,0,0
2024-06-19T16:45:50.109Z,4DamQquewwkqWuetieCvCPD21EkqgVTKLwj2BCXHDCPHwBTCUDUzbtUyfs5BuLcknHkuH4V4QzZKHSr5Yy36Jt1d,272804423,,,0,0
2024-06-19T16:45:50.107Z,3FFAdS9Ax2QV5nxDv4UpDSkhi8RoYDX84e2paghxFXt2aBCyz84UsGUPUqE2CAg7nce6vYHjwdbBPHpKdc5TNuGf,272804423,,,0,0
2024-06-19T16:45:50.112Z,Sgt9y9iAGktQZsDrnN35ozzTrTq8ZA242g9xgfAzmRpDv6idTmUKtfQaRE7VvzHsaQxgu7SxMmjUDvJQrLzDkTG,272804423,,,0,0
2024-06-19T16:45:50.114Z,2bem9cuPz47L6jXXoD6GBDDXMoDSNmQBzSSTP3FKuwghj8i76ZwmUuS7HUASFmntVQVKRc6vxPjB2n2t3KHzjArB,272804423,,,0,0
2024-06-19T16:45:50.116Z,33MQroieeiBpQ6EwoLD6e7Mb8gbfMGkjhdtckbGXdTisaf3zk33SGUdABGjkwqSAHinas2rxQBdc9hr4ocZMp1Co,272804423,,,0,0
2024-06-19T16:45:50.110Z,3KTxesAtDgzuR1irtdcbhSkczyQ1sHerocmQLefXiKK6BLvf6Uhs3CAGBjiemPi4ccgZfdAs8Prta7icPYJZ78ts,272804423,,,0,0
2024-06-19T16:45:50.123Z,57AKGi5SgyNaXq5B7s8mFSmzafXUW7YdEmbSoq1qsMK1xijV8YqFhdeMXigygUUj8kb8aKLEYGv7hNwCA6cmy9Wy,272804423,,,0,0
2024-06-19T16:45:50.124Z,5dHQ9RiZ6siGG59R1QjCTzBFm29jjXXfVFZ5g89h2iL7gj89Pr6GycmSkatFju8h6uSDmgXsCw7w91Cj3nnsvs1r,272804423,,,0,0
2024-06-19T16:45:50.120Z,2yYEZKjrKXgcPVz6Bnxifj8m1hEgWNnMY4vcvvro4dyr5EYoeAH5Juv741qa4pvnxuG2iZaBNuEKjW9BzjdMhz5U,272804423,,,0,0
2024-06-19T16:45:50.125Z,4UN4pYr3geEY9WdWWLBSxv1zPFsmfag3vjobkaBCbhh7k77XFqTDWJf9rkTWz18HETqkiVMKi1ZaNpkqEfCW2jwA,272804423,,,0,0
2024-06-19T16:45:50.127Z,35kCjCGod2Y6GFpJZB43d7vP1mD4m1PgrHs6MBTLgKdbesYQvoDoTgE3kgc8v77dM2KVCcT4kj8xhH4QnLoKVCm8,272804423,,,0,0
2024-06-19T16:45:50.118Z,5nhku4DZZq6hzesXSJUuUrmpdfhVz7dqUMe4QyTR8djPMu6whM5J968VY7RcMEqr63E1G3ti9rWonjQfWBisL16m,272804423,,,0,0
2024-06-19T16:45:50.128Z,2KXxLb2s49nGDhDrVBoPYYHsaJCL4AXqaBg7x5Ee5yjjZLCK2MLmFdKcLmwwt2zwEFhP2EQYZBYFzQ2ASpth9wT,272804423,,,0,0
2024-06-19T16:45:50.130Z,3GykdAZJ1sHyPPv5DwiELpm5T1XnnwbunVTevmDzPqNV7H2VLcHuM8EQbbMwCvrtKZx2drCp8DQGi51kSd5xGCb5,272804423,,,0,0
2024-06-19T16:45:50.138Z,vveUSrQ7Liu7Ch8LEp6JjaqikCEKMEpktUn1ZeAGh4M1FxvS25KCR9Y3DE9RQLZ6Yngm8RZ3hM5TTTt5PGgGbjR,272804423,,,0,0
2024-06-19T16:45:50.133Z,3wECojga2VBCrXDXZSZzYiYkvBLRwb2BbhaVjBiXZaDAZgHgYtWRMGCU1x2NKejPZeCXwNUrh5hwznMc2nE4YnN5,272804423,,,0,0
2024-06-19T16:45:50.142Z,5LpVdJ9YQdza57WA8YY8MQSv8QrRZsZhCYubzMiRjQY4EEAAd7T94aAg47hPyuM7sKPUYB7iBV1fzPthVKcAiuBU,272804423,,,0,0
2024-06-19T16:45:50.141Z,3WzyPvu4KkWVHCYTxB4jKkHdvST8vKb55ofzgRUtMwQRPEai66CVAmX5gQzXyocB8jyeBJBGJRB4PJdVcjcuiXFR,272804423,,,0,0
2024-06-19T16:45:50.136Z,3s3LxvfdKY4q3Hnvyp3PhSg7aCjV9d18kRRr8Y3EGTR2NyACjCi7LcbbFDT83FKW8cf6Mm69fMBFompyEn2HcgCt,272804423,,,0,0
2024-06-19T16:45:50.143Z,4xg9EQv4rL2DFobTZvMSU9Dyict9EgU8hmqvFj88s89vP8KRBM2wYozjEwJrYRTHxB5K8pDFRKHhS6SWKehYonZF,272804423,,,0,0
2024-06-19T16:45:50.148Z,4JcSPL4aV7TiZQUrTrSYRqJobHcRW8x4atzdts21zS3GfLWxbnajitPmq5kDjnCRCfKur7cTDiEHz4ydhvA254PG,272804423,,,0,0
2024-06-19T16:45:50.150Z,3ixwAissLEJ5EPeLs4Mc3oev72BgpLp4PiEACm15tHZL3EKUQHgy3ePBQnPYCM3TQL6nnUYZbTJ1YHokxViw2kUz,272804423,,,0,0
2024-06-19T16:45:50.145Z,2Hr6nwDmByHF84o6PMGjknewdskW8vs4fpcNcGVeXPkJwUfXPgzVYKFEnvYwijaZL6cWDqewAa1egq8dwtnSr3H4,272804423,,,0,0
2024-06-19T16:45:50.146Z,4cWv2HrT2YXAoGs9acd5n4jNHj2onG6QNHnoQzPtQV2DQYBgNRsCUNT59jBqQcZwYVEubsNzMnwaSiefYZjMkHTh,272804423,,,0,0
2024-06-19T16:45:50.151Z,5npjaxTvJm1hHmH5uPRyqSCCcPorceLkiTrvaC9ALwQGXwXkELEWMU5aLxdHVJvaWWqua5KzqJ7ufSMdLPFBBwVa,272804423,,,0,0
2024-06-19T16:45:50.154Z,3kvALrMf6Yx1GV386r1dyB8Xchq4RCe7Dtvjr9oF413GERbZxzhn7furGqUvpjDoLAb6fNJRgodkYzWp184U7NSn,272804423,,,0,0
2024-06-19T16:45:50.152Z,5wokKPe2k2mvFvx81v8eyQs7ZSPGcGwh66eK4S2qbs4eCRF5sYBHaXQXLzrBFBtfLQWGjP3rfiq197txFssG9poA,272804423,,,0,0
2024-06-19T16:45:50.159Z,48TbJLZXRZwQbz71DKSbxE991BWT8qn1Gm9Fk8Zad7LTLtLHgVbPqQTTbkNPUaLiVafHhAR5rSU6yT397g3MdLxC,272804423,,,0,0
2024-06-19T16:45:50.161Z,FEYCvYThbEguWAmqwSVY9gXx6wNe9x23JsiikVJz1cNX1MShh7UrCBYKaaQLNCDH6JDRNSieGv2w1Bk19o1pJGf,272804423,,,0,0
2024-06-19T16:45:50.157Z,5r7CFbdRgqh3eEqz4DVUUNDrWzk1kW8G4w3dQGtPByJtMmborxFg8wea2c6xNcYCWhbQDDu1u4u222Asa3nFdN37,272804423,,,0,0
2024-06-19T16:45:50.168Z,3k7n1DHNAVDXZoi2w5ymK5kMMDAAFBVteE2BpxMKmDNtmxh9i4ca33M7sVR89XAvyKbd1k5dvkRcfQwuTRzmmSrr,272804423,,,0,0
2024-06-19T16:45:50.156Z,3Kkj5MvFUoDpcxRjSaB5SKCXYvCCzQqXjqfGdaTtR5Lnqmv71kuCMpN5QGvyxbgWWzQYwSVDnSqZR4UDEq11NDoc,272804423,,,0,0
2024-06-19T16:45:50.172Z,5c9cyd2r7CYG1eFirCruyjTP2J5BHqrFhjnTouHSF83MLzYuZyZXN9cZLfswsaQH3UbxdEUugtZuuDo1YTYfEnq7,272804423,,,0,0
2024-06-19T16:45:50.173Z,2R2y5qNmzpy9BKUx5H1i8rmcZLeL6YYLRq8re9V8mSDpnmzjR6vzTmTYzqYmLkfaPSQTfQJmZTB5xPcxvkeT6iso,272804423,,,0,0
2024-06-19T16:45:50.164Z,4pupruhChpNxWyaWGjWW1gRYKKD9SwKqgXB9PoBCLEEgNCyzsYf91dso2HJvxwchXDpgp7AyVPBHo8Sg7coa5McM,272804423,,,0,0
2024-06-19T16:45:50.170Z,5t22wcgoXe6Q687ogFZfzVCG4n8sgcuyQyQ4s3oG1BEmLdnNrmKYcNqLTxvucskHKVW1fiKq5sP4SW4HP3Zk3vEW,272804423,,,0,0
2024-06-19T16:45:50.175Z,4D4QoLdhDR8ZgCzWCiyDdogmrEBpwjFsund9d9J5MkjbXzbB6MGYQDt8cy9UUfUXrEnjZ6fotv67UhniBRG3Epyy,272804423,,,0,0
2024-06-19T16:45:50.177Z,26VCqLcRcWA95YU24io3eHXcqeKr4Zu3EomR2WH2Tk1FaCaimPb7agEZh5P7T7NoqfZFQxcGpZeajDU5Y2ME9CUD,272804423,,,0,0
2024-06-19T16:45:50.181Z,3mgMw1akTLLo6pzR4bpchypEd1sN5bBFVdA3ZX2SuwVH7wcUabPnvkjwzNZjGmzwtz2vPoYhTiMeyi1AjVrGSqNN,272804423,,,0,0
2024-06-19T16:45:50.179Z,2viAXjyp5wRwfqvomTBgNJ1ZXMgBELww8pcf9LBMRHnG8Fiw3bq9L9TowovtQVMrYDhpJT5qsMR8rPUuL5peT9WS,272804423,,,0,0
2024-06-19T16:45:50.187Z,2FUmjkZNZEL5omtLAunkxL8EDmVsfTwp15FRQAEZQwKmKyEkxBhR7Sfza1DfFv1gD2ogDM3JSznzoyYykgqj9MPa,272804423,,,0,0
2024-06-19T16:45:50.189Z,2og9rwjKAwWso2rsXre19cYL5eoaZ5jA1UoSE99URnKSxpv7nvGxrE3rwbQi7m979dSt4cVBE9VUih29agnATWE3,272804423,,,0,0
2024-06-19T16:45:50.183Z,29GdSDTakvEN4xdVmRptoynSQGSEUsZuatChoxNsg28Jr4ZKgpzFkxwp1jK6cLcMk2of5g4stNrSNx5L6PHKUm3E,272804423,,,0,0
2024-06-19T16:45:50.192Z,3A6SPLoehGYLAHEbuvfULurJ657zsRtRJ8dqRPtqYmeWLr8BfASFLknSrued2hU2mmTr1eMD2TXfTTaW6JayL6o9,272804423,,,0,0
2024-06-19T16:45:50.185Z,4iX3wrNxEsjSKDAuD5kdiP5W9r7ZUgTsp5JU5LFhsevxKY97QBvZL9rbwiyQULnMo6x6e5DX9fNWLeMTFkj9Q6QC,272804423,,,0,0
2024-06-19T16:45:50.194Z,5r3FEoK41u4Vapav5ux6YzsRNo19KLfuaCHaaq5UijdXpAMnp8WEzFTen1ssLkaAZe2RBz3e7Tww9kNQAGtnjSuu,272804423,,,0,0
2024-06-19T16:45:50.425Z,5jNdMQh1W4QFqDhSCwGEGi3jF6gkYU2VA4NhBPRDzvNwtyzr7ggVT7cH71G4TsaDvN15YF3bkbxnrnTauM6Dggt9,272804424,,,0,0
2024-06-19T16:45:50.431Z,4xR5j4UJMiRqNRC8VAuDvVjXbpEDCsD7NKdx4BVm9BsD5adiH86VmpeHvRgyxoELLGUdGT8Tp3etbSDqUPTWpxuV,272804424,,,0,0
2024-06-19T16:45:50.426Z,2KznhAQ99pFhEZ426m9XKp8dkwpUkN7GKm2pTBP1efX2eVD51iqmvZJyxz5zVoBR4tbNhiP75czbsf9Mq41j4yZB,272804424,,,0,0
2024-06-19T16:45:50.428Z,3hQAkoveCwUPNyLqNTXUUrQj2hgi1qgxDmhQ1HYzfUvgJhVWXjBQ1jfq6q6Mn4MXVAVeGmAT56evqACVJ5Uiwmiu,272804424,,,0,0
2024-06-19T16:45:50.434Z,2QzN3KKgFHwbvri6KvDiHAfUAoLu2gXZhrL7eZHZCZFkJr9Q864ECocCXvx4jcXN3ja1cjUKfjFwwku4NjxtkUE4,272804424,,,0,0
2024-06-19T16:45:50.429Z,4XCG6atkqghQHh7L1F96Nm8fyRL5kf1DJE4TwkwzKbP1VRURrpd4WebVvTfcW8mWJTvWtqbqB4D5SgGGffGnHMJv,272804424,,,0,0
2024-06-19T16:45:50.437Z,3Gf6fxSqXqj7qmorGe7YvkYT9VH3FYLvu4SS9BwvaeaLEJ3A5buMyyJv7zRZ4EDJdPwLds66mfzqZ5i5pFzSq1s4,272804424,,,0,0
2024-06-19T16:45:50.438Z,2Pireb8uBf2VtwZFZboeVn3siHzphLzhCw5YF8y77uaWheRE34hFe1NcE9nDoNkwTc7BnPYNuHdXP7Ad88dguCF2,272804424,,,0,0
2024-06-19T16:45:50.435Z,3rFdY2yMDVmfVwFWwsa8B9AV2SVsPid1noaYoRnHruzGNqGkKbV4qpadu7qasCDGdUFpSCno2ZJJtDdUdbU7uYDG,272804424,,,0,0
2024-06-19T16:45:50.439Z,4eHCy8QmJ2S3PDPmnLPh28mBCihs4YedV5KnzSTpiQpkthAaaeStNS88VKkN5vxfpqD3eysJWn3qkjADA6y3bkfr,272804424,,,0,0
2024-06-19T16:45:50.440Z,3Pda5VUz8rZb9fFV2KncNb8QJ96agU2bBCTQt6J4dyYg7hcNr8vg761EnfKNgPdPa1bfXr8sSmCHWHbssdVbbmz4,272804424,,,0,0
2024-06-19T16:45:50.443Z,cqtEzqmWSdWjkxoABd9i5KaE8SzmW6GMFYCr7zVFzc8VQuu9ZVybXfqYKRpoDg43GRppDwEG1nK25Yeof2LudM8,272804424,,,0,0
2024-06-19T16:45:50.442Z,4ZrLCtHw7SE9UeEY4yFmNCvyCwZ9VrrVV2aecuEcH8zUqPHChzqrAznwVgJPuVXo3L5XcTC4KmkBeoJqhL271N6z,272804424,,,0,0
2024-06-19T16:45:50.446Z,4d5dXZxwqYGCkFd2t7su24meu2dfxG38eQ9NNQKrGBwd9Dud3xwxeHG95TNsBCcQpUmvK1vMavVG4KUA13SYJzL5,272804424,,,0,0
2024-06-19T16:45:50.445Z,5KxHVeByUMTwrJwq1pKJbVJibr1JQfCppRm32jq8n9C1F9Q75oLbvdQfiDtVJcY4GPY9dZ6RaAHSQs1UfXS6fD5P,272804424,,,0,0
2024-06-19T16:45:50.447Z,44sHGF7umKyzW8LFYcDHg8geJSFRLgxnECZNtp32cKFvXG4nXKEdkqLNjMoNQ763o8xPjqiLL3KYLvULv28Mx2T1,272804424,,,0,0
2024-06-19T16:45:50.448Z,5Cau7qztpYMsajg1ZPan9My9ycEoyf8pzBwTdEu8ogwBmzz2WAicXWdzfbALEycHXN59wdwrZdgcE1qP9svQx1ZT,272804424,,,0,0
2024-06-19T16:45:50.441Z,5e9bkV9Wqk4Qk8dkWf83CvLe68dGGrP4Unu4HhqigoknxyZb3ZmjB8b2PwiwMyAo7WRbzTWdAGKUKd37g3e5aJYW,272804424,,,0,0
2024-06-19T16:45:50.451Z,HbvUqKjTsqGa8T2qZGQgznZk4ha3RWnxxX9xexxzWKHuNKEv1pBYcweSdFy8o4X7Xp3jAapevC7ZGpW2goiCGf6,272804424,,,0,0
2024-06-19T16:45:50.452Z,37EiENfYS1v1uuNDd5HHimmwQSy1CJYRYgqwtAdxwQtQwenv9h1A8cjvRupcTxjWDE3q9zeGLkcsEmBwyzVeztuX,272804424,,,0,0
2024-06-19T16:45:50.455Z,Sp8MJs7v7SCD4eoTKH9asCHDpZqmYbyeyc45thfMmPpJUoupyQbv416GLBCnXvmhuDePmmY1drTfnhPkHpFTQ9q,272804424,,,0,0
2024-06-19T16:45:50.449Z,4UyfkipRVkSWgJmA72e42bDMrCh3Ps9Hyj65gqbqQ5fwrtNbqwK6unLixY7t4sTEyB9HMxVmBXPWihDNi2Hukpjt,272804424,,,0,0
2024-06-19T16:45:50.458Z,3s3dqh6Ejs6mNVsQhoVDEA4UboMrangzvcXqYwdcNvkVjKTS49sT3QscVxsX7XHU4yUv8JQ2BDWdbDfckzgZu3Zy,272804424,,,0,0
2024-06-19T16:45:50.456Z,3SV74fykXpBphg1jyivARVKCzNxwPweuqy1SWG19KaiuSGBtkRDPs8yYw51HannJxeR1iMrjcUDjFqdyQinTVnNS,272804424,,,0,0
2024-06-19T16:45:50.454Z,38hb9rHNy89QNrcgunFzwjL7WrJPAAAsKjR2mE4bR4dqT9roC2XqHeDe7DVQg3NZUyzay7w5TxQdNzHSmg9Rxq2y,272804424,,,0,0
2024-06-19T16:45:50.459Z,5GmDpzDdgbPRGTA3LwQtaqh6fLkyvZsNKgXcU8D9D4wvaopYiHwDujzfpyXauo2uSHtrrnYwLXvLrjce16smHF2,272804424,,,0,0
2024-06-19T16:45:50.462Z,2KTf8Y7XUo9os3NSEmCi6wVsDsJJLmbEsmTfDS18SHAUbpXfErkgh7172eSsgzt88KofrRiWy9xbrbrvNnT6br3D,272804424,,,0,0
2024-06-19T16:45:50.467Z,35ETUdv619tvrvJhjK6VCeow7iGJGKQyjQjsZPnudy5DWvF5SRoqurqHo6ubWYtkvnUqn4GoM2JURDsYt1GzXiU2,272804424,,,0,0
2024-06-19T16:45:50.469Z,3B5G3u8w8KUNsXwnEkFem3wSZ3yVnnFgidwaVXrviv9fdpn2rg5SKrgB5mVZr1tcAuDqo3fkPXEQauSaXPRFdiUh,272804424,,,0,0
2024-06-19T16:45:50.461Z,5eaysEdL48FBW9jrYFXcL2yyZ6HnD7vPwL5826XtMhNRdEgGmjxubxepPXgkV4VaXkD51Z7xShz91z1oDZxTUjuX,272804424,,,0,0
2024-06-19T16:45:50.463Z,3RShbMGGfkk2QV8rQzRa9b8CkKdvfV2JJDSrF9XYVokT4cFjvGh4nYZY6XT2HWAPf6wQ45NQgWADnCL2GbuY5bAe,272804424,,,0,0
2024-06-19T16:45:50.474Z,5PxCCv4svHR9NdW346pSUNGZAchmjC7Mb84KBM8A9h4dEVU2n1qCe1Mk5q62DREH5dhn9mYNZxgpFdh8sG5agrjx,272804424,,,0,0
2024-06-19T16:45:50.476Z,yuRzK7nfpKMy9YKz7xB47SYPXtT1jVVxnmibQtTZT3Q2rMo8uzRB1qJFPj7jSRQkL5oEqzCcjmbHoXYJFkbfUQT,272804424,,,0,0
2024-06-19T16:45:50.471Z,5LxP8TGFyCy72nsZhrPSCdQHfH6UcB4WUKLqAEhHFiNTykmTiUsrnaKPoCMgcttqQVsehsaynWNS2yK4xv1i4pr,272804424,,,0,0
2024-06-19T16:45:50.473Z,3N5DrHwJG4fHar9xhKNAFYkn3htu9T4wpJYWVnPtD541TPtxa5m8jizeD6URxoXZ4yzZkHMrgPWK1D5gMCiVdopj,272804424,,,0,0
2024-06-19T16:45:50.478Z,5Loi5s7q4gJBj3LCuXEvHzQYtWrqeN3s2d9i2jxjNDhUyKekrqXXprVKHk7bdTWXY5AEf2Jba5fWNcRJu23Z9yiR,272804424,,,0,0
2024-06-19T16:45:50.480Z,4hVhvpNBkyxE3DRuekkN2Q34mZGX5XN26dBF6B9wkSHuqqDZGVpB6SGDuByoPELVpB8tgkrDLVRCAAgt7sFdXXWM,272804424,,,0,0
2024-06-19T16:45:50.483Z,5cSEZAZkExwXAYaXx3gL6tSWrg1YKABPnhCunKqXXUC3nGeEAo2ZMqLa685Nxyeba7hQoBMrX5xJBqT2U8wHMJ7m,272804424,,,0,0
2024-06-19T16:45:50.481Z,syjVsV4iCZW67nrTTHFybbNyUh65CTejZPn9LNashStd9MG1ohjiveFRcipaT9NoggJbfgyxz2NmsEPAFp6u6RH,272804424,,,0,0
2024-06-19T16:45:50.487Z,2SyEBAHAwEQ7ZNNbDu8FNBPbqAYtysXc3rjcUT6eYF6Zsqp9vCLQhqmVRqtcLJ7uVvgVQRPTJdRGSR4oHmUVBRin,272804424,,,0,0
2024-06-19T16:45:50.485Z,5r6Ud9UZRgHEC224mKbj1fJaXaihe832f6hNKpzP7S4DCmS9sT8w2Vo3A1oDQCQAuLsaP48DXDRGttUEUHm2UZdY,272804424,,,0,0
2024-06-19T16:45:50.490Z,23GwMXmGFK6hRTnH4xBVuppFgSYrRXqEu4GxQQcDXneQw5StRjWpYEmFB5BRyuYEpH4ghbF3pYhhhA3VuxYLHoHZ,272804424,,,0,0
2024-06-19T16:45:50.492Z,dGJPinjqGmDRpEKcTBQnVYvyZgb9PWmaSMeUNncPuifPAz5JkhCzJnPbrUpyU8xKvhFrrn799YZGPXAJ9iuNfgk,272804424,,,0,0
2024-06-19T16:45:50.493Z,2vuuxhkhw5YahrVNYH8jQErWXK2L8ti5tz3zCnTKfFLuWXUWBCkDzEp9QShdLtQzGJ4wKXokmEq1hbp4jXEHSJmi,272804424,,,0,0
2024-06-19T16:45:50.477Z,6vq981x4ktC1imsWv5esWPem2Uyen1YD5jSdfbaokoCySqC2kjPgC2X1WaQh5rw7UgtJZvwnjYjgZJYeBai5k6G,272804424,,,0,0
2024-06-19T16:45:50.494Z,42MjTk33q3ZtEifmMPXtuChCqmNwzMbjBejaRBaHirWy1Zh43yxQBqxEQ95JJbq2DPfq1ATNzUjm1AndrGxYM5pc,272804424,,,0,0
2024-06-19T16:45:50.495Z,L3P8G6JWNt4AGQKxm8SEtQJVk38neq8MuBPd11aKtMtNApbXNEgGjcRmfp1m38UXYsvJcm5MRc26B9eMjjAu4Ey,272804424,,,0,0
2024-06-19T16:45:50.498Z,4gGfnkkcTLrrM1mYFoEBf733LJWcCwdrHuyHKgHVudyofEgmPrT5e7Fh8xfuRu9rCQz58G6jvMXhpEe4LJTRQivr,272804424,,,0,0
2024-06-19T16:45:50.488Z,RwJHcWF89Gf34yvM2Cfni5Cqrpoq7roC4YMchjHHBY9MYSLKMpafo67WeWzKpjbqUF8uPjKcGFCK4hJWCgLKYmL,272804424,,,0,0
2024-06-19T16:45:50.501Z,5frNynW8SLapkvoRFMuVrPLRcakhJEHTxWjzW39EHtZin22rTysTwpehd8FXMeRViuAu7ewuduUR4SbtJFcisprD,272804424,,,0,0
2024-06-19T16:45:50.503Z,5QEvRaEYZKeVNCj5x3ZKefUTxCpaumwLbh52Ke3J9cvxuuShpSiuLsRvsv4XHMSYWcGHxbAhGC18Pe16jPWQR3XZ,272804424,,,0,0
2024-06-19T16:45:50.505Z,2f45uWjFw5D1qiyVRBDUFovXAeZqUWCrV4zbjZ3wzeB9VwouqHrvgdEwZCqPrN4DbC7T5LWm5eXoGMSGDAK8gkc2,272804424,,,0,0
2024-06-19T16:45:50.508Z,5HAh7EfcSAndEzGHSvKfH6Rn5pp2ettcXCQ6xgeTYEY9m9GGaNLKwataJ3uamX3dyquMCyPG4zD47yJ19XdAawjo,272804424,,,0,0
2024-06-19T16:45:50.496Z,HWLRL21JiZcnYUkJiMaqMcUfYLkgJG6qx1hwwYbsXT4FXZLKzoEjFJ1xM46JAQvgfUioPu2xLtcmH58BNVDoMeZ,272804424,,,0,0
2024-06-19T16:45:50.507Z,28J2qJJMCcP5DEwLWGaSnYzKmH4fBQKbzqNRDo2CRqaNwJVCAJJ1UyLYoZHvk1ax4fGVbsUaini8pF1sLUrDosYp,272804424,,,0,0
2024-06-19T16:45:50.512Z,5pqm7mCpkdaa9jxjRKWeZiiLGbsyQz8izWd4h1JhCusrZqAWVxcoLETe7sVrFHbEtjsWKk9TyTVrJECjbPR63Yt5,272804424,,,0,0
2024-06-19T16:45:50.514Z,3c7vrWs6jHUoSH6dgSpr3bgbVq9fUcpLj9dNkyy8dUMutrpV3jAin3BSdngyqHELakvHj2yLoVK1typB1PYJnoxW,272804424,,,0,0
2024-06-19T16:45:50.510Z,3VKUwQfd3gpbYGAXCGJ5YXU3GdfX4VzmhZDWXUbK977m2PYLndTt15tfABoP69YZxnopbU2oKKqrxxhEcjuGXeD1,272804424,,,0,0
2024-06-19T16:45:50.520Z,64GKVQ7FPhFN1GgBdkigMEh4TUCG9qY3ZGVmUeSFh5xDT8L6mppzhr7noXeHagRnxTqqqfQN51JXXsJSbkN9Y5Ui,272804424,,,0,0
2024-06-19T16:45:50.518Z,47sDxPychhxK1HXSSVw7Dj8zbRw3P8auyZpnEpFtVV6FGgBaeD9m159FSGojSgJXx7KJEg2YRDm4ev7p4ciw4zKr,272804424,,,0,0
2024-06-19T16:45:50.523Z,2LkpuaeZeQw6YcSntoi3nD6ZkcoZcMP9Qaj8azcGjqWu8Amrh5HSTzwtbv3FFS7U9UcATLccGc8HT6xwgTjKN3zv,272804424,,,0,0
2024-06-19T16:45:50.525Z,3XUVJsZ4H4dszzTB2bi5mroD6Xub1iESbtSUXtZFPMEEWorviegsCbo29rk79RaN69AYCZpnLHuGk56jVGdYoHsP,272804424,,,0,0
2024-06-19T16:45:50.516Z,5ntpmUeE23oZBskgfMdpDk7ZT2fqhjeab8o7iMEXTu4Cd7MBrjdL7VuxECaFTUtpzVqQUWT5JnM26oCCNtUUvpQe,272804424,,,0,0
2024-06-19T16:45:50.526Z,3cPPTKpw8G8PYGaByjGZQZjTJwjnNi9Zt1JuPqaUQTYNFEvQe67JBEX1VFM6NkzDhEZSqCdimhb9FoS7dwiLCYo,272804424,,,0,0
2024-06-19T16:45:50.528Z,58VKtty82FbX33m3SDxcuVEUJNYQgrgYXQjjynWGUaFoz1k87sCVJUujhdZA5BnypPakTLdeXYLobq18XxM33cws,272804424,,,0,0
2024-06-19T16:45:50.529Z,3dgVrTdBDmtA7fTc8eRo4wivC9roGR3ksPde4YsAzYJqhrdKcsBVLdYTe24nM8XHjAqnmkrJEmutBwSd8EPjbJn3,272804424,,,0,0
2024-06-19T16:45:50.533Z,64htMMbb4zigHkLTe2xvspARaDHSWC1MZfDhUrW44YYFh4pwZZ1pCRNDzNDrKKSuozJfDWA3m37in2Y5JprgEnZZ,272804424,,,0,0
2024-06-19T16:45:50.522Z,4qrP2iBZRJJuxtr7NYoQmeZEHvjeskEfGVszHVWaDk4fn8HZFg8KrQd9gZApDj42DeJ2sb6rvMZjFgLRuf3WqqFH,272804424,,,0,0
2024-06-19T16:45:50.535Z,3eEK95tKpV9dHkdnxBBKw7q6oLLaD9eKLFr89Ur8SVnoaK2Fwq4MXmXAp7jMhQam9BmvTVXjahYozmXZokyTLWjU,272804424,,,0,0
2024-06-19T16:45:50.531Z,3iSXNENDRy2hqPGZ3phs1qu6iuBuBjmnzZ696o9oUypsjdVsSdaDKPmSjtcjaUX8mEFntN9vKyqULxHTqqfoabV,272804424,,,0,0
2024-06-19T16:45:50.537Z,34b268kiuBbJoWcdghJrPUxDPVtRKWcgWK46uGJfTw9afaCwLv5di9uoNjwhAmwdEB7mAYsA5UTKPQ6873TWtJK3,272804424,,,0,0
2024-06-19T16:45:50.540Z,5SHxQWSeJhAFtVDNNZhe2AsDeJ3DQfUVFEQ3XYZ1mX84Yyec54TsoGQqYCTyLN8qmkseRbXU1o2H1Buqaouhv5vf,272804424,,,0,0
2024-06-19T16:45:50.542Z,3RFLeFCMXLYGLQirMQxYHHavpbvuh739jEU3h5qybGswoK6EB3neRHqGcosHRgYvPJaC8dvjVp1n6Hy3b4eJnAkC,272804424,,,0,0
2024-06-19T16:45:50.538Z,3LFiHXjGHmWKnvjdnY3pRCfFbPw39K6VHL8Cf5zzzvZgwx8nqYJoa25nzYA3PhKvU7zDaRaQ6VA3jP3YwEbYRqYG,272804424,,,0,0
2024-06-19T16:45:50.547Z,woVRWmGkXgwbqLFgD2WEwQqagxTjkMid1XdeAYLVaZcxJRReiD2DjQTKT3aD8Fgb3EbJWxF2ZbMmosVkMb4hQag,272804424,,,0,0
2024-06-19T16:45:50.545Z,2NG4xgJQtHXSd69uyXEn6GFehX7rj66uwZS6DP7avnzPGaEBJqUR1mJpaeCy1Nov4JdbMKPsXHrq39XZBGndMd49,272804424,,,0,0
2024-06-19T16:45:50.550Z,4unjFGPDyyYpwrSo4s6Uam5RhFFK4R4B7YJzfejVuwXRCm5WZzXbctDWLe8amyfS9CwbjYuHT4iwXUuJE3dXBZMN,272804424,,,0,0
2024-06-19T16:45:50.543Z,4AWThkCb5DGiHjQv5jEXXHWoAhBY5VVFP7MeiKCTXHxED7apVfk6enznXN9CAkTxu7arJEUQHuA3e7SepbUsfH9G,272804424,,,0,0
2024-06-19T16:45:50.552Z,4X21BCqoZ3L9AteA4W97iXtiD7Fi1iUpDZZpHr8v7YTmF7NbZJiUZSKfdrUkNQeQX8fN6LQUcgxDf8cFKvZRFSon,272804424,,,0,0
2024-06-19T16:45:50.554Z,5ETcoqfiESHnHcosagHfLDWb2zBqUSUs4ergnNoocFbPYPH3LpF2w3zFBvUGh4p6dFxKKY7gXSA6xzt4CPVGaVRQ,272804424,,,0,0
2024-06-19T16:45:50.558Z,2Mnn1dciv5EEfzkFj86JqwJR4mKssSbEYoQdhuJWYZd8tBRyqWQoo7qrtLf4jatwvc6gTh7mzxB4CJC7us515ur5,272804424,,,0,0
2024-06-19T16:45:50.557Z,67fGiFR3UK6K6WWrnGfkebVryWCXovMsb6sujL5e7Mg44NMArxiCHunHFzMg6CA9GRzugDfns1jBuXbfNfHfx5eb,272804424,,,0,0
2024-06-19T16:45:50.561Z,3zHcK5stDS6HrW9CAfu3b6qsmnuRkJRp9fCNWWsE5LgDc2uVV1Bovc2yjGKp5uXrEbZAV74S1gg8HFmdvgeuft6c,272804424,,,0,0
2024-06-19T16:45:50.560Z,d7Qn3DvR8CkX71hkWYyxmNgNZE6ohnfk6cwtrvze7CC8PTEwdSciiRktm8gAqozeaJfiJQ3DPPFjENjTghRdL7b,272804424,,,0,0
2024-06-19T16:45:50.562Z,3xNU4AhuU3z5Kdojtehmsuacedcn2RgX1nHnxnsosvMam6vsPyCJ9gXEeauomC8Le3bZLhpAiRVqQL6ZMf4LN3yx,272804424,,,0,0
2024-06-19T16:45:50.556Z,53xk8wWy3YEBCy1VAsJ1gBpzKqERRcjTSmiVtRbNuzm4G4Q2EivdU8vqwoWS3XBDaFGStvEJYfwU1Yz5h9X4shoy,272804424,,,0,0
2024-06-19T16:45:50.567Z,3fdg17YN4tn6ud381sc3uwQMgKS85C1n7vT5MX7GhCFiXm4dbDJKRtnNJQC1CHKEZzGWbPFYHo1V8LxW6xwspAM,272804424,,,0,0
2024-06-19T16:45:50.564Z,S8VK2m5nrB32nMEFh1fiMyWeLoDNAr4ZtWvv6AXvBYAajGg2cJWTWv8mcV3PhLkzMHi2MTZ4wFoTAvsZfgsQoc8,272804424,,,0,0
2024-06-19T16:45:50.569Z,2yqWqBGC7dNN2c1JTMDAarQq1ms86vQNpfsufQeAVqEcZ5P7eypjUad91joqCssXUNdDQqsbTs8kP3dT94JLJsfq,272804424,,,0,0
2024-06-19T16:45:50.565Z,krr6RdD5PUwahamCz25hWjJnLPPUzgWB5Czbb6EXBSt9ArwPGBcexQigtNrZojRVtjLEUNa8LDuBZaap72wguoq,272804424,,,0,0
2024-06-19T16:45:50.570Z,3JvpY57svSGar7CumPqE2qYFQW8HKamVi5BYXRLJX4kh9p4JJULZVCY7WXNcFZs4thgjcPikMDCY9uhkiFzFqgM7,272804424,,,0,0
2024-06-19T16:45:50.575Z,3prFBfDpuTs9sy55bjtsueY4pQ4WJRu6V3goFPY1Jssm3TUSfWPUWamkBeCrzCRFxZzkiDzEUYgTYQ4kJT2V9Syx,272804424,,,0,0
2024-06-19T16:45:50.573Z,4zyNzWN8NRyK86zCTjdsf16smC2J7cNdeVxFHKjGnstnYrN19TjyWTLsD1zEy8Mjs2DJq8GKo6G6adqRanRRexAz,272804424,,,0,0
2024-06-19T16:45:50.577Z,2LbaxPM2zBCN8fMqLZyE2H4vr9RESwzfZTzRd4mpCTKpbYzjg8XJgpiFT6bYLeSqC6xrHv84TUTseSxfiE56CcDY,272804424,,,0,0
2024-06-19T16:45:50.572Z,5qjx6X9t1DeADCnnjSMzdT7kjx3EhmUwZENK6bWg4ndXYZN88ETsjQVBF48yETUQfgErPsX5qz3VWRGExRRMHkfb,272804424,,,0,0
2024-06-19T16:45:50.583Z,5VGHvpAGi3ARbiq6oTmZohqF4WmWcMKa8orpTaLb5xEA3qG4GPdHNNzAn75bYxMjTEr6QUPysNDsNZAdQGjbFZCu,272804424,,,0,0
2024-06-19T16:45:50.580Z,2B26w5yHZFzTkcEj45iWHMw6wFsLwQaN6FkXc3DiKCLyuJ3ojqqsQ6tTUrGFhxadqbDfV7WdjpZPeZZxThikHcUm,272804424,,,0,0
2024-06-19T16:45:50.578Z,3gCJiLdnbkaicMoJgndJW9qCNbR3KSaU8aXMGDcQbY45zmwx7cawPUypYrziTeEUjShvTXiPqo52gg2CKys7aSfb,272804424,,,0,0
2024-06-19T16:45:50.587Z,623jhTbhTCzRXNZUFupeEXv1fLyTR6mcg5uwijAfpya47ikhCpbZgEnLSCoDxbc8LbsxVyKyTdm4KxuEDChFp7Pv,272804424,,,0,0
2024-06-19T16:45:50.588Z,2fKA3WqqageAvhhPSggXFnump47mr4roo3pb57xMcHqHX5UdkFisE3Fb4rmH7Y3kePnacEabVAWMVpQCoMwHHVg8,272804424,,,0,0
2024-06-19T16:45:50.590Z,5UuZ7h9ChTpnZYMFWfAHdGfVA88Z1Zu5petB7ShzJ5i8rhg9hpyFpojPNwbX38ShMpbiJq2SyT4yFkbjeaZpHh6J,272804424,,,0,0
2024-06-19T16:45:50.594Z,3iso7sYwUBGvgeUf8VjGzGACCKrmtaKdBJGFPQgS9JoRWNjp5mnCD5jbK9YGGS1ToTEMYBKNqKCAasiLgPEzCD7,272804424,,,0,0
2024-06-19T16:45:50.592Z,5YfoTQ6wRtoHU8rjWd9AMY2A6hXUMpmJcrsCp4i9L7byjv5HXBKiMBM7rmSkD5uoj8fRZ8pXmM8RcgityTjWA3Wp,272804424,,,0,0
2024-06-19T16:45:50.597Z,2xDEfARhMgDm3V4ihdoAvXXoSVpBVB9chzCRgR65bJ2fZ5WFYTA1JSsQGdBMoz7axTSukV7K9mAvuUBb2GRMDZAQ,272804424,,,0,0
2024-06-19T16:45:50.599Z,2rgydaiRDjdd2iCqCPPwaEzb2fE55hBUcZDMQXG1p4hem2rrp2kQowWs3ogDiVUsAgHx5qZZEYfsjMtF2PDFtybX,272804424,,,0,0
2024-06-19T16:45:50.595Z,2rTUq841rKpPpfm1qDeWuevBdSyZqKWiADWc1nEnNmuBUhDVZypGjxNVh8bNeb7GkcsGDSbg6uuK8uDC4C1AMjd6,272804424,,,0,0
2024-06-19T16:45:50.608Z,4y2q9Yzp1dbHnEYbBA89nkHfFMMYXXervsGndBD4e1im6R62n7G241a4rQBWycUgF7JRxa3kkjS17XWwVYF4Q9W7,272804424,,,0,0
2024-06-19T16:45:50.606Z,2o2cxjvAypxmA7FqsUWgumHE3J1oySDyJBW8CwyqevF3znpSHQ34rgiib3uXgH1QFXuenDgsmRoX3oJYnTuajq1m,272804424,,,0,0
2024-06-19T16:45:50.611Z,3juDKm1mUy1drBpbYB48nXmCHNhtg8N6hpuJRb2PUo97Kdgq8KqbPaUgPBQXwyYcSXwsyWeJYBeNbMcdxt933FVC,272804424,,,0,0
2024-06-19T16:45:50.603Z,JXrb8uadAs2WMeL6kTDzZXX5G9NBJrc7DZTbgcpiQFX1dnsWqVvR18YUgdN7nsQY9vzzrtXoFJWArSD3xi8Lxj3,272804424,,,0,0
2024-06-19T16:45:50.613Z,5eivoX2KJG3peHb2sQ51Fw1ddatnBbo1FxNxdnjvt5j1YB2NH4hpU31RC4px6od1kQ8B6kNWbdi5h5xuSoxcD8ad,272804424,,,0,0
2024-06-19T16:45:50.621Z,45ZjWneeJvApV1Q47DNpknizTbWAR47J8SDkUmzF6Ty7iFTEGV3LpppBAUqgzT3pfRDcnBbxM6kzVnSmW6LeKnNy,272804424,,,0,0
2024-06-19T16:45:50.616Z,4ksnmgHdkWkAk9JdHoDyEBpxNYErEMfyGwdEAYxZZimAaAbCLVvhiawW2h2WxepsrV3jW6ZHdTiFMYsortspvDtK,272804424,,,0,0
2024-06-19T16:45:50.625Z,4wEe3knrjNh7BYV7kxVebF5u33pE5UfHSwdJhDgRAUtFqFYHKDyiM28NvCRH2Lcf6Q76CzWTNPyVuT1vQK2fqfPx,272804424,,,0,0
2024-06-19T16:45:50.622Z,5PD951U1h5PzVbBNx4YRRy1hJnqoF4FYr3MknvPeCMvGn9KBGcNo2iRNCuYoNFdNQn9nweKa1eF6J3vdexk4sQoz,272804424,,,0,0
2024-06-19T16:45:50.631Z,yP6h79etDkbJMybE56Q27K6yBcdUhvraZaiqYPdeABo8GoSt4prTngUcYt5p7gEMrf1gsjh5YoM6ZrsXFF7QXaW,272804424,,,0,0
2024-06-19T16:45:50.633Z,4d6TkWGv81Z8NFYpB1SHiPMtrogHYVhyeoxRPX84zYmhUuC5uRRgEnBpGkxMdfJxz51m2m3B8EatuBbg4tsJVDno,272804424,,,0,0
2024-06-19T16:45:50.618Z,21GT3hKWYSd3zAX5KpTApdmSNdDoiRQ7w8PQbzcg6uRUtYhcDVLwvnwZwYFUvzgXa4oso5yzoa85DDj86Coj93T2,272804424,,,0,0
2024-06-19T16:45:50.636Z,5iHja4RHz4wF2UuEqxJLU6FBH2HXaJbDE7p9W1bg48imp527PHck1h6bVZJb7s2d77qhJfByvSipF8VEd5SGNgMm,272804424,,,0,0
2024-06-19T16:45:50.628Z,5TyozEjR8ssBg5rrh5UHcdfSjh4pFjjDG5p3dHQU88rTjCCDPydeGst59zhJXaHLbaQCRQboYLhF3HP1T5cb8WDg,272804424,,,0,0
2024-06-19T16:45:50.644Z,3LVeZWPSTGJu2yPeRtdpsAcnLu6pJJq4wA8ZpGsid4GaCUw7m6h8MpArYBzebV1QwPWmGzdXmUAn96LEyRK6Gtkt,272804424,,,0,0
2024-06-19T16:45:50.641Z,35XJbhdgugecjnxrydYcMbsr75CBA6Lta6CQzMcmqPaXfiRZCQE23wiU3Xr3hNo2xWfSPMXBLnejsko2DNL1667B,272804424,,,0,0
2024-06-19T16:45:50.646Z,2BSJV2WaeetjsFEwXiw4QsjqwDLagHiyYdz9ZmKKnij4QHwhCTcZ68zdjtNF1p7p2W5PiPhm8ogaKrWJBjzZoc8p,272804424,,,0,0
2024-06-19T16:45:50.651Z,4bWHtgz3bXaDbjWUeqnRXXZ2TDMKokevXZoS4YVqJJAumpGjNZz7xB5fCABXpKHsnV3tPVT4BB2LTV8jvaaesudG,272804424,,,0,0
2024-06-19T16:45:50.657Z,33hcRyCC4m4p1fFhckw8gu7by71n5qJyFui4s7D3nwVC32nAmkizZdXrD1NH6KCSYXW87Uy5rBkzwYZ1WPCt29Cj,272804424,,,0,0
2024-06-19T16:45:50.648Z,3paBKzxXdgMrxLkFnqJdnH7pxoVo8jYWK8WkAodpeTnmD5ByuQaZi4LiFDfysEnMRLY5huLWtLdCw2SdimT2LSfU,272804424,,,0,0
2024-06-19T16:45:50.660Z,2b31iW28bwTRLGLswddHuSajeNPo4JDDsxN7GimV4DEDSrhn4XBJyGGDbc2UD7Ad2hh5NKLpQZutv7ejGa4YbTGU,272804424,,,0,0
2024-06-19T16:45:50.662Z,RqsgkQDXmqqH8kfaqibkZEsb6BejcjCVLywrFYqUaoeG11Gbyb1kHpB317w3kbs2KVRHm5wuhF4L2tFTcpru7NS,272804424,,,0,0
2024-06-19T16:45:50.665Z,4SWWSqTBzfsyaEW8uA6f64iebu6nUQhjgRufMBAi4bXpVS3NyGKXFm31hAZZifdkW49kxfujTCHXt4i82thoYTG5,272804424,,,0,0
2024-06-19T16:45:50.671Z,DKxnEYcCtzV3ZrCUiiMs9f8jGSAW8zDqpAH3dtyyA5gFEysuo9ALp3BmiCWBHkbWPcXSeAaGz8UeSZmEw9LAKT3,272804424,,,0,0
2024-06-19T16:45:50.673Z,VuPng5U67Dd6irGQy89uhWBtJqcSwY8mEvvRyKTuVUSaX3kjx4EfwETobD1cRCBAChXkAuRSoMEa7K8NSTYKUGR,272804424,,,0,0
2024-06-19T16:45:50.654Z,H167gBPjjG6t7yJJRtBh5Er4qDmyYr2mq1WXQMdkaVqRr5gUrNwpAYqTgtEfdM35EvVJczzHNGDfx6sE1mLRzK4,272804424,,,0,0
2024-06-19T16:45:50.676Z,3kimybmFCDb5yynPdjtkiVq9MjeYZeQT6hfKKggmVmfekDeY3YPwb1C4Nt5b3SMJnRLtKEMTYs8L79uMXVCCDk7t,272804424,,,0,0
2024-06-19T16:45:50.682Z,3v6BXuxqFstNyMRbnebUv7fohSEtxDoK1hLpTNzkYfUxaAx9MYqu7PqZ8JFgYprkUhZ3sUpNj9MbxCgfvZodGqsV,272804424,,,0,0
2024-06-19T16:45:50.678Z,2Skz2nrWgm2MPEkjDkpquRX992zC1tGTzeJf4RYh5BwT9kRv4T8rosx3oJMcmfR8Y2CjsenPNGVHVJpUnQCX1Dnh,272804424,,,0,0
2024-06-19T16:45:50.688Z,gaRooPiTU7wjFy6dpxkafwyfxWkyx1wpwBTFxa1dXWuzBBQNrY1zH3zgeiRHWhTHmuXq7JZJBpX1JLEg9vxb4w1,272804424,,,0,0
2024-06-19T16:45:50.679Z,3jZgJX2EHpvb7zH52P6XV87k7118ePSVB7uuNjUSfZyMWnqgZXWGVXhyi1eYJ9ZsFv7ygzMJBWnFjyAGQePz5HPX,272804424,,,0,0
2024-06-19T16:45:50.685Z,5pW33gXYQZYtqJ3xndYGU6mPFsfUJoa2HMrWQcZnPvcxqs3dBc7awkYFhWhtwnJeTrdN1PBkpgRMbg4LbUtxAZ1F,272804424,,,0,0
2024-06-19T16:45:50.690Z,3T3Dn6VZBVtQoJ4yvZKBrJNPMfZWx88F3GCcK6Qe7wwgm8EUPDu8TFiHeQ9DeAxBSsK1KzRSBVL7bHUA1iiR2o19,272804424,,,0,0
2024-06-19T16:45:50.692Z,2Z58WkUWyjg3opgErbQPbWwqayPmLvd8ZigFjAEtzimEeGdfNguCL5qE2n9hmV2RjgLDhsSFxsELRaKpxLBqf5mE,272804424,,,0,0
2024-06-19T16:45:50.698Z,2HE8CBJQM4NjtAXq8msWohwrhfwh4v3cbXfS6yzHevsh9bZDEQtHSq2KM8jVeBSQEdr5zLe3QfkAgvX4RNxHV3b6,272804424,,,0,0
2024-06-19T16:45:50.696Z,2vnJ4bmXjBWRmTfyRL4mmPKQApk9DBswv8HhnpQA23RACR3weqZZQZFaWicwQ3JsWeeAcPUkatRy5vTQdwPNXfZs,272804424,,,0,0
2024-06-19T16:45:50.700Z,5yjgzPNWzsrKPgJgSbjhvTPTXQrWdYnq2xHaMFFA1cgyMnz8hB5PwprkUSkgV9yK8vQZqUBzqhm9Y4JfYKbm88TD,272804424,,,0,0
2024-06-19T16:45:50.705Z,JzNSqzSsDwjCbcobrpYREYV38myLQxMx5LTqW4mLkaBnGf4Ca4DdiDFN9x4dWmjLb8uoNBpGV4Fsu22i3tGKG6n,272804424,,,0,0
2024-06-19T16:45:50.703Z,5kfmJ3eQPxWkGD3mtqG7e2HpHBQkgZcWAbyoNHWCSuw1SDiX8Ct8VC88uT1SackGiJpAzdJiSTQBKCRgknoA1Thy,272804424,,,0,0
2024-06-19T16:45:50.694Z,3uaM2XGjdHEeACWqxGU19Lc6DAjpajPtVkE2fLLvywHE2SeyaCWsn82DXZw625hdT4Tdvkjhte7rL6jDYuAc54Co,272804424,,,0,0
2024-06-19T16:45:50.712Z,3qoGExfamXSDLxtnmzBDx7Qe1dQZv9AJmkPfy5W7fg8gvvP85s8mipZQMf5kEzXhWR7gawUgQDZK4iH3Mmi8q3rV,272804424,,,0,0
2024-06-19T16:45:50.706Z,3T6Mr4uNpT5Wv2oioEA8EKgi67TsZBngpK5PtTaE6oDkpWzbQ5XjsNZwGCMh3A8hM7EX3wYhYxBDAB3NvYEkPnT,272804424,,,0,0
2024-06-19T16:45:50.709Z,2spXEQUwfA5AayUXyewWYb5jntcCaedyUhmeStHHNHpYejrjySPjmXWThGHFPkPfomS2wMYh7tCG5Esj6wvrukak,272804424,,,0,0
2024-06-19T16:45:50.719Z,3o1zMH2ZKBj7TmEhSqrhUArTsH1NHiDPm9TxotLaWqEBaSpyo95B7939DrNGLEJ3y3hzKAQjhgittEZxLU4F3nBU,272804424,,,0,0
2024-06-19T16:45:50.714Z,5EBaffWtyxB43csKtH1xkpxLKBg8gh8Pks5HGrWdfPmh4GPuni8arLKC1ShpV31PzBKKtj4sgxDooVt8sLGMvY16,272804424,,,0,0
2024-06-19T16:45:50.716Z,4SzheqSN8iEQVKfL1wCPuAE28f7PGz7fy2Skxx2y8bVBYArT5QLvzTia5jCSYJQQkcNqgoVzPfTXdCp3RmjRLoSq,272804424,,,0,0
2024-06-19T16:45:50.728Z,5bwYtRzyyGds9fnJYpnvni7BmGQz7bMEFLRYtXj3ofr82AwTcGZaVRqbPgT6Y5aYNf4AT1yvin2fHWKTzb31x919,272804424,,,0,0
2024-06-19T16:45:50.721Z,35GqT1y6m69HSg2Tw9sfZhDLi1cYx14zPBCd9vMN6by9Grm4fLytFxf5NCxGaxFLf6t2LaMLtyrLQoPp5piCfRWH,272804424,,,0,0
2024-06-19T16:45:50.724Z,4MhA8ygv9QF9QcxAA6Yuq1Jcv8Xw9txXxAvFPg4arWYYzH4xg7ybwcGDsnAedLMkFkBDEKDMz5XNRdGVGQBotEyh,272804424,,,0,0
2024-06-19T16:45:50.729Z,2fMA3FFgt3Ao9jc49tzrKdRTTcsa8j9YDQiMKMXfxMTDPTtWbgfKtATwTfYmGU5zJPTGg1BmetssubdAheC185rf,272804424,,,0,0
2024-06-19T16:45:50.738Z,gzZwHZEYfSPENUhgCcBTNfPJQVEuBGHF4o2yAeS9rX82fZVjiUGdn7rCDQfiR7Sw78U88ieXJQcTZsEkXfYwqKS,272804424,,,0,0
2024-06-19T16:45:50.734Z,4okXR5VzMtG28cRh71tEAxGDmMMoE9pG83qfMM6NyhjhrgHbSwahzdy416Uhw85ecU9E52A7djuatwcMc2R9ntaQ,272804424,,,0,0
2024-06-19T16:45:50.743Z,bsTcSAiKvPKyTJWHFkxRun4JsYQdCPdZhw4c1ZuEzGAHmXjzCWx6TdSrrCsgJrUyKbzKDXqxjRt7Y1r1LSbTehs,272804424,,,0,0
2024-06-19T16:45:50.740Z,46nTsR1hnbCndUawxriBnHFPKwnzhiYV2mTHubNF5oEaU7h7ENYK9hGGMs4o6nL9ELdBafNwBheAeazCnQvBpxDv,272804424,,,0,0
2024-06-19T16:45:50.745Z,4ANtSPaQYKVxo9feabfQerpmrGeaWxWEvL4qsyfSRbAViwGy1tU3kmLHJrYxFJ8NVih1u6j32TEFj3y9RvW9vHtD,272804424,,,0,0
2024-06-19T16:45:50.736Z,tUtuKkjgs8DJaLmwoMSEDwpGh1YzyWSbZeCnL4DYGR5UAB2uRS64CJ7BtimFfgTpbYRTKB1ATKuV1nJmVfMGgAq,272804424,,,0,0
2024-06-19T16:45:50.749Z,3GeFDQhPt96VM3DAWnsktmywJiAwWVLqfjEcCW7fVCV9inRTRVfyCsVwmPaXEgxh5afwCbTwfSgERZYZ5A5RRZoU,272804424,,,0,0
2024-06-19T16:45:50.754Z,5DpMtQQ1oEq5jCAMWWgj64y4wA1a2hUZdgahKZ42PvFSrgGc3CXQuMDDiadczQ8Vta4F9n4nSudsXG6RPE7PXjmL,272804424,,,0,0
2024-06-19T16:45:50.752Z,4p2vBMXeA673XwddcoKeSGGHaVUyLETYQ97TMh6KV4AMnL9JTKkwQt9KsjZcVHnuSpa6EnFon1SJByKV9kQgLuYo,272804424,,,0,0
2024-06-19T16:45:50.746Z,2nBHtHFhBfpucNkTY6DrQQop6YVqq6xd4oeVxG3KDdqkJ6fyrV8geoc91hC84woxpNSXgPW32bmYjTmMfsYU3fDW,272804424,,,0,0
2024-06-19T16:45:50.759Z,3bn1CjMqfVN583g7bbD8kNC78iLgu9Lt9gpgMyVVuAnDTnXHEhJ7vjiHStTM5wB7zx2bzxHVDEJF7hBy4MkrexmX,272804424,,,0,0
2024-06-19T16:45:50.761Z,KhtS7deiBFLeWrDkEGyzRooAgMqNCic58EL32XrTHt5VcfPdaj3xxpZnhdwmu7kLc8UbLHXKf5xE3tvus7AiA7p,272804424,,,0,0
2024-06-19T16:45:50.764Z,ZX5yxJhQZggZJMtsniPL1Fox4RLyhxwDBPQYtF6yFo3UY8oZyGtkXZXHabhyxaSfigRvFceBta6mgc4jP4nGmZB,272804424,,,0,0
2024-06-19T16:45:50.769Z,8yfoVjPEp6z91ZHVAJ7NsDK5ynidhTc5eSdS5Ei8EVysxPpcxzWE1NrUgXdvdxGPQmbPW5mzAyvftYrDc4CJDVF,272804424,,,0,0
2024-06-19T16:45:50.765Z,4SiCxFXMrTuXUiXKdyESrmM2FpdjWZyRgmasXaeh2cNzWr78RoJoEKai1gAr2dHe7jJ7r8NCCXxCj5CmdkHDwTin,272804424,,,0,0
2024-06-19T16:45:50.772Z,2D8Gm17VuqftL7qztDgNcVkgPnqfKRxox1Z64jXuTtp7RzJwt38nS59hK5XGVKNZZSWfGNey6fFNHwJrhYQh9UsF,272804424,,,0,0
2024-06-19T16:45:50.775Z,5HRPf97fCmxMNU4dmjELdJgGqtJVBHZseikgXLx9QBnpq2eV6at3qWFckC8GBGXVQt5GSw1GuaeycSgCA1PtBH8j,272804424,,,0,0
2024-06-19T16:45:50.774Z,2ERQkEPBkBRVgCmBJiTvgL6GZh8Qs6WYP3a7zRKsRaas4FLrDSfGRzc1y9evwooBA2EbxQFpNunM1n9r1ew3q9Ko,272804424,,,0,0
2024-06-19T16:45:50.776Z,4dxAYEseJq4znERyADYJFSf86bpYp4tXy5M3vMeMhMiaZkHnoTyNYmwFCQiQ2qP7XU8nyvkwRggYRJRuCphdMbon,272804424,,,0,0
2024-06-19T16:45:50.757Z,aSs8eQjxpd3LQ5kAR2CGK6i2kkaJVRG44prtWFuku8jaUgsb6wn7cxsUK19SA86wGHrjKKVhiH76CN14X1D1mTo,272804424,,,0,0
2024-06-19T16:45:50.782Z,5FAg4VFGGdgXSJUa5SDunVGDpPYJeh9fLDFcJ2qV1WdCBZTjcrA4Z9oEjmMY2C3fRtrk2bQMnbi8V7joxptCGfj9,272804424,,,0,0
2024-06-19T16:45:50.779Z,8AVHXydQ4pofQ9foWeZhJ53WjQQP9LULPn65AVeSyU7ztrKiou77s5sw6XQNxcyif2h6HeGckP1KzfKXHkNno2S,272804424,,,0,0
2024-06-19T16:45:50.862Z,4vJdJBES7egb9kgyBLodcwspRKGMNfDCdiyvvkLHWX9CGisHZhp94gzDazeaqcRFtzfjnL3CGZtS9DLCxbc6jL85,272804425,,,0,0
2024-06-19T16:45:50.866Z,5ZBrDLhrmMLqNqEtvsbYmMasMJMKGpXNkNd17TqBtmQxF3Aot4jtMUyLaHpNjXQUwGjaFabZgnUDW4CHPmwgQDM3,272804425,,,0,0
2024-06-19T16:45:50.864Z,4GL2JFmoscBpdeiiTcFt4Uaok3p5366yjG7xNnbooBJPTgEr4ntAQdqoNi5dKLNJ31n1fNAdMi9VMxegB6NfUBWL,272804425,,,0,0
2024-06-19T16:45:50.868Z,8v7fTkZsi2tfACUWGxmAw7hj7JvptjFFXAoKRi8uXFajwPkqFYQgyPwF2ZhQsbV4x8LD3BbWvBpbyBWK9BPHXWQ,272804425,,,0,0
2024-06-19T16:45:50.870Z,3dVXgWmLL745NoKrcLKf7WXL8vxMAqVNe2D3Zx7Ch8aw6mAuTQqn6wd7MXHiZhVJSNmQVU1nU9Jxairw6pJH7VB6,272804425,,,0,0
2024-06-19T16:45:50.875Z,2x2DdW2iabW871ZdYPPRba6imxcS5Se9cPYhVFZVpXhL7KJoWT5HfNuXqwoTNFcVaL7AXhEeAjbnrarNbxChPQAq,272804425,,,0,0
2024-06-19T16:45:50.873Z,qamGPRA6wuez42ebaZUhSvjsLgQ17JLdv1HtqVtFcK8Cmg3heXkKiQz3SaEWZtusakVyU17oyUsu4m5hRdutv9F,272804425,,,0,0
2024-06-19T16:45:50.878Z,2x1cxKd9cLvYDnfZNhYEipDkPSqBJCPQ3WtcT91dghZYiKuscGsT75pgGvKL2zMLyjmLBkUo5EzFgtd8WYxFZun2,272804425,,,0,0
2024-06-19T16:45:50.881Z,3MMJEDwR15Jb9d5spz5oRZuvbWLg3Hh5JB1oNTSmU7KtW3QJxrX66S89frffrFCnmy5jtgirKgero29LfAyv4u44,272804425,,,0,0
2024-06-19T16:45:50.877Z,3twW7sfo5EFiPWS8Sn5Zrzp3aMRAV7eR6VvynnV5MqA4jwMHhPsD6K6dDFuMPm4pU7QHFL7uGhMt1FMqEoktXgkJ,272804425,,,0,0
2024-06-19T16:45:50.885Z,5AqG9UXyzNuS87pMEn3VS4K1TCikYqHjraKRTHT7Vaed2qjEcMJUaFYs6hgUB127SSZhTWB31x9iLUwAJmiZX2gz,272804425,,,0,0
2024-06-19T16:45:50.887Z,bRFBFWEC7prxcfzDREuPqVCHWNsrHYAYz8d69aMLw2hUKzxPEzytVnbdU513AnwnsQA18aM6xfUKjzkheVH3aQd,272804425,,,0,0
2024-06-19T16:45:50.883Z,sfDZ5ocD8mk7NFuu8T5GY6swtJXfq4MY3L2EvvJW6ziLThHjqF2rwx2gVE1wn6Vb9ZanFuJd7KeTyK1Tho2BCPb,272804425,,,0,0
2024-06-19T16:45:50.879Z,3kASsLbRJKAD8qdUM7WXFfsaFnRY9poxWooXJUECuns3fN7NdAwqXBoebnZ1rrRh4cwd2crhHLwmpf1wCoh5HyG6,272804425,,,0,0
2024-06-19T16:45:50.892Z,4CgWkcXScux6CZLpEJcWgenWbWi9kYeNtP1UZhZ51RToSPgUaUwKHHEB3sotUWjGKzwfmPjrsYFgoBChramK9iao,272804425,,,0,0
2024-06-19T16:45:50.890Z,4HvZgb7B59uXXYEBaKucvrcUuDfWZWV2cHmbcX6Cbo7LxF7bFQjWmLWNkCWk3V7npNEeFiow92NxqLaVjbwyeDpe,272804425,,,0,0
2024-06-19T16:45:50.893Z,4ftqcNVA1LtiCx3e5H3Ce3f7cPYB63S16UxEfWTqYhbbvHBkwrwNky7i3PzgasjmW64FL2cdui5Gmg4qL1DjtLWs,272804425,,,0,0
2024-06-19T16:45:50.895Z,i6ZCJ6jPHjwvGvCg4AJbrZR2LSs21wFiNRXJF9PTfQQTGQJtnUbGK8zbahcXKF464VcChYwCzbV45fAbwvZ2mTt,272804425,,,0,0
2024-06-19T16:45:50.889Z,XGQt5wtx3kkVBTsPQHEKYiwWz3ybG7yZhHabZjr59VPaX1zV8ivS3c3KVZce5dV3zWuj1z8JxYPQnSEje27UEfY,272804425,,,0,0
2024-06-19T16:45:50.896Z,4C8BHjjqEEEGtKQQrMeJ5U6e8XKDXHCCHmzCD99X3oNrJ4q7zfcM5E693CfeEBPyrecdQvB8dPpEqrj2QkQToRQ2,272804425,,,0,0
2024-06-19T16:45:50.902Z,5mtzhYsdMkvtJDfweAdan14TK1kfU3bNdScn4ouvznMmrqrz1CSdN9yz9zeHWwCWgMrcZLrWLA7BdySqu7CMc6Kn,272804425,,,0,0
2024-06-19T16:45:50.900Z,4GMunuMRQDstbjv3pvBo1aGzDoNtvD71WssRCeusVfkqwzfZbBDzZyVfB6iyUfokLzdmiXwjQW7WcrNyyKU6d37N,272804425,,,0,0
2024-06-19T16:45:50.898Z,8V444cMHHNSH4L5KQXS5UEfZnkiXmYQaSqHmaWzzzzpUbLqgErJbzqTHr18mDx5CQhj7EXUTxVCqhYFMoqR3JUp,272804425,,,0,0
2024-06-19T16:45:50.904Z,4ra5ndb6DuPrjCrxMYMxxMyftML7QX9TGeffjGNJLn2HLxNF5Zik9eVhXwgXJ7fLLUNmM4WLCEF41ig8zz9zZZAk,272804425,,,0,0
2024-06-19T16:45:50.906Z,67CsjrUBGveug389VcCkLimezhc6wzn4EB6NdC9RimZGWHXn5DZpL2WR8PDrYtQAgUmBv8324ZDCuZU1jM5NHwcq,272804425,,,0,0
2024-06-19T16:45:50.908Z,2HXXJGfLdo5F76c3EkjQz6PrW4WqQwpXiecKrdae3ZuBusjirB1JYaULCM3AX8J5aN22sNpCe3ZifY4U4ipA5LY9,272804425,,,0,0
2024-06-19T16:45:50.913Z,22tyqFxsdJ41CUv1npW2gc3CJ14APRkRmDFp5R5b6g1PmHAcReuabJ4xfBKfDyQHYif7VvhhEXVVHXmwokPqHxFf,272804425,,,0,0
2024-06-19T16:45:50.909Z,3th5SxHAd5yFrso6FDBT7DPPacnbS1kH6U9e3MZSGihi22WZ2nziceNTe3HetrbSpz6X4XM4vp387tEBdgyMXfTZ,272804425,,,0,0
2024-06-19T16:45:50.912Z,4SyFuXPwnF8qmY22AtGhHThTtHZTX5KqbwbWLMrEU4JkgPu95yKVn7uAkp3q2erJj8G4NKBvB928sVZzBG96AnFC,272804425,,,0,0
2024-06-19T16:45:50.919Z,39nWBSUoijWv5nMHm2bGWMWGCcgoEVn6uF2Z3tu9exbv9Df3DUpWtnyL7RyqSQXiJzzjYX2XE6whAaDM3RmqgjxR,272804425,,,0,0
2024-06-19T16:45:50.916Z,2c1GsQj4wPQxyJZy23CNLp3nbEybpgFmkkrwdXNT1XoZUKVjsjZNo3r4yrewh6BtYDELEYHPmWYJeh5cyVWwUR5A,272804425,,,0,0
2024-06-19T16:45:50.915Z,2rnYsEWhefrBFsJNcw2QNhAUbgV8nDGEkoWRgy5deT6NgdUiofVGJ4eddA29NdPeJfdbDmFXCHZ9YZB3Bj666V2n,272804425,,,0,0
2024-06-19T16:45:50.924Z,4rwDCFsPQunynFyjhzmBFzJ61JP7EHTbfr5YRj4u54m1Eq7CXmXGmPwHscrwpRqEKWNbp5xfQ5zZdbiaVhumEEJR,272804425,,,0,0
2024-06-19T16:45:50.925Z,jemaG5ZyFXQ6nNmVuoVza9dNGTqK4eeagBHY4knsoBBr7XKm7naqrdZv3NpyQDA4qYBXcL7FviwYuCMW6Fxia5Y,272804425,,,0,0
2024-06-19T16:45:50.921Z,5mGsyqgEbCe4FnivwjRJr8Qb6B1amgn57F68dqMp9GvRcgyt1T6rBQpBtorbKMxSL6Pa2ikFrdJr6wpiLbXL5UtR,272804425,,,0,0
2024-06-19T16:45:50.927Z,AnNkkPbaFH1hspa9fjaXcSTxYykDMJtJKkWbSaqoaKc86oSqbMvav64Zb6sypfSqtWxo1mSRfuqE7iBBsspbtDc,272804425,,,0,0
2024-06-19T16:45:50.928Z,5rUGh7zBufE4dJ9QK4MLZE1HEzp56Kv7wzMV8LZ5YLUCHJTUEyw4bpfVubLrERejow23wYpRvFsXags6BmGfuMiM,272804425,,,0,0
2024-06-19T16:45:50.935Z,39BBcoexcb5RqTHTXuFZWRtBdZah8uPYK2EYiEDBtHvVXRPEopvGJFgkwrX3P7Nxfb6XAoVfAaMorWA3ov4Esh3u,272804425,,,0,0
2024-06-19T16:45:50.932Z,SpjN9nVKyqFUxB7Cn7XD1yFWnxKhoiksSP5qxScsVoKmqJEx1ta7kptwCphAErGDyivVGvMzX4wqZgzkSCCkhZb,272804425,,,0,0
2024-06-19T16:45:50.937Z,651NLCj6Kbn8qnba3pABXFiTPoGEFZ1wCDYePbbTq93QFQjfdqTvTML4tUuk4a1W4kcXGKJCg1MA4X99eEAseHiy,272804425,,,0,0
2024-06-19T16:45:50.929Z,ZPRHkSpPF3qfSBcT7TTWkHnP12stzoG8NecrNF2F5VpNDCw57Zfu4TM6KXL4JtTNWByf3T5A4SvQ54akiE6BjQn,272804425,,,0,0
2024-06-19T16:45:50.940Z,2hhRbXw1Kttgzs9ePwr5ry39k8xympHeXLy8qmb1RRv2uZKb7xpLGAdyhLf8Ct7X9yHNwz62DLvH3XW5JEi1KWpS,272804425,,,0,0
2024-06-19T16:45:50.939Z,3NPJKKHsNfFt5Hjmuj8SaQxFNYERD4QJqT38ynAGouehX5UW42R58J5FXX1A993rQjyb1h5gzcPYNnN5z996HcWt,272804425,,,0,0
2024-06-19T16:45:50.942Z,594ymZaWxC3ogGFgcXoXxQBudrGqWh8nScRbkR21NerYTU2gWjxG9RXn2B92oiA9da8i2uT3USJicrmWsqgS4oAT,272804425,,,0,0
2024-06-19T16:45:50.947Z,45n9zqgH4vAL6jvLRnaPUhNNDMv48PZvr4f2if6LKTGvBmY7CLwmCYKQ5Her6Zv8bMgqLz7BfTNQJwje4Whi3fca,272804425,,,0,0
2024-06-19T16:45:50.944Z,5HFvcWg5swE8uhcBGu4NvNhWXr2DeKeTiAYgZBbjh9cenqEwGfDHud9D1BCyab7gE1sGjdMN9RGLYVwx42Tmf5u6,272804425,,,0,0
2024-06-19T16:45:50.945Z,4HrNnuFmdFw1oxgEUwX2pRbYZDqHMHygoBHEdX6HnoXEJsBCahASjzwbWcW4RNgiAaPEJcR53wcDcwSNxjEsBwxj,272804425,,,0,0
2024-06-19T16:45:50.953Z,5xtmF9AHqN1jysmJSytaESJJiPpMpsezaHDPuFiPJ5pZAQp51ThpEBmxN2v5geNioQAU6DAaW7MaFpKcaPwPo6qh,272804425,,,0,0
2024-06-19T16:45:50.948Z,mKwMwh4mUgTqPh4zyWavEfpF2NidY7XRGKo3bweEMjHpAtTTXenMQG64wPZGLKz64pnGTqMoFh8EsVdTsbLtmzA,272804425,,,0,0
2024-06-19T16:45:50.950Z,66n9cS1ZEfhzHeeoS9boih6Vadp417yoYbzLfHhWg15rr3RhQEaWba8PSZyGr7NxjEUp5YmoguDV3uQALsNxNdYP,272804425,,,0,0
2024-06-19T16:45:50.958Z,3UqxJcBydFPFLTULo6vpXRuRg9r4wHU4YueitW7mnXMd5pSWPc1EfaV6nFMgnVkBg41bYgfYiKxHKEmSEvTPR7cd,272804425,,,0,0
2024-06-19T16:45:50.955Z,3RVQ828DXdMcXBSkoUuc78KZCyjee2UZyFsV6E8kFJheoYpUj1YVrK7f4XyVor5NL1DmRw3w6oTGJ75jqtPM4oiA,272804425,,,0,0
2024-06-19T16:45:50.957Z,3ybVXyH6k9ZFVngzWbkxzbEf83rZgWCrVvjxeReX6HeAzm1Peb5pox1mG2iry7pasy6yvhLEHseUfDJ6Pj6teH6G,272804425,,,0,0
2024-06-19T16:45:50.960Z,2B6hpRGcSQmwJSYZvspbpuA9JTKndTH4CdkQXXo4W8qfyTCKyy4ygbqq2NwoixSG6MPpdJLREmNTqnyJBGTy56FF,272804425,,,0,0
2024-06-19T16:45:50.962Z,m2DfnuXW5FFbyTwWSMCg7Fchheii7s4YTK6GYkgKJPtwa6tnX231eq42ngWjgopRkg7Q77ewQGCtEFJDbSqsupc,272804425,,,0,0
2024-06-19T16:45:50.964Z,5xGh71i36NnhVfbTz86JQpUwYRvQanW6izEmaMoqQLautEHttLLhHK5yzsSK3bzHsHWwNQdM619tpLAVnUQ2YKkv,272804425,,,0,0
2024-06-19T16:45:50.970Z,4P6Bymd5Z4FzAnu7HXFAaUXFyre3FRe1uuhLUsQL1FhMDng6nz36ryHLSqkDnvycevW4GzDjimubiKvCRaLttR2k,272804425,,,0,0
2024-06-19T16:45:50.965Z,3Qzvr6VKZLxExGyaA3YnA8Bj6wGHNBPjCk5adBAVKBF86tyzgFqALgpweP2eCtV3e4zEjwmQwVQDhgoKTq4fktyo,272804425,,,0,0
2024-06-19T16:45:50.974Z,4dsfd5go3qL5oMB3VbuwyNaThbuTWfxhTf2XYL6DMEK7VrjDm3hWDAHKbEoGr6frioa5NWBzqjPLLAQk7FzuDYG3,272804425,,,0,0
2024-06-19T16:45:50.967Z,k3sGdzRinPD5r3xKcWc2dkVj5CnP7a4MEREhTGUfdtYFRQxkw6vZaet5ahMgEdihuXbqYeHaA2Jeu3HHmFH1aRo,272804425,,,0,0
2024-06-19T16:45:50.972Z,2pnBRSToWmuTX8TyCuRc2fPVgUusxTgaB33Gy7UeVtWXtgp83zWmFtqrpgwSfHYbGzoxT4A4ngz4nAy43xjhQoLo,272804425,,,0,0
2024-06-19T16:45:50.981Z,MRdmWYsveKvj2ASTAqSPb5RaVRTMepMiPiSHCqNMjGxNAvGQpPxb4UCKfEy1ePMeXnkiWLpnwPvpVESNNKDRKcL,272804425,,,0,0
2024-06-19T16:45:50.977Z,3A8Dd7NNTG29jbEK6gajDqWnzN2cZdFZJbAxFv1Kby9LFDM6UGhqHqoWGXbavvTbv3dqrbZA7Xf4NShuDjTQ27Sf,272804425,,,0,0
2024-06-19T16:45:50.979Z,2zr5nLfuuSFzFnZwdzjuAtyPgEfZzzRK6n4AuZVWJP4K6J6AfeJsfy3sfVyiS5PgYgq6on6xuBMihVwHB2heYSEm,272804425,,,0,0
2024-06-19T16:45:50.986Z,3YeN11Agv8JxPbjrCY8toDAYuSnB5rDyPWDQeN3qCrnqCMy3FTsn3Sb6Sz8gnMK4fkaZCwQq6MHdNYnfNcxCXHu2,272804425,,,0,0
2024-06-19T16:45:50.985Z,S4XUFY1uaV8U4iM3EnrF2iQMRvM45zLQ1REVHAhBVRgnra1dmuqfGCyj5SutLRHLjWQfnhPrCnetCqJf9CcWyem,272804425,,,0,0
2024-06-19T16:45:50.984Z,5vdkkNzcgPEVdhf54CNKakF4bxjNVq2aeicAxb8oiW4TrRZrBYvnGZe8zTQf8vc8mUZvsjMSi34LJyPSpSvNuVSQ,272804425,,,0,0
2024-06-19T16:45:50.988Z,7R1ntnxGr2bdDmZvFbMhbVC5MqY9AQoMG29woFApGxGFqj6ZqtUm98aGw35WB7SPa3Ar3QG1tU6T5U31C8HVk33,272804425,,,0,0
2024-06-19T16:45:50.991Z,2L72DEbMPWmrabNzLuMWEihAUpkasRoT6Ud3LadCk5VDEh8gm7sPDYJxtYe29mjCghporng7FfpwzfYQtnVb1Woo,272804425,,,0,0
2024-06-19T16:45:50.996Z,pvhXkKzN7R2LaKPV9utaaY1o7mx42L3ngEkHka5hCBf3yQrwz38WFhZiBjsEL1xtDRJCudVvmVuJJ6fAXLFRAQC,272804425,,,0,0
2024-06-19T16:45:50.992Z,4NUhKsb7mUN8FcRL47AoWujpAURoQwMtD5K5wUDvBky7xHhb7KcT2gz7vfpwKxayphzFK4M4mp46Wa2BRFd3mFqt,272804425,,,0,0
2024-06-19T16:45:50.998Z,49bdC4rWVjgC1xx8fhRWnv4jkZrxSSrATbdVPJD5PVQkSeSqkiTjHWAYdth3QiL9xtMwNJBoRTW6evBj9KVBZ4up,272804425,,,0,0
2024-06-19T16:45:51.003Z,3nw1fJiyoEh8gQyTmK9kR69wrTbKyGhmqPJLsNibMFoYhBBPLAn33mdtEuHL2G6jVY6kGNi7bxxCJr8xr7z3Wv6q,272804425,,,0,0
2024-06-19T16:45:50.993Z,2KiLDwnpzfdG5DP2giVKwY9pcQMqAXFumWm9BzCxwm4oZBEh6YEGUMoKdzuC9wBUiWQ1VSa8kLmNp5ykkfV7ZKjU,272804425,,,0,0
2024-06-19T16:45:51.006Z,4nZfoQDiFqXqFVNpfCU93JHerdouc32GAH88WyrjAXW151Te25hSxM6o9n2jXnV2uSiLctTKXChyGTNHH2XaSyp,272804425,,,0,0
2024-06-19T16:45:51.001Z,21r92PeEyKLmmkvNPANjhachrEdB66xqeFbgzKNfgZFpyd8E1iqmpj1HnxfLXYsNXmGxA7TARHRzWmmCddwbRafb,272804425,,,0,0
2024-06-19T16:45:51.007Z,5UpCVfMMkdY5ABxewwCVEQ3jBAp1gR55SZNRAgK5rhqdMdJAdUg2MVc7ezfSmkGQEmA9beT1ab4XLiCiNnbNM3BL,272804425,,,0,0
2024-06-19T16:45:51.004Z,63ysggftLfWWp6NrLQHryVnugG1grY3Lwn8CPy1x3PBok6La33bC8CoUWLzJuLfDeLjRGPLyRTMxFKD6b4mgv2bx,272804425,,,0,0
2024-06-19T16:45:51.012Z,oRFGYRFXG6bpDBVwsV5mzVekiGFJhUi5KF3A1KGy81GnnT2iKGVmZzE9nUg2GRD72fPk2o3dzg3kq8hynb5Re6q,272804425,,,0,0
2024-06-19T16:45:51.009Z,6ZoP5XvowuR6hASfAd5RHJMvWhF966zEDS2ouaDwvKzpAbjaB4gRs7j48KqbvQb61k4QVFjEqnUR9hfEB8gpFNn,272804425,,,0,0
2024-06-19T16:45:51.014Z,ydCkDJSgWULbvLUGTHddo31WQK8rLHRKpmxe7zDmFamrkiSUUYCHS64XkVT7WWpSrwsnRY1CUrfzP2r6wQV6zPT,272804425,,,0,0
2024-06-19T16:45:51.016Z,2gPkvruAXn3pnwfieQ5hVJ7CmJkoXpvTBqyNFAL1e14pGeed7QWdwaKJeNCbGyHvLdMcinbhPjsfJ5pm94sEg6Bm,272804425,,,0,0
2024-06-19T16:45:51.018Z,61rJL7ym9MkgciSDyZXBeCFF8y8Y6TMBb3p89f1ZsurZZrVvGdfggkgYAPh31LeTm6Z196o2b53vN43Nh5tJjz3H,272804425,,,0,0
2024-06-19T16:45:51.019Z,4jhvG2vmunqZvAprWBme7dWFYZMzGgQHF9W8VBoBTZ3qHMHmGpAKocwvAdkQhJnCkyAAYeHjNMY6JuV9gmGTGEnq,272804425,,,0,0
2024-06-19T16:45:51.021Z,iP8UowMRATEuBpuZbfgxRkZLJokhx6mfM87uRobaAdpTh9vdzTbXXw752Et8s9mPo2rJ1Yc531fiaersqMGgFeh,272804425,,,0,0
2024-06-19T16:45:51.024Z,5v9AwjM8aSvck6HakT4MTaqdBQYaYtrRvnDpX9GucPBYL32hidubVNYgKwgpRYxDPVByUEL9sJAmYpUmwWy8aqVR,272804425,,,0,0
2024-06-19T16:45:51.010Z,88MbDUk3msDmLXs1eqNsJP2vvyJbjqBKAjAbwUbbPCBA6hnSEBsgaErD859ApPuZpKiLY4d1pUTGdJpDkowDJJJ,272804425,,,0,0
2024-06-19T16:45:51.027Z,3EGuYMqWkVnxS1yRRCPJjq24ciWi9FTzXjg41k4b5q9KP5XypdPK7AaCFBgTBTXPPw1WcEhQZ5UJaWNeTVPtpsfR,272804425,,,0,0
2024-06-19T16:45:51.028Z,28wtZFj6GFEbeWTutimqKEMd82qqgND9hf3d5zBhp9zVYChwiej9Y6XuqRZJdddpGoWBofpwHX8StJHZx2FmWGvV,272804425,,,0,0
2024-06-19T16:45:51.030Z,22r6ioQuyMGGN9FmBZz1MxUgydhPdF66BsEB4KcWS5UwLDkfTUoo6XgTq9xNVXXVVkGPghTXP39q6ziLoBxDADda,272804425,,,0,0
2024-06-19T16:45:51.032Z,3s8uHQpRLFqeYqBKaeNE8sjZN4mqmVNpLUeWeFhKQVUz6km9pePDMahP9L5ecbo1owFevdQPa5QsjQAAP9Gb5UvW,272804425,,,0,0
2024-06-19T16:45:51.036Z,4wJN48UBhNm947GBWaYWeLbTiapgwAdUqx66T9KQVKC2ZrziaLATHzqG8bv2ksooxDtGUytRcnsKUzTgJ7u3LQn1,272804425,,,0,0
2024-06-19T16:45:51.025Z,5TRyBiDhfutf1pUg16rzs1RbuhJa2RxSSAGE8iJjrnAuqi69MS4muZAer22hCgXa3vKbRykTGfcHTcLRtPBr7foA,272804425,,,0,0
2024-06-19T16:45:51.040Z,3hiPSpN1Uj9KbTQy8seRUdVgGQArW9mqL2hWtUhAGoGYAMcf6qp1mZvmZoZ8sLr5ZE2QpjMU9fGfvbS5Qyj9P8dm,272804425,,,0,0
2024-06-19T16:45:51.038Z,58t8bh9bAFbzbLVicKbTRVMB2duowtm1jWRe7Zmqw85EPLy5kFid4vw8XKQMpzui9wkXPRTxK3VrFwHBBeghDLwS,272804425,,,0,0
2024-06-19T16:45:51.043Z,4GqHH9a3MLfP8adQXCcS8GsoBvESxnLRL2NbHdJWrynqengSvFbPr99G9HSTvwLL8NAzj6QLD75DcwwJpPcXgvpJ,272804425,,,0,0
2024-06-19T16:45:51.034Z,3h8khhYchtu9E8VzHRgzbtVbCYhN2esTNEmpseHeMe3eUu4aVuNWZnZC6ykujgDtPAMK5H2QofLNszJrbQ8WJFR5,272804425,,,0,0
2024-06-19T16:45:51.044Z,65pY5YUTAiL51qMQsdMUzBJSjCYohZTacdz1UN8J5UvP1TCh2dBhWQi6ifDR2uY2HCBG6FAKx69qozrxt5VJsfph,272804425,,,0,0
2024-06-19T16:45:51.048Z,YbTt7Hbyuuj9McmcJ8QXDTNdn4F2ktXA758LE2kDpzNfyAaVz28KbEtWCa41FNVAfiQtrcUfvBuKG9uDkFZADny,272804425,,,0,0
2024-06-19T16:45:51.047Z,2tTtdLm8sgkqgjuh5WnSE9J21kLuFkAQx64jHLdC4bNyBQfEaJRFt4gDtf1kVZFJCCiu8rvyLEWyxoF9dC14kBP3,272804425,,,0,0
2024-06-19T16:45:51.052Z,48oKmwP1Z8dvp2ePA89rNj9cirH8ZBXyP2J5bSbQFr8JNfeqWYMfxeMcc1iSRFkBQNqkDva5AS5jtEDddJsTvqXT,272804425,,,0,0
2024-06-19T16:45:51.050Z,5cNPzB72dT43dvTtwKEwj8MLnU4Rk2yzv1kK88phtnbQbHNvXSy5q84ELXB7ZgDXjcAegc4LfHoid4TPwDu9pr4a,272804425,,,0,0
2024-06-19T16:45:51.054Z,533Mgp5m7BUTRqnqPeRQaBPBE53cQQknczCY9fSYDaLcMbYj3RPxCi3NgNnNs8ckCNcXzN23k8xaqC6Ux8y4wZS5,272804425,,,0,0
2024-06-19T16:45:51.041Z,A9K6GHxCWVWhDP6eRvZhDxRAWDz79vEZeAJ83TvVW1UT7LbYRgCLpGXaTFLEVnmwehJfWe7zQaP79AQWPFU9gNa,272804425,,,0,0
2024-06-19T16:45:51.058Z,32DmGB8YUxJyAx135AHjxEsCroZerUsN4KC22uzH29YPWYMaNtgYZxEkEQe1BgM6huGdnmgkxzKAGmPJY11jPzBr,272804425,,,0,0
2024-06-19T16:45:51.060Z,4RGwSxaWvQHoAtzBBUBTxzCDwQgDvLykNwUbFc5JDi5i4RH95LoAdTXgs4fDytHGkaCyUpFbmCBbsoRNtv4YCaPV,272804425,,,0,0
2024-06-19T16:45:51.059Z,5UrxxrXxZLUFMoTAdZTg89usss9Ug84W8KcWU6XWCjdrFk8QwjUoYorvQT7wM4CT8eby4SPKRtbk21qFGgA5xXPU,272804425,,,0,0
2024-06-19T16:45:51.057Z,5hJ5erHK2dP9Pg19xbdmTJbXKJTWAgXwzfvUre8AtM4rxxboJ2Lx1kUZDTJNfm8vyRfQqnfy27cbDxtBhEiwvBcp,272804425,,,0,0
2024-06-19T16:45:51.065Z,4JF4HBdHHhTnfRndbP7rcp4qY7VkbonkkDu9qV77VwhzAh8RpJihh5XBL7mT11e6uecx8fKhzN8ysSajhReeGQXr,272804425,,,0,0
2024-06-19T16:45:51.062Z,2co9cTLbvZeLP6zfKfwNTEkW6jx94gMxsWNT6sA4wVzgXWLeGvALMRd3xC1dP6ufGZqVJrbbEo28BA556s8npDyf,272804425,,,0,0
2024-06-19T16:45:51.072Z,3Vh28HfkS8Fu6bqiNvCkbQeX94DhdcumMcHgtLXaZFazsB3hKAMeUVKBHDzDPStvhGHo8bLcYwhRcHQErevyyVm4,272804425,,,0,0
2024-06-19T16:45:51.073Z,4Ughj7e3RJHDtVQZySSuZ2HnRUpiE1sTSg11nZwS819KezF24oug4xzzuTQiAqcJAzngD3hxWYkxcoz7hbPRQhzX,272804425,,,0,0
2024-06-19T16:45:51.070Z,ZzgzfG6T8A1KJ3tpRzzSJzh9Z3tozeobB88MSf86Su9jmpDhrRVKieTncgG1i1oor9KkzZ2bSjvHF7EG7mG35Cz,272804425,,,0,0
2024-06-19T16:45:51.068Z,4Ty5qW3VhE2PeH7Xvwk6oBx4LrLZHCZvsorvqqLoa8fBRuYenJpTrK7TUkuXdCJV1ZcC3oGbnfRyPE47rLhx8ofn,272804425,,,0,0
2024-06-19T16:45:51.080Z,YjA1uiXaUihtJcCHFAWnzM9NDCN8PhNpGfdtPtDBr9oCNxpVJTyeAhQLsPWyCbGXXygeMwMBWnmM9ASeSvR7Rdk,272804425,,,0,0
2024-06-19T16:45:51.082Z,67nC9th5M7MLyrCAP8aJgZnqRmQpwCe3n318Spn129rdfxF6PydRQWobf34TupRY8T3Z6es5d3A5x8Pb4DEsFTwv,272804425,,,0,0
2024-06-19T16:45:51.078Z,5aoxGGvCrY6BkmrZuHEw6xbusPVaTWZkaaZFrcNBPBaCqKeBzUhsThWvjRsEvGEaWaQvHeRT2sYAEUGxmsNp7J69,272804425,,,0,0
2024-06-19T16:45:51.086Z,4wjTfS7VtF5cSQVs73hitCE8WPWUsoQTzZPbnykd4Ze95cDh2X6CxzXPxYDFVCVyk4Q6URUy5P2WahTZx4e3sJiE,272804425,,,0,0
2024-06-19T16:45:51.087Z,4fkwsc5y8ELAx1bNkkzBLLByWQdanJqNo4MQtTL7kMb69u6PqGvu3aSKqSiF22dqEZquLssGb2e4TrRkPGDA6Qn8,272804425,,,0,0
2024-06-19T16:45:51.076Z,2XR6uY7vTVxfftJhhNMiLiU7zJyw3S3ab2uZ1vwtHXkvaDwfEvgBtLq5TaCBUX1ifJ4ZirTpEWhHQwpzPqfSbvgR,272804425,,,0,0
2024-06-19T16:45:51.090Z,235B4htcMb4uQLhid4aVfCcT8HNBSGr7cjQ537sQfRY4oivdTPWC4LAbzuLvJZN5h8BmbBEQJCUcCq8AP5BA1FrZ,272804425,,,0,0
2024-06-19T16:45:51.089Z,41PyFkL2MTpBGo8wFqvscD2trznQrL7td9dH1MozDJkfaEkUZYCQPzf4GtCcTeUkE1AsdhkoZtBH3UhnvZ5ySzCa,272804425,,,0,0
2024-06-19T16:45:51.092Z,4XzfYqj2DXSgh4hM6qyioL2ndSqQLhusfNkCoppYExRDj3U9KPH2qHnYijJPHbXVwxAphZJgFN3imxekVHrTooKK,272804425,,,0,0
2024-06-19T16:45:51.093Z,5QJryqwiQCqiMXZ26Mon1hFaTEuPPAXYj9iofomb9zauVqagoNfyjXEEudEG12GUSyAb2mZNGpvJyb76xMqbvCGm,272804425,,,0,0
2024-06-19T16:45:51.095Z,3asWiPvWLnWKPQqvJy3bT6rJwGUB2wGAhbSnyyFt2eMhQ7VUVr3iqtGk4Pb4WeBJFG3WNTw4E7aQVrssQBas46AJ,272804425,,,0,0
2024-06-19T16:45:51.101Z,5Hk9xWRF2PqvfSh6SRG2cUnAtacCCu8nJJn5EVefWAX1XVeieQi3iZvzxYy8mGN3JxmxQ91EtkViWFmZuKhNFFvH,272804425,,,0,0
2024-06-19T16:45:51.097Z,3mV1if4Vr9NAcUVqic4oDz2meXyQ4vwK1bVhmC9fmECayQ7Gp9FWfVDPtDs9rPx3cqBGSD8C8ieQRU8vAw46F5Eg,272804425,,,0,0
2024-06-19T16:45:51.099Z,4Vcxsaqw6gK9o2zSwDLL63aTzmkx9xKYKciirSdEPuV9ekBJYuS1GivgMg8PZuikKxCMHGaX6WVYwbwvFohdELxW,272804425,,,0,0
2024-06-19T16:45:51.107Z,2vpZtNFuVFZNN9vAqmeG4SEGRjuwiF8FhVcikB7MzG16hS4XiL4Hov8GN7qg6s4ckn86DZhaGbM7sF9YDShXAytM,272804425,,,0,0
2024-06-19T16:45:51.104Z,3g3w9FD9QBvAwmxkpWcRGwh31skjQEpnE9syxp84wFeWRzYTqU8pxif19H6u1RytdWDPgWeV2Q1AFiHquTWC4jZT,272804425,,,0,0
2024-06-19T16:45:51.112Z,52nFFMvJCTcExkHwQv6kZXzxZhDn8XTQ8ZvFNc1P98PSQuqP34yaHt1zjgbF9CtuiCXEhqGEf9MthotxBVPcYiVi,272804425,,,0,0
2024-06-19T16:45:51.109Z,3bNDTd3WVhe7y8q1KdEMhwp2GEWGu8qrHtazRUh4AQYbXwGvqxpuUgfemtDr5nPT8ipRxogrjFtSPC1XScGWC7cX,272804425,,,0,0
2024-06-19T16:45:51.113Z,5RDmLfqTLM6Kp8iXaRPKgfw8J5sjfAeCigYvv9wrioC7yGPsNLbHjGxTaSZzEXN2CWwH3QpKpJGakDbJW7r4JsxP,272804425,,,0,0
2024-06-19T16:45:51.106Z,2qh856DGcVSC4K4qt5fspRXRUtYTMysMGL958oNRfY8r31jKdv5JwUbEniqMA3Y81pu6aKKRWcPiUEb3EBADwjrw,272804425,,,0,0
2024-06-19T16:45:51.115Z,jyWJzMFaPJmzwDeczVt6S9cYKFeR2WiBN3v9XTw9SRDxCEwVba5wfgGzTgpcw79rmJJMADDyn5guNxjycjQA9vE,272804425,,,0,0
2024-06-19T16:45:51.119Z,2DSVWswFsZHJWheeP8h2WagHPhGzHiQ6FTcppW8VW6gYQCmyt3NmkgCMdaAPULJzVRTGuJ2VJTpbpEMuNjxDWeYb,272804425,,,0,0
2024-06-19T16:45:51.117Z,3c3ptAzqUmgz6qz8vS4bo3dTL6SP7xaAkQEdDwdAKhPFTAP8R3LN5XHXuhgiaVq94aQ1NGu6bRnZYEngsHd85s2p,272804425,,,0,0
2024-06-19T16:45:51.121Z,2SsYYLnz4GupJtjm7X9GAduWZjKWQccY7y2WURarg3VgxtGuf3ht6wDVT8pqGoeGNnfxpkaTMpJWqjFgWf5b6ZvW,272804425,,,0,0
2024-06-19T16:45:51.124Z,J7Z5iEsoiZaSqsApYiihehMPG6dnvs8o7iCX7WH8y5U97BiUGLMPtKs9rvJvqa91BefSwzgZTztTJGBbHYDdQPB,272804425,,,0,0
2024-06-19T16:45:51.123Z,21WBH8FmSPgnaxygf6P2pAfbeezTAM94eH8hiNEE1W8vgM79sVCgv2eAtivSVdXAcScoE9xVsMQ6vHCiPRNMzJ6u,272804425,,,0,0
2024-06-19T16:45:51.128Z,W5ArhVVnNq6zdoQWGEgb9PS5FHbqsnBjeHCXopsoyDDJcjmMJHDDFiq33UkDYSByYHojufEC76J8MUaCAzH5Uvy,272804425,,,0,0
2024-06-19T16:45:51.127Z,3rUeHqS1e21ctyUcJmo2LXWNqujfQ5UiYGjt9qkpRXCuECCzVymz6gUvh8c5THX4NNS14xKfetMpCew1hEiCioMH,272804425,,,0,0
2024-06-19T16:45:51.131Z,rCtMbQNtvtvi7vsoSiapEujXUbksvvM58SH5Z5rGv2UZxVJVVWS9znKDcE4WvFsXdmhV5nooH7yFgPjyufD9hRw,272804425,,,0,0
2024-06-19T16:45:51.130Z,2qLywhPBhfEeyhj9g3GpdFivR39gGPjYjtvvKQvDS1RUfYKtLbQDs9yF51jKYm1ZikfpfN7CV1zkmfgP9Kjbz35M,272804425,,,0,0
2024-06-19T16:45:51.139Z,5qvLB9AubWbjAwtQDNdiM879JMRxx9FSc3Jh7sNtCWdw5h5fZ71dC8FM8vtJ9hLPKVBBFRZL7W54kgkKw3yfWr8a,272804425,,,0,0
2024-06-19T16:45:51.140Z,3oE2anAj8GYPXU3hEzexpW3Lnmmi4TUmHvyR1D9uHxoSDY2w2ntNNUMR3CpcE45JVNVBSJGeKnztEPUsGW3UYQUZ,272804425,,,0,0
2024-06-19T16:45:51.136Z,2uU2Cu4oVK9Vc7Zobkc9kXriUvNL8h6qtHn1X1EkQwnRfd3LTAVfHmm5ScSDPpsUzriD2RxgFypoQTMUQNpZgnwy,272804425,,,0,0
2024-06-19T16:45:51.134Z,4DvqkKGD9RMWuyoa9ygFyQaEPQRAsDsmVNCjdmZTGP46SPcduSLkZ61YifDpGNTXCbPh4Gmg7PPsurqDqKpLDv8A,272804425,,,0,0
2024-06-19T16:45:51.142Z,268Nurt6NLYfzj6CFQHCpaTxVhZ1S6yMH9Gy4Mr2QneyD2eK5FPL1YZQpV934AAkpeoyb3YcGjV9cXU6amiNmiue,272804425,,,0,0
2024-06-19T16:45:51.143Z,9mN6Zu1m5R8dcztQicUkHapC7HVU5j8bnkned2Pg1CV1DcLvzvWw6fSDfXbejcooQgwpNAC7JgCYtuWokBEbtfg,272804425,,,0,0
2024-06-19T16:45:51.147Z,41dxVtAHZ4HuRgCuEVGCEKRMEPWgmzMYfePowtEwCtqpZKUzGUgKSgmA2XyEdH5U6NqwQwMGib641gmDeAiHX4M5,272804425,,,0,0
2024-06-19T16:45:51.151Z,MhnQT5ZTh2CpLrF9b2bxDibd5rJEgRCSjXKwiG4CPvAXMZQF2PjXeY1RGDx3Wv4NbfEJn3Kms1dN6zSYjGdDkGL,272804425,,,0,0
2024-06-19T16:45:51.146Z,3SkSFkrZnNVEtyPiQpph57piQ8Wx4a4nDP6HoeFGwiPGai3MxFoXKNMo9PSwgA1BfgBNtuHzoi7mo2tE5XxBbtTe,272804425,,,0,0
2024-06-19T16:45:51.155Z,3xDzUdCG2V8QpRjcWCzmc7TruDmuwstoP1TcGQp2f9HsAqdfBLA6YwHkEUwZndMBgQFoYKU3vW5PXXaABpFxmgju,272804425,,,0,0
2024-06-19T16:45:51.157Z,5BuhCWcxxo2zMLQdZKqSfUZy8etZYfXrebpB8GcPt4xs9S9opnkS5W4UP4bj1dv25uxyxG4gByJGtU1aU6QR38md,272804425,,,0,0
2024-06-19T16:45:51.153Z,3AuqNkSpiZBpTUkx3bAf7bM6KGfg4c8uyRYgNUxzkCHoexSCg22iRnebKkyYocJFfK11Yvr8bFBi2CzQvj4ayPUe,272804425,,,0,0
2024-06-19T16:45:51.159Z,5DqGRWd8mvGDAQJM7TBxqFY4jviTRWZnphuTGZac61AsEQ9P7JPKzd1EFP7FdVXSG2HZZwyvQLQbjRzdCogPeyf5,272804425,,,0,0
2024-06-19T16:45:51.162Z,tmcHMhmddpSY27uJms5jRWRThqXU5VUmBQEmq9ZKqVeeH5mwPeXSfwHMFff4gmvGK9B74SftdhYdwzEHDXVxLKh,272804425,,,0,0
2024-06-19T16:45:51.158Z,2TN6VzrLthSy1LFWtgHR65uGnJxXuSTF9prkTt3woPuqEnD3Dk6oSu91TLB7YLP2UctLERrAGUvzNFSbySGX8Hvh,272804425,,,0,0
2024-06-19T16:45:51.149Z,3uCLkFh9TUebGK2UQZQatGWegyWRJg2BJ9ioB6ja6xPRptWPcySjzw3imbmjd8syoahjEUPKUAYBK3LAAvTvexra,272804425,,,0,0
2024-06-19T16:45:51.163Z,5kHvHSy8gR9RbocPTU4oc7LZdc9AtoRCpkioadvsB335N1EfmLxbd5SpQayWjECm5iddN2GdSLzANJs1yKBnsPxM,272804425,,,0,0
2024-06-19T16:45:51.164Z,MrcSiYS3PzNnFEqRysX2uKBAyrnLtBK3PC9QpsFTa4fWKWP5CTpKPCKadhgJZ3tzudh5ZyJw3144ScjBN1yczty,272804425,,,0,0
2024-06-19T16:45:51.167Z,5YfDSidA4u3rwNRabvTk2zGD6DWnPJ8xyiufBAfvGqSsmcVCdrFSRGtU6DAhxqWvxg8ZG1fg3psBGerdzL6AVNb9,272804425,,,0,0
2024-06-19T16:45:51.171Z,4absoTEPNQ4jtZyjjb7qPDPxuojMoKN9hrt8PUDth6fZFFUFTNuoPMEGkV7cYAv1uJTmYP27PWKvGGEjPjberkZ3,272804425,,,0,0
2024-06-19T16:45:51.170Z,45ajt1RMfUbb747sCi5RA8XBSEqZ2iBzXw7wGgF6VoDAgSdMvTh7Xy5R4sff4r8FNAC65GYrZeMqyxwu6FyVFMUd,272804425,,,0,0
2024-06-19T16:45:51.166Z,2AMFK7ePbM9dj3RoPqnCR1GQumdm9dzkZwkAZ521hknbGnPXFCdeTiWE4wbXyNLM1cnNPZhGn3PF1iccvnmT9HHB,272804425,,,0,0
2024-06-19T16:45:51.172Z,54jbBKBJtfi1UckxYycTKC6QRoTVJN9QVWswqPcLdYGbPrZHUZ6LA51dPMLB8NZx6A81YYTtWPuUD3PkTGiRPbNm,272804425,,,0,0
2024-06-19T16:45:51.177Z,zb32xrf89TMGei5KubMWBAUoBZ8B4KBJQZrvHSgnaAjDd262KNnxzuHiySEopMKwBtA3hBase3wGRH32WENwSq8,272804425,,,0,0
2024-06-19T16:45:51.176Z,5J7dhkzKLoTy2FmjDYf8W6pGj8CCyod8erDpqqntyoyhfqn7NPGLQuKnJck4CV2nx8XtZ9uw48pnirznFcMMAD2z,272804425,,,0,0
2024-06-19T16:45:51.174Z,26jZ6x3hptmGWd7HfCT7c5ZyMNPcX8YNcyxdFa4TZGWHL98WJv5VT3F6atVbT1yx6ob6JyQ8q8HUJcKnotSYNfEn,272804425,,,0,0
2024-06-19T16:45:51.179Z,5wC41QPhVXeqmHpESkBK7kZvFxwwa1BDb7M62jYwcKiyc2CweXaAhH83sB74ePS7ZUswD4VujPa9cD3m3uT8BVJ4,272804425,,,0,0
2024-06-19T16:45:51.180Z,3Maxw8Wst4hMB2DrX7ergRjXnc6zsZsLX8bgrrSySHD6TQLNop5jHrocRHifWoCbJoQumLFV4iZMDhNQscFwKCbH,272804425,,,0,0
2024-06-19T16:45:51.182Z,3FHVxVJBQhbPwdW3W8SM5K38oadointQvrPgffPvLh1HDJtSmkXSH15fLoCExkX4E2JMJhDbfCPzYVfAUTAE4MBD,272804425,,,0,0
2024-06-19T16:45:51.184Z,4WMGvmSu3prSUN58kSKdXko3suW41QzVfgfVdutvaVMUdT6C2ayg8FTB3EGR9sgjSH3sRBqjcSRnG9xyuDccsfX9,272804425,,,0,0
2024-06-19T16:45:51.188Z,2r9S849EDJhFh8hQtVKQaDdieXAsa795Mfvhz3WeiGUmLjCFBs53X9Lpvki1aY4474LT8QMgxy2cKK17PDT5j3HA,272804425,,,0,0
2024-06-19T16:45:51.189Z,625ki1k3Mqd2qhsNYi6qZzzf5YxYn8oLm9CupgPZrEkrURjH7XPAaXsnt4uYXkc4W87kwBqQTtF48RFDWLVEH5Zm,272804425,,,0,0
2024-06-19T16:45:51.194Z,C2evVdotppjxrvSraHF4WUym6iP9EtXNZbLm7xxHQ6Lz1GLUaQij8M9HZgvQSyv3iUbZmmGzAdWurm2goTMpcB4,272804425,,,0,0
2024-06-19T16:45:51.195Z,45RSnuUgUY38kZHzWEnSxt5cwmD2nVGrxMQVEg6Dz3Qwxs7YmvNR2VqixMRRMaQb5UpPAB8RFQoDb4GTtgX1rPp,272804425,,,0,0
2024-06-19T16:45:51.192Z,4b1WeJxqmnKJ9ZbWv2u5pRo3xwKP3K5w5T18PUcS6L2THd84VMKEev8dam8bF9NR7MdnzMqrY8Mc2QfKrnLprAMB,272804425,,,0,0
2024-06-19T16:45:51.191Z,3JqTb8vYA4CqLEaGAMyKz2G8aHK4wHR3qQKuQjXbmutcfKPPezxS15SWLB5P52udz1wxbtEvsHK3anMqXJNbevFU,272804425,,,0,0
2024-06-19T16:45:51.200Z,4CYaCw7sajTKx9t5jtn7PLFriMH6CbA9VsqcYC9XpjqqikZDdoX9sdB1ozb9RtfMQgLhMZgc7WX6ByYTGdhdJHs7,272804425,,,0,0
2024-06-19T16:45:51.198Z,5msWBM4Rmp8xocWCyrnbLkT652muPaYaJ2NuHLCPtKZWjxhw23nkkZyikt9zJEZhuyZcHYZLz2aXRJDGT6xUYDn4,272804425,,,0,0
2024-06-19T16:45:51.204Z,5TV8Gz2kkihTrQZWAb7wTzPjSNRGS1N2STTKt8LSdPX51eZGKV3umFwra3htgiBYxqVymwb93JGx29ihriB9mBFL,272804425,,,0,0
2024-06-19T16:45:51.202Z,4LGU1Kz6hQZFcKiPZ9BrsuPo7NH2dAL9Wu8t9xeZosDqNn85D8GRoshWYHFwbCzMPeT1VdRkFDE9pnwubd36XVyn,272804425,,,0,0
2024-06-19T16:45:51.206Z,4RvxT5hUgecM4v5vvdxaTJVoTZg4fAGpXLGpjJj5nLzsj1cTMhYiVKYGBznAi5j7sD7kpGRpK6V4MZXuF7viGbte,272804425,,,0,0
2024-06-19T16:45:51.207Z,4FJYQj4VgP2fvdKV3fs54NGwzLbiHv9ZPgn8YkDRgn8wwRuzYq3RRAPD7dB5GJGfmfi3kPqsDYQxEca9qfA5zztg,272804425,,,0,0
2024-06-19T16:45:51.197Z,2KkbsA5A1hpANYPyDUr8MBD7ok5eZBrATTyvFNeBBvCixSG1cvq7UAjneKiR6eC8g8JF7CRkbpDrxd8KyhXSB8vk,272804425,,,0,0
2024-06-19T16:45:51.212Z,3uz9HscpzMthtNDZhLDKLd8iWYXdxQiSjwHdZCVtQ2tcdR5uezfdWqVE5H3EH9RT8W7JjrvErDbSBErAKu1g6h1w,272804425,,,0,0
2024-06-19T16:45:51.209Z,5qxwre4xq98BFniJvb2x2kPdX5PQuvUmFJmK6CN74eYZhQyUjFXbytz9F6MuJyoyMJ5ZWLe7QK1GNLhggsUMRYu1,272804425,,,0,0
2024-06-19T16:45:51.215Z,5qYRjJStF9QEKgkm1UUS5EFRSNAg3n754XLt4jttQRhWezieoAeHkW8gHeZtdxv2GcRJNd9VdChpy1CzaKthxWE3,272804425,,,0,0
2024-06-19T16:45:51.218Z,4XmRisbQ4hTSPbZiPK7qtJWTyJE1qqSeud97mHHJhg8dWnZ4XdDTST6J3KZBnMjTu1P7yYPoPWpjnrckLRXuHTQi,272804425,,,0,0
2024-06-19T16:45:51.216Z,4aCKzS268MLGSJNTKWdvtvmQAThVr5cNaQRNj4ezSPedxmJ57YWxQwqNmymJG9RqjtRTJ7H3nVd4v8iJw7ubZYv,272804425,,,0,0
2024-06-19T16:45:51.213Z,3FiuW4vv6sJ3Lu2H8Hnx2kjVe7tR4QP8Pc4QCtsXdqi2wMUs1teSksJ4T37yfntzYHhsD3tuupvriromuNj2JQCK,272804425,,,0,0
2024-06-19T16:45:51.224Z,2wRBpFX5pi8jxKSjTi9QAp4ck3x1WUak5sc5By69wmzvuvTBmDBq2RzkS1EBkbYYEm3rQFcnGfCswUgPqBBtM71R,272804425,,,0,0
2024-06-19T16:45:51.222Z,3B5PgTNZy1zBE3eeLN5n5wN12EK2ZjSM9MsK4tzJqPhCdijajSiGaxAL8dJEmjEyp9QJSi3X5qidTS97ubkugRXk,272804425,,,0,0
2024-06-19T16:45:51.220Z,65X9ybYrLwMh9kPmKNQoThf4Fq7aBhoKxsngVaJRViTRD56SKcLMz3hutWwR7o5dZcaK6EQLiihx7nt8jZqgGeXy,272804425,,,0,0
2024-06-19T16:45:51.227Z,2ueZ3TFPQWwzdFudyfmjqz2tEFjWuBDsyCVMYTX3APjd2iHdGwBvhAt9ovRjNkEChji778CYBk5NnWZ5VmXQpUMm,272804425,,,0,0
2024-06-19T16:45:51.228Z,2c1BRvrRWymLbZSUPiM1SDyiiyiSyGpapnxWUAQX7xrhEFryYrzFyRxSW2JhHiZk1aVFT3fDJLGDkJYmifU5PgcB,272804425,,,0,0
2024-06-19T16:45:51.230Z,23PXEazC8gBcBusmhuSBK5rjmj3KcMnvBFFqF2wH2eftZskqgz6bpxZAAm4msY6NaFezC4sdaD55n9abXtQFe1Uh,272804425,,,0,0
2024-06-19T16:45:51.232Z,3DySKToPxCB4SLqfHRY1DDHG56wxgSxhN8sSsRnY8FAYwTFhHJFsehCCMPM8efaE7KFoK37ficxNT3AtEUUMkv7U,272804425,,,0,0
2024-06-19T16:45:51.234Z,53mxbUBqszDd79RVWDMWxKbi3wh8KZLpe6erUsiK5trpXb1PmvMkDRh2cLq9nUxQc8QeVKX92gK6f9i7zuiyRgPh,272804425,,,0,0
2024-06-19T16:45:51.237Z,24o8ew1LTmWiBGB7eh2vKiN39QghViT8SVEgpQ2GzL8uHqg7VRLt4yP6ohSP5k4CojKd7PNTTu1cNCzMkUoLH3h6,272804425,,,0,0
2024-06-19T16:45:51.239Z,3HPn5CUCRKHZmS2rz9yakqs8r2ricYNvHStEz8K4p9HdorKbEudnFg6NsNMV3Tkbhp4HX2yZeZpzCGTGQv7xQytN,272804425,,,0,0
2024-06-19T16:45:51.225Z,Qrz9C4sfuGxJd5WpaaVRbh9ooBHdHWENgAxqfYkHAjURt7nrMeYBZhTtDTU7uqhC5h1AH1zMooQMxKuKdeyv6wu,272804425,,,0,0
2024-06-19T16:45:51.243Z,4v9ZqtB1omDaAD5TF57NDKUeguTG7XH5bXmJfKGGqPs5eFtMUKA5VRNMHekEqrfRGtFUsEwyjYkwd2e5PNfCjRsT,272804425,,,0,0
2024-06-19T16:45:51.241Z,2GHK3Fk38p9tGFYvC9gcRuq9MotcuggdWVWhGgFv3G13WUcNtdmAfPRWSxgZBuijnNJyPY8k62PuiCHBGqEncADf,272804425,,,0,0
2024-06-19T16:45:51.246Z,45rnqet9uSsYHatf7yWYZSY597tzFUNSPXw2669NZUifmZssRjerB2ZLvYjrMc2k49ruBJuuA3fiHUydNraE1qAC,272804425,,,0,0
2024-06-19T16:45:51.248Z,FVhe2DaXkYrLCFbx1ed7263vzK1TXcszSLysVgWdbnxt9A21a8tnp21QqwXnc45WFYnApLbu7oYqHJkgDN1SLbc,272804425,,,0,0
2024-06-19T16:45:51.249Z,2sCpSkrZnF4LRxt8ranyaEVBXk6xvhD4tPAzDzQdVUzMU3fYk8uwDz7BFGmXRYvmg9qfJS6AzU2G3FLSWLmDPepy,272804425,,,0,0
2024-06-19T16:45:51.245Z,wfLKUwoo8XeLmKNbN7Yk4axjUztpLkM2T5HD6992ZRWAqfedPRCi9971smg6MbEUHgTxNRNrgW4a6aSDPQJgFY8,272804425,,,0,0
2024-06-19T16:45:51.251Z,64ksRhQG6oQHHJhYTHCsceL7CK8NGtiV7vbNLvfMxnQGY2RZQEeimhWcKDGB8LohLRa6X4RcLztihXYpim4PdBrX,272804425,,,0,0
2024-06-19T16:45:51.253Z,5UcCJuNfJD34UC7Rt8sXQSFA129UFMgHMjqp8k9UmGG2gz9ZTQQ9Lada9TW7ka5MbwSuXcuVLucrMvN3hEQbY2Z5,272804425,,,0,0
2024-06-19T16:45:51.256Z,5zc3k6uyaz1nvDjHYahLiL81F8M416R1g9thJba2upRTDobMdYNEAbNLo35hCGEcekVWDCfixp3vUrYHd6cD125M,272804425,,,0,0
2024-06-19T16:45:51.254Z,3UmdWrdn6sqS6XDqsGdwd6B6V98RQRhYukyWZepKbEVcLHXJwxp6D1sSGsGNa2AY8HfPNqw5cr2uHdRrfoNbDUjP,272804425,,,0,0
2024-06-19T16:45:51.259Z,3QJcu6r2wV4veM6XeqhTVVjjQFKyg4us7EfpZGAvYZt2xt44eJ3gt4YUp6hvTz43KngJnDoPoPP3zoJtTm3cf3sE,272804425,,,0,0
2024-06-19T16:45:51.258Z,5FEiMDBwV71ikZyMEvFWzeKZFKVJn85i2gZ2Z2NjLEJehBuxpJduegcXaSiwGLFArW4LXadqQcuqgac4wuRLEJG1,272804425,,,0,0
2024-06-19T16:45:51.261Z,4GrkvwN2f3EuXfqz667fvxQb2U3XNQkCrJuFvyNYB9EdY9tgVrycrceEiRCsqC8b8HAABKpRjhom4z1GRF5nkwTB,272804425,,,0,0
2024-06-19T16:45:51.264Z,2iV2MPhVRgRWNgPcV8V37hrjLJhapfEPJid53Xzko9jJbtkE7n8qSjik2KUS1jMXQW19CrEEr9U3gf4XPZyPQHX3,272804425,,,0,0
2024-06-19T16:45:51.263Z,3pf5xaFeS2S6o6D5QMQcznZTV6zm3QiiW2xmAeGE5LW5RJZRwGvWKuv1DVwquaoWgQKz8SzcaTYYyo99sAtqaqXw,272804425,,,0,0
2024-06-19T16:45:51.257Z,3CB4UW99S92f9USE86SkE7jTRZWt3U6PLwXmomRXCuTKu8NNAoKqdDDHSeyZv1XZZyZ7tkFWnL2SWaySfFXPxBsP,272804425,,,0,0
2024-06-19T16:45:51.265Z,2v8BmWwvtXn5oWNehB2ZXHpvhbp2YBrSGDCEJnF4qnsfeRpVg2TKMK7Ua1cmZ6tVunnDGG6w5HFsSfi4sHSerbS2,272804425,,,0,0
2024-06-19T16:45:51.272Z,4EunjE2XYmo9YfWCK95RYBPp3BodM7b4nVz34mxJmGTwv3kgv6QiRTUkWfcSvmxbWKSZSvVwa9xCRgn8whRvnL5N,272804425,,,0,0
2024-06-19T16:45:51.275Z,52kEGkAaCyYGrRmVXbHXyqCg2jv8NrW3VZHKKhpzQM6ZjENawGAxPcDfaSiZ46F6pqtXpQh4jtegXJwUTp5oTm3y,272804425,,,0,0
2024-06-19T16:45:51.270Z,4TCjfJpWEqbgM11cWnKVPos94hHaAqStyaRbhRuoCSf5gvBPUkdfzNoEVxcLAzED6WXjmgnnmmknDVY1Bag6YR4u,272804425,,,0,0
2024-06-19T16:45:51.278Z,5Z5A4Rf8vYdfKT2Z7appug8efXBw2Z9beXBZ69L2sFQwsCo29B29ivEvxUhMHknKy4P9XVxeU1V2xxJhmxzECSRt,272804425,,,0,0
2024-06-19T16:45:51.267Z,2wv18ytKKgUw4zbGwYDufiGw1tyhcXevEhHydhRknmPx56MLA7WLCkiwc8Y77moeufFvLaWhNdoZhniur1ThUzxH,272804425,,,0,0
2024-06-19T16:45:51.281Z,3Npq4An5PgigykjMtu29oa5FMqLSjm7y7e43jiBfLtjCk73dFYtu1KWQ5jm9h46nSqrSGeviBxPBPiqRTorzsP7R,272804425,,,0,0
2024-06-19T16:45:51.277Z,3DT7m75wfvhiCxfejDzZeTeip6YtUv6TRTngVGnA2rK96STSQFnSdwdXTgVp1xWEWo19LgMyW1HMqmChdvBYGpH3,272804425,,,0,0
2024-06-19T16:45:51.283Z,Q6xXDVUcvStLUf6xJX9CMAGWd8fVpizEKgPgNj7o8GLDLCZqQD95Bp59HJMhVra2mspLhJNpNLjtrLRkWSaK6Jv,272804425,,,0,0
2024-06-19T16:45:51.287Z,4LFwfUauAdftmTWQw2tRDJha8CfXQMQ1JLomemGwPEuGKFsuGpEP7mRM8TWYFYoRPApQvLMZ1VVJwA9D2TvHbEbJ,272804425,,,0,0
2024-06-19T16:45:51.285Z,jT6RdsH4bbKyoVTzLD2bc9hY3VeTX4W8CruakbV7BpyYK3FU4aQgt7U4UswW2BfZjAMKPWz9n2phEqFS9YZot4e,272804425,,,0,0
2024-06-19T16:45:51.293Z,5Ckfj3qpVtiUTb4Mdmknwb8mMbHVGsUUCxtSqimdbmL7ZeY4Fk6D7eqokL17tfmZnMQ3AwacB28yt1LpvHDmTdrG,272804425,,,0,0
2024-06-19T16:45:51.295Z,3ML2T3CKgZ4CKZDvBEvFtgGZ2NH5BhL6a6XBPkqAdMhEWKZj8hbohMApK3qZSiLsHjUY2tpeR64pwZYnzYMSaKzd,272804425,,,0,0
2024-06-19T16:45:51.298Z,64oH75X4yPFeRRFycdGBYetwuazERrykHgzuitQXHxSwbyTmhjdvefPYYZ7ATuirm9EqkqtYoBShBD982t3rn87X,272804425,,,0,0
2024-06-19T16:45:51.297Z,23nkoSXE2AxYZoiPEqux6swmzxxURDgiMnFacyNimNkUXcD4GvhKjGvgiWUJTmApz4wksDqtiGoBUMdjTCDtd345,272804425,,,0,0
2024-06-19T16:45:51.301Z,53yFAf1xu6HZobZh9SbixRaWFSNur8dciMpF2dLk84haJaWea4o8adAvBE1Qbbp9hbofdaksXjnsgeXqHUZXWMh4,272804425,,,0,0
2024-06-19T16:45:51.291Z,2oBUyd2LiTYcFHHVTq2cRfHkhJoWmVAdzsCFRnnbLqSms9cYDcvvanYMnoaRQL7LL8FQr7EDw8mh5S9Uzbn88Ar9,272804425,,,0,0
2024-06-19T16:45:51.303Z,3WWfMBi1ovoBB3qRpGn4qDxqN8JHYRq34eeshiuwMWorojzgy6U82ps7A6c432HnNVArREvkn4go5F67SxYLGxAR,272804425,,,0,0
2024-06-19T16:45:51.306Z,8cL3JSpKzZpTcxVW76R45Z1ghSmi94ixzNRZzmJ91RoHvYZg9Qb1kZaJXE34Px9qGSQjfjDv56RTmknkSZ2xfnT,272804425,,,0,0
2024-06-19T16:45:51.305Z,3G1TxF46cWJ2gVpFFg9QSUrTo53GYxvEyZYUJ7ShgfYKyx2nkEXcoLagre3jbPjZwkU9tCMtXipeSVf31461QDuX,272804425,,,0,0
2024-06-19T16:45:51.309Z,4H1ZWtegRwHJiohvt9kTz1Wg3tg7wSLKUAyZQ6EymdudQ4Jj3L1so2vhSJXwycEiEwRn5NgCSZYArrNm2avFihQ4,272804425,,,0,0
2024-06-19T16:45:51.308Z,pxWyr1sTULrMwb55e6fkrHC5xiAHiAGvSWTumit3TBDaXJSWjPkJhujXYxdyXAVGPowLwNeVUnJYBk1veKUuzPy,272804425,,,0,0
2024-06-19T16:45:51.311Z,4ZPwvgpyzrbuXaeXfR8C2rWvQWfosbMU8P7ioMycMkMMAodAh9ixxK7LXA4vZwEShw4o6SPW3WbBR8cRpoF1ZEGE,272804425,,,0,0
2024-06-19T16:45:51.313Z,GgLSFv5A5xAunQ4g35BYcKTRVKd8PsZzf1P3eTz8CsiXtyeUYr9jZzdsAxt8DmYzRzoBW3BFnCUmc5KMDKjaQyT,272804425,,,0,0
2024-06-19T16:45:51.317Z,4xCuJTVBVifxv9U2DyBZjTDNyEN2zrZC7WsnZShWWV7V3TNW7oe4L8NGxoEzUnoJChe68kUpaPrBXzrqMGJfYUp3,272804425,,,0,0
2024-06-19T16:45:51.321Z,21NyyEoShPQPy2ocfxh9wN5shDPz1jG34mem1vU1REmE5MNmCyBAH3cyiurKwyVGygaNBN8cu5tsCnmqbZXtX5X8,272804425,,,0,0
2024-06-19T16:45:51.323Z,3ca53HbHCLo3dXmeeJMNZvQUeGAjfiw9wTHr3JNovQHaSsGv8stZGiPpCHgETjozvKfoQ1Wt4xPtyfUh4Z51NA35,272804425,,,0,0
2024-06-19T16:45:51.325Z,4Vrjfetim3dZkW1QQ7LFUswReWKQqb9KzoyjYosJVRnihnivJrx7YaiGCEBBqGJD9GzAor5DzcoTmMzNeyjRwzQa,272804425,,,0,0
2024-06-19T16:45:51.319Z,CSwS9Hs9nHPf2TGG2SHPoz5iTdmGdBrEfNJeWrfygcLWFCGH9bL6y4e7xUP5z5a9XusimMRLjYdg72My6vR4Poq,272804425,,,0,0
2024-06-19T16:45:51.315Z,5PDHEzU6g24H6LgAApmiDN3i2uY4NzELW9TQrBkYJwWjKSu55h1J9KXgpX3hpr1dyxETGxGoPBUkHDGvNetRAKum,272804425,,,0,0
2024-06-19T16:45:51.329Z,n1m9Yuy7jTR7jzWsZos85F5i5PeqJJ8VZYrLXngTPiRLWA4c5nRsfhc69YpfLu3T58rGy61Zn7zS2KQ4P5nvBET,272804425,,,0,0
2024-06-19T16:45:51.328Z,53sz5cTsrTYg6h37QKDJPyD3dLV4naMq9DAgynuy3ojGWekNmiLvBAkWtac6dbxjQNkVkAaWmjfKDtkTF6AHcTmD,272804425,,,0,0
2024-06-19T16:45:51.326Z,tQewVk5qbfE8dK6aFeyi4sCeS9Kmf1CtkxiVxca1DyePyzNJ2g3AjazY9DKg1roh3SLnXW8PCDzAKgU1EKbG3bJ,272804425,,,0,0
2024-06-19T16:45:51.331Z,5SzuXTb77sscFtNboQFLcpsuNHD2LpM2ecRaKUoHcCK3Z2s7snjmaWb8qfBGZWxK3wQfgu8t67F6dwyKHxRM5pbR,272804425,,,0,0
2024-06-19T16:45:51.336Z,3boB9nnd5YsB5yq5Y2z7niRRFdoFqUXnZASVcvqy7C533syKeqdNHV2643hGqQkzm3mjjw2aduHvWxueEC44xF1Z,272804425,,,0,0
2024-06-19T16:45:51.338Z,3BSGzammgn1fPMiKHhLY1Gdphus7ck486VWGC8E4wK7vMpkjb4JEUyE8ShCB3X2guVP5bGBDVeoMoF7bV469GkwC,272804425,,,0,0
2024-06-19T16:45:51.335Z,3SkFaxFDFetNWzztmWH6139CnyHmK5LMXzZBdq5sd2B6MKKNBuJqTAUuhT2YqBbypLr2iCU4k2dszJxScRjK2UJ,272804425,,,0,0
2024-06-19T16:45:51.333Z,5S81f6WLDBPYMEhRcXAKEpiSPC7TzDEQbWnd1kGDJrNMRFVe2XuD7atfQRTBQaoQMG25QrPLmdQkUgzeL5dk3gM3,272804425,,,0,0
2024-06-19T16:45:51.344Z,Awzdo8iCmxh49auyJkEz1is6cHaT47E18GpZT7QzkmoYbFp479LynB25d1pbjfrJWcHkr2aNnmQncpXbLJ8dNag,272804425,,,0,0
2024-06-19T16:45:51.341Z,2uGP4tukEFgsyqptqbMTGM2b4ukCQ4nZoJ54HqsutFiKw5demF4PNEV8qfxXNrfDsJcmVD9TgyEeodztAsbHTEuV,272804425,,,0,0
2024-06-19T16:45:51.349Z,NLm2PuZMXLPt5h5imggVF7awfbeadXrSP6QqqWtso27eZHHxPsosH8fcrMrbdmWDyr93GemLT7jfHM58T19b2qn,272804425,,,0,0
2024-06-19T16:45:51.346Z,4YYAH6mrS8xV3U67vKdWEZK55xpStWP2ZLcn4b5JzbhHDP8FGt8ycWYFHuuD3SxwdMRbnChfFNzN52chkngXbSKV,272804425,,,0,0
2024-06-19T16:45:51.351Z,URHBTAYEsqqcEotpvJUj8YfmReKCgesHRgfZ5i8MgmbPMZRhykindCsEX3mNJnK9Ecz8TpTNYEPn5CaA92gkwPe,272804425,,,0,0
2024-06-19T16:45:51.353Z,5pmvRWRNFWv8y7o1N73MvQwPdSQqVPTuCdPPcaFFcyr1FDD3cXTj9mwsPH3RAkExQBiGj9vQDEzkJ69kp6sufvQt,272804425,,,0,0
2024-06-19T16:45:51.356Z,4ghZ4K5i1UECJgunemvKyHMEsC2LgQAAX2AwYo8sZgzMxpMEkHNd5DTWwZ6SxxZ6ePbLSQv7io7tgAdEtfNtxVPq,272804425,,,0,0
2024-06-19T16:45:51.355Z,yLKaVbMeERq9b1MjHFrBRQwhvU8Kx4eQ8TwHrgAMawUkk4RwNPpfFm3VA2LyZGugMApLthpYxrD4wFUAww6gSZU,272804425,,,0,0
2024-06-19T16:45:51.358Z,2LwYcJW5PCsTmnBKVPwqquUgeWan88Uea9wZVz3Ys3QrcQicbHxXEbBycQzmuj726JqXHomijRhLepvXMjDusCwo,272804425,,,0,0
2024-06-19T16:45:51.362Z,5LN4Rvizfwyh8CCKLz92NkWHSLx2JPGj3mssoasXpeY9JPadM4REKaHr3JGDaAFWC69UNWmye7HuCYHf5Nb7PCvk,272804425,,,0,0
2024-06-19T16:45:51.361Z,5adX2wacvuNhQBWJNejMzXPwmurYVjyMzHYxT48MjUQ7RsBUrTMhLJdvRNebCqgjQrYCHYV6k8wxGk2w25ZYLgAZ,272804425,,,0,0
2024-06-19T16:45:51.366Z,5ZFBuZ298V6b9vzfDXrAi2wx5Uu5CVb1zJvMftH9B9woFiSRYzSjW8YoRhfhBxJw7VzZQ6BGDHaZxKEp3EhkzJyU,272804425,,,0,0
2024-06-19T16:45:51.364Z,ahDoAdjCobBfnpFxRp3ywjD9oxLmWkYe1LAqTuH6wnQScCtXDybYfie43QPPv37hHDYr5ZhF59Wgkis58w9a52Q,272804425,,,0,0
2024-06-19T16:45:51.340Z,3F12B9pdpGS9Q73yHoLorDnzsjp7bU2jN9PZwsxt2WoMiVr54XJLh1uuDiektExqVx1w1wfPeLjNogPgqdhbQJZ,272804425,,,0,0
2024-06-19T16:45:51.368Z,5e4EMwa2132pEq4DYLMx6zK6sfs7ZHw9rKBR4v4e6Q72dkhYKfm1P1ATrUeDh2mmXmbMqqujfq93ukRpCGDJ71dd,272804425,,,0,0
2024-06-19T16:45:51.374Z,23fsQ2zb17VpKwQibGWL7j8Poi1iaa19VKAzpPiEp9Q5ZTVU6xLt8LZtt3LqLdP2Vb6Ve7rM6JZEkZzB3YSHwEwe,272804425,,,0,0
2024-06-19T16:45:51.370Z,5ZRhbdCSgihE7djQKTbJZYSjEAGRCRcYbPHrAdmayTBCjes7sNERjHWnWPNkWtHjp3nVgg2VzypNvdLP4SkR15Uy,272804425,,,0,0
2024-06-19T16:45:51.378Z,4TAHz7JTHa9EpwS3sbuqBnq4A1UQ7RjGCYtzcP3W8MZyvMWhZ1X9AAGk9iRwd5JWbUkJ5xZaLKrUoLcbwJej3n75,272804425,,,0,0
2024-06-19T16:45:51.376Z,4p14SCZeEU2LXFX37kK3LjVtxwGLV2uqfL3vJ9sZjNiYaVPx2Zzv2gLzKEF8MeHyTVUznLAEC8bmV5Vtt9E1GVhE,272804425,,,0,0
2024-06-19T16:45:51.372Z,5ptXrLBe9VNZuZKn4sJY7ExnyXxaLpeJH2tc678EQwdKN8Vj54yh1P5TigeKSN8oHabWwPcLz1kg3oWEKtEsqYEw,272804425,,,0,0
2024-06-19T16:45:51.379Z,3jWbBjPc7LXa6qhPNW6EWLUZYsH5ChJ5pirpx7WusCaUjT9r218wQ6YRnJvuu616qUByjTHHZqcpxTu7PpzUMCrz,272804425,,,0,0
2024-06-19T16:45:51.383Z,4gioc6etLFAH6r92rvk9d6j19m8XB3nxduvjyKwzaWWBrFznSDtDMVtwfY3Tvmpakm82WfraZ1WmuRaWkTNtH2mN,272804425,,,0,0
2024-06-19T16:45:51.385Z,2oH9zxao1VCLaBkXqWmGfo2vmYYbq8NFw3zNubmiwaKv1YNQcJzA38Z11sfdwpUEnSW7JLaww9AyNirVyhVPTW9v,272804425,,,0,0
2024-06-19T16:45:51.381Z,3YRhJYMJjnajYXA5zZYmPkGHL32n6zc7KymV39P1m9HFGwCn4N6EXKY64JFK5Q3EaSjCVojKNLQ1DGNFJ5fj6oJJ,272804425,,,0,0
2024-06-19T16:45:51.390Z,3tzbZkTp2VBXhbciWsxwiXMVCrWGJAKCb9MuutkQcuonc862FRw8HC1UsLeDqqBhWG2wwH1qQ4GtyLKGJG5aPVHv,272804425,,,0,0
2024-06-19T16:45:51.388Z,4bu5huVQmpnCZqpseWSmoiqZHuGnrswxwFxBdSpZtwaisu2HieQWFduXipfmMLUckWFu9xzCEx5j3H3mmgforWz1,272804425,,,0,0
2024-06-19T16:45:51.393Z,2kCfCTL1PKQYSk34ztmDhm7FBkVgK2sxgzqBDmVLUAoeye5XfnHeZWipvbuNxapNqvrdS3N48kX8Q1qvXvMr1tJy,272804425,,,0,0
2024-06-19T16:45:51.387Z,4knv1MZW9Qsp84ttkEQA4smtQaeGZavXZzPUR4MQagNNZGgHC1cL3trEjWtRX12foHbCcxYx3WGHPW8UKg6kJDEj,272804425,,,0,0
2024-06-19T16:45:51.395Z,517EKnfWwAzK2ses9Fv6cS5UF5T3E23nT5csJxgL5K52ZJd1evF8ym5qYrmGuWPXGYJTApFPhE6GgKmm1EACEKq4,272804425,,,0,0
2024-06-19T16:45:51.396Z,JRVCFbuTvp1na32GqhcPDN91EWvc2V8eBha4PFqqsmJtWSVTCWwUeewzXJaRTrHqi8HzGSZ8BmkJUfdkb5cbi6d,272804425,,,0,0
2024-06-19T16:45:51.398Z,3CTWhdHT1NQa2kimb4RwFWTYtEz4WbWSdfGQwkkwrLi1usLpsDNnm6jLJ2EjZ6gCoveQ3Y4jdB7trCrWw28bNmNK,272804425,,,0,0
2024-06-19T16:45:51.401Z,66KCdHBxfuXpgxDZLvm6bwRmHkKjrZis1BWj7QbkmATQDA35m5rigbx9xGJiBdw7uE1oUZ5oqRhiPU6YDQwaeqTK,272804425,,,0,0
2024-06-19T16:45:51.392Z,9kjBemLnypbUZViSGHPJYzzDqz2DnkjcC2w832x67feiAbatnbpJ9kqk6SCD9uUmprRov7dniFMM7TVKv3LsiSV,272804425,,,0,0
2024-06-19T16:45:51.404Z,3A3BG5agRBEGhLhXPj5pg2HucvR1VaLuZZ2TeUiZccw8bW7QCuoCFTEADi4nDxU8te1ajigL897cQLhJxYhhNNcX,272804425,,,0,0
2024-06-19T16:45:51.408Z,az14DCAFXhRh25SjaXeUEc596unfCwa92HbJXcPZcngUjEYtFWK4ygBHUFjMroaEq9LnRjUzAxr9YxeaHypzkf2,272804425,,,0,0
2024-06-19T16:45:51.403Z,5Fs9cdLB9fm8ho4jVdSYUSTpmyHM4tpwQCzzCJNTjxVVXsFygTmWDMunvRoD14vJRyC1eaC3Acu6yQkZQzE4NvAm,272804425,,,0,0
2024-06-19T16:45:51.406Z,4n6xgYSJeor7ejKd83qGz5xaDW5Woc6S3hfP9Efv8TzmEJs9jWP4ktrDnN4XFqZiRvkk5qLyMVQKW5hnTj1gnQbS,272804425,,,0,0
2024-06-19T16:45:51.412Z,4yMWBPdNCguMvy31ELjx9AKiEcKeDn8bCf9rRQhHXzAQDpja68CcW94dvxLq62WhiQwq7E4qCNYtsraLySCqv8Ch,272804425,,,0,0
2024-06-19T16:45:51.415Z,KZH7pCyBzMRdjxr632eU7kgu6nNTKBRKWSjh5pKhxuB73pjBcwhvaAgR1GpKUCT4k1W5y7ATzBXBwccV5Ur32tQ,272804425,,,0,0
2024-06-19T16:45:51.413Z,9tGiSsPHLZXDak5LJha6KVDEcGeDwgCyQYfM7xncVm3dCe3tvxR9ob63TAN7FMNNMShdtPjSoqgxtfQomVv1bZr,272804425,,,0,0
2024-06-19T16:45:51.410Z,3uvBqXCQ68SVg9JCss2uecJxYMMscfi9uokegnEXvnSeySN9BdnKfG8R2hbCRjZ3b45hTxFDpbVg5jVbNP7ecNeq,272804425,,,0,0
2024-06-19T16:45:51.418Z,2pBFzmJiLUWGFXBTbddpH784UyAgZ9ZNjwYyXxaTeBgARr5qd7e5PjUmiJCXr6Y92HrB85tvhiE2LJpptPzL1KS2,272804425,,,0,0
2024-06-19T16:45:51.422Z,21hS6JV58oKMVyXCXXQUCFNwg14RkVi1mCyiAPJUwnJqJ8mXbv8pmKoThfGXT8cg8At1kmm1FqbYedv1FHQ4JMP9,272804425,,,0,0
2024-06-19T16:45:51.424Z,5wyint3cLr4oKCL9dQkd7p58Bh7FsoXJt6cMjxooDYNrA88LyqHhTAduqhmkhNEYNyRt6voYv8K53fSQ2bysr53w,272804425,,,0,0
2024-06-19T16:45:51.429Z,wi7oRTkiFUNG9PWcwdycxQ6Jos3CKgRCzKgTxgbXS7eKAaWCPdotn3RGJ5VaQKtgFHLSnDE8eVegw63mmYcwLs5,272804425,,,0,0
2024-06-19T16:45:51.420Z,3sdACREcztbngWPW3VYxEo6kLpYC8wJQLNa5M5h8ruxszkt55C3Yq5sv8BGCopZookNn5YJKuqPyKHsaSbCFYECP,272804425,,,0,0
2024-06-19T16:45:51.428Z,2v4fC2tmXmwQix28tyP7tFJkSCGeL7Hx7HsVzuXC19EDoRdUDDDpDSj4ijYr4AqrpWGqKYDfR4e5Z5dut5ogopxG,272804425,,,0,0
2024-06-19T16:45:51.430Z,BmZVzUamvQ4kAxmeVLCsfaTKS8HGR3twg8fRmwgaTNtaFo61Cu2uJq3QB3LZdumCjL2WaA3n1S56nhXvdEs673u,272804425,,,0,0
2024-06-19T16:45:51.426Z,2RN2HVFBq6VS4j5uXryrFB6RRX5aw9f2zFXQvZ8SDT3kDqKEtSFHjbSAmZ8RrBDffZ8weZmMYEY3iNK2mWwsoVyL,272804425,,,0,0
2024-06-19T16:45:51.436Z,3t6ZZ4KicnULMGJhkDbxpXqDThL1fM6vHSnMkVxL8kqPhcDRCYfEombkZgFxkxGdBQN5FuVsCB2CuhfCJ2tztKUy,272804425,,,0,0
2024-06-19T16:45:51.434Z,DBKvJXeV1CX57YZQ17NWP95iYFkvVz4QTk1r8D1chgTFo212MW8zHSUNm1acGj9beLG1zBx1ZxgAEDfCw7DZoY7,272804425,,,0,0
2024-06-19T16:45:51.440Z,5G3AZ7PfRxp6L9kPcfpkdRSRD6S68XrvCV4zC4v6tB7Fmcsiuk1FUZN47MQ5rhn1zS7JgNFLpZ1GRdkEJGbF4ZWX,272804425,,,0,0
2024-06-19T16:45:51.438Z,2e2eJVB6wsNDCEFGV67hGArJURqHWUDdj3YqMNiccj3fJthhRLHZXnQQccWpW42apXSiQvCQz8Mwm5oR8HZmEyuX,272804425,,,0,0
2024-06-19T16:45:51.442Z,5JiTL3PHt9sTMyFhAFYP7peDotaKLEF5jPnjU3fbgZKhjJknCc6UzPcVvQA73uERf553VpvXGZTjWE72j3HysRpz,272804425,,,0,0
2024-06-19T16:45:51.432Z,4yBDBALHDJ4xhQjdZNKjoFku1Van4cp3RrfSykXkF9KKozXeD4xmeGhbzdw8mZ4LZSN6ZDDkk5ZLUDFtapfLNjH7,272804425,,,0,0
2024-06-19T16:45:51.444Z,n8mM1NS2tvyqNEVkcLGZd15RNtTFtezN9LEKX9dke4jAkYXBeYihn5fp4SHs4ZrxurXeXybDDjdjTFFzrS4sUNS,272804425,,,0,0
2024-06-19T16:45:51.446Z,4iHioxttyLEeS6jtgm6iNL9Lizsvq5wahQZjELoAG3nnpfys8fNxGU4sTN5YHUqCEXHP8CY737n6nJ7Ayi6dZ2hv,272804425,,,0,0
2024-06-19T16:45:51.451Z,2uGnfmjmNLAxkvDSztSUV7Gss9BJdseR5wKBRM4w79sepF7wuHRj1LCH6SYyB7qHMCY3CfG3ASNvAm6sG61sV5w4,272804425,,,0,0
2024-06-19T16:45:51.445Z,5c4jfA6Up1JfcMfJKHVxeCUEYxJRMiRigwZL5BHGapmtv1VBnYkCX71gSCs7UDDNFQdYXVffiTDziQ1dguasEfe7,272804425,,,0,0
2024-06-19T16:45:51.455Z,2EgEU4sAb2oFT8SXHBtkL7qCQxP3m6KpwE2sNYd15J18YMDQBaeoAkDPzDY6NTgNqdbyPYeRzQHbwVt91Ye364ph,272804425,,,0,0
2024-06-19T16:45:51.449Z,4HNZ3q5m98qMt7rBrewKU5acV841EjkzHC87KCgx1FKFwi62s2fsCZhDzNMu8YWAhBdHoFPVdiWWj2PHgJPmLhhc,272804425,,,0,0
2024-06-19T16:45:51.453Z,59KupgbhKnTVBnr69UKL8mCKv4uDRAMegEB3njX6qQNv4pvt3uHZ4X5k2yhHVRxDPRZD1JXYWKaSXwAyiWeq1Cxi,272804425,,,0,0
2024-06-19T16:45:51.459Z,66oqAz9oCY2XWa8mnbhzFE3MKFLRsnP548HK59aVzH4C6P9Ru6RxgvnHkyNLaT6v58doAxUjECitwXajEcJ93Qh5,272804425,,,0,0
2024-06-19T16:45:51.457Z,nPcwDuHfuXNbmwLU3annGpx8wJPv53SV1t7c6vTMj9ga68kWRsL9kfvySo6XfU5TsbzPu6cXzBtSnBgMFGNUCmS,272804425,,,0,0
2024-06-19T16:45:51.456Z,62VsUb69vRP5BWLyPKZS7hFfa1XArUvKwotGv5NvmuJd7TXcTvvfTXLNA9N3t8mRVBaGKRo2KAoVA3Vys3Tpihrr,272804425,,,0,0
2024-06-19T16:45:51.463Z,5ZePNN37ci4FvFetffKK6qjUT9goDm9xiuCWAwt2uKcxpj4ihcYaq4J7vNQZrf4QUaqaupi28UYbu9CbnAfYGEe5,272804425,,,0,0
2024-06-19T16:45:51.464Z,46qsdJrugu2KWqVHvhdx4j3nrFova9NhhKBUCtiSc29JCMU4xUa1ZcStezix4aFHVYq77oEgnxbWV46R9fhCQPr7,272804425,,,0,0
2024-06-19T16:45:51.462Z,4csgGFDxazor2ZQje6mntkyi8ceRxsixgLc76FnYqoA5dJxfZvjsFcHFLe2ZdUQTRXAEifWPeAaedmfbYLESx3dN,272804425,,,0,0
2024-06-19T16:45:51.467Z,3bjhPG4kjxbN4xjk1MpUDxM1tDzV94HpFpon45si48iPsH3V8zbLGdttyVBFybqymbArF8sDethLcY2bQakVeDvk,272804425,,,0,0
2024-06-19T16:45:51.466Z,5PYDf5FwTj8rL5nsVpmNR3UkAxari1bPtTS9u3GLHErd4VM7kzm8A89suV6pc7FCaPBHCz5VPo1ZTR42uLBJYaGQ,272804425,,,0,0
2024-06-19T16:45:51.471Z,458kuBCLy3CxaHDeAiRsZrg5mdzVZjrryj7mC7hQ3EQMrxGgdd5zv5bw5SiCumdhpYf1tZghyfLQEJ6KNBDaJvs,272804425,,,0,0
2024-06-19T16:45:51.469Z,2TnfzTBHhvbnSayb7ix13YAzk1hJwke9tfj6FNJetdcAoPNqieWMA6FpCp7vBQa1y6ZZ43C1USKoRW88Tr4d7Vu7,272804425,,,0,0
2024-06-19T16:45:51.460Z,36WXV9YFGJmttfPHLKjhs7Mfjq99rMwjBeQWZmAU1roujWdouQDnF7NyDEi6MwZKdPiKTqFx2ik97kZUvVoME9LS,272804425,,,0,0
2024-06-19T16:45:51.475Z,2Y1E1FWzdw3CnfZ8ckaoKwcmhRYh51SuUn5PLR8yzx5H7RW8a1ZiKTGT2PReJuXvbqEgo9i2L3RAFV353cZvbMNM,272804425,,,0,0
2024-06-19T16:45:51.474Z,X23AhLKbHM76ZYbjUzTQN1rTvztZY1ERZfyuSMathx4Pn8njFCxtUB5FFhBT74kpXdRai7Y7b6M2KecMLS1y8ue,272804425,,,0,0
2024-06-19T16:45:51.477Z,4Zc2vfNrgDjdKiEudxpRk9gAys83xwtBm1DDVRvLDGLiiHtsUvyuZp5maqvYuhoRR2FsdS8sCN7t4w6g3ZkatDwt,272804425,,,0,0
2024-06-19T16:45:51.473Z,2B836JGr9JXEs6Y6H58SmAwZNE4gvL1Znm8BBBMxMoNdvJJk3Snwnr4Nj6dE7PZoxXkbUVtJDPhok95Wp42WFJWy,272804425,,,0,0
2024-06-19T16:45:51.482Z,3W8VAVcnXHX4UKCuwxBubFTWLqVr9U3DdvT3AG9qEYisuovovH8eEMGuqqB4RooYfwoUpUtqGEWWome35R4PcqGn,272804425,,,0,0
2024-06-19T16:45:51.484Z,iqZixF9MiBM4znLuNTad6wY29MNTG7YRWtCNp1BWuSS8tPFgq19os2uKmMSBy6reu4rnx7b74M8hAH8yx2N6886,272804425,,,0,0
2024-06-19T16:45:51.481Z,4XfyyCkqCXsRXKV9mYvXNDV24TG8zQt95X9jmu4Vk9bqhopNzgpVW14qTWuiRRb9ifhCKszzVxW6JJxrHJY856aj,272804425,,,0,0
2024-06-19T16:45:51.487Z,4NMuSbLxEaLorKcNyTzgbcW6SztLiscbpBz7so92LwKiJv6E1zBXQvGN3ShxX9c6CbiJqhRRDxi9Sm4LxM8vbYPs,272804425,,,0,0
2024-06-19T16:45:51.479Z,4SfT7VVD9SLCkNbk6JEdYVAfP9HzkJifjqJ57NXkN71troXQ7xXQUXZd2qX34BiZ8qeZRTgR5kovqX9StQjYGg2,272804425,,,0,0
2024-06-19T16:45:51.488Z,3wc6ByHJoB8dCdcMjXYZdUBfs6BXHtEyX9kBj4cCXeD9uBeoWs7sdhoBRmJLFvdXg1ujbJCgHRdNpmXsGwuxwhPL,272804425,,,0,0
2024-06-19T16:45:51.490Z,24Q7ToS9JnrG5y5z83tHfquy7dHdZfZbtLK3dKVqJF33CLtbNFXmo6UWHxTPNLDbisNNzyqLY5GMvxLayXxVW52J,272804425,,,0,0
2024-06-19T16:45:51.492Z,2Mp2KqXuDBmtysimCX5RV8kv7pTzPL3ap3PUHTHaisKB42gAtbWo7mmxeyqg8UV9c4jKWuHvhXM7tLUKHbriuW5z,272804425,,,0,0
2024-06-19T16:45:51.494Z,SFPo4yAHBHGpUmuBGFRyf1vrARfMzapHTyk3NiCcazfwVn86oub2XzYRPR1MkSdXF5t1Xoj4PhPeX5qMZWMTcpD,272804425,,,0,0
2024-06-19T16:45:51.493Z,59nDk1rCjks2Xasy4dAFufdQpjRbX8HDUdREKXQjoTGWddGgcdQroFvNG9vatZHT7DeDks6Hc7VMaHDmgy6FGbGA,272804425,,,0,0
2024-06-19T16:45:51.496Z,4EA4xeNQFp6XYt3NWegUkcvvaTND7An6a4bHPtUge5ByBsvxjA4f8GBfszZpQew6jSNLBXW4NoZRA5SkqdoNHur7,272804425,,,0,0
2024-06-19T16:45:51.499Z,fyYwFD2tsrNBPvdnLiMdBxo1LLniKBbYvqpWg3WtJfHbKzkPSpKUfjc3jWkbhgnSE3Z6UrnHURJAwwAVfPqMtC5,272804425,,,0,0
2024-06-19T16:45:51.485Z,3pqA4rexq34D6BKBVQTmiDAKwGFNSjERHa4epZkST6szo4wEZd4Pygv3p6oj49GuMZPvkPTfAszTr6DQtcn5LXYp,272804425,,,0,0
2024-06-19T16:45:51.497Z,2dwrQKoBgWiEN1KZExDBwZNNCdd88Uq4JMkrhFw3uKy7Y9TuVe5V7GkkyqqNWpsELq6ZEBaERz3pjuATo9brvkV6,272804425,,,0,0
2024-06-19T16:45:51.503Z,5a3K9kDxDsvjftHMr1sZqvyqQ32ibnWAJL7ft21gpM2acPnSuwEj54hZDs5moDdWJ7CeoCZpTewvLzcwCzmi5D9N,272804425,,,0,0
2024-06-19T16:45:51.506Z,4TsqgQn9pFewTUx1c7B126PKP7R2xTsCu7KxrF8Wi9xSQLZm9uriKBnV7mz45hHKXZfuh5HTrJyPcXpmj18wFL2o,272804425,,,0,0
2024-06-19T16:45:51.501Z,4Mkpuf2wAHb1fjZmrXK4pRAxWTu41HCq15eKJjQZJ14QSV1NgdQggwu6P5hCZN6hi9uhSQZK2ZabjPoqdVbfj8J6,272804425,,,0,0
2024-06-19T16:45:51.509Z,3tJoX2VENg1g8g7JY5LxyYqrSsFPP51XMMbvRu7X5hXtRxK17SnjRqSg95ki67XeViJcVgEHRUPhQCGtGzXvPZwH,272804425,,,0,0
2024-06-19T16:45:51.508Z,5GaTxtZGwryH2qePk8jzmdABA7Fr12dBwYf1153JhQWBAQw6vPvDpKaJSNf4zGWpJApNvfqtYCWNMnxUCmURBZqt,272804425,,,0,0
2024-06-19T16:45:51.510Z,3bj1VtgH9wHgTd6VDfzQwbDfV7d7AmbZR1a7rNFJdV9KnhwcLbbSeVdkSWzUDn3tzCquvcxA5mMa1hFujxjxDCd1,272804425,,,0,0
2024-06-19T16:45:51.512Z,5e5f71kHqgBTAFkHHp8N26CcAzbfFv7sLLnXrf6zVXGcdG5gFk1XNm7z3sWByH1z6ZeqCSKiEx2Srsds3SiE5o6Z,272804425,,,0,0
2024-06-19T16:45:51.505Z,4zJhHHUKGUmborcRPiAseoxFqrez5br2uCSPECp5wYTTVbzDHXT4TioCeGfiQ8SWpckbHoSQz54wq2pnsjc16f7j,272804425,,,0,0
2024-06-19T16:45:51.514Z,3YpNC3ckFQGHA3rUHB2dZz9mA1SKpyuXjBFQ5EhoZc4xa9FNpDPu34kGgqu1kKaKqiKy5Vofwb5fmt25wJXkYFoa,272804425,,,0,0
2024-06-19T16:45:51.516Z,3g6gnj3iLHv9dp4jmW1nzWHjjgnMJBHC88YqAXaKE1bCNEyuruWc4jc7tdT5UZ25QJj7HZv4Uw2jH8rAEpnkbmsj,272804425,,,0,0
2024-06-19T16:45:51.513Z,1KYHSvY6Sqt7GkAwN9nq4BfXAoVMGqPNt2iy9EdVAhyMUWRVnnjBZRu7XitURJD6WpW7R3gASddRbUMZkaXR3Hf,272804425,,,0,0
2024-06-19T16:45:51.518Z,3XD4DBVAc2S4hsj8XA64mTDMHy2pCSer9hcvMCGNkPSuDrEPwNfRPfn7hmwpmjWMYxTui6VFNAqvuw6GwfHtohRR,272804425,,,0,0
2024-06-19T16:45:51.520Z,27achjsS2vidHoSSc2sZKMD3XkfKYNYqGmerDcgysQW5YBPGMo9CsC553pdNNsjz63sy6FW2hPh9DwKSKdQYE847,272804425,,,0,0
2024-06-19T16:45:51.522Z,4vZs9mkadvAd59ZzkNhyfh4RwL2STxwPMgnQEoq93gJHQe4S4B6YXACHvLDunC7RZk1iPHfjDLxizDPoiFCMrjiJ,272804425,,,0,0
2024-06-19T16:45:51.525Z,4w5cfrKZm1m3AoN6YGUjfuMekUCsrsfjrVMv1n6yVdkXK57aw9QtVfAfypT1kBsrwKGEPMFdxDx9ezUAAbj6z5cD,272804425,,,0,0
2024-06-19T16:45:51.521Z,48uH54jeD4C9cQ7KjiFTz1H8rbsXqYUYjPJuqNdGGSDUSJPRS2NDmYUfBr35jzA1R5u19jQdeGN9vqR558fUFav3,272804425,,,0,0
2024-06-19T16:45:51.527Z,5qBg9UTReiWEcdSLJRUoXYvr93jei1cfjaUaqUDrFopK73d6giFLKKNBb8MhdbiyAKjjvhQZCnPFt1Wh75E4uDkk,272804425,,,0,0
2024-06-19T16:45:51.524Z,5xZ4oLFJd7xR6cfdMWVChDUB3FkZbRqHMZNww9Hz5jPEjVdXFDVTGRmWuAdxbtGrWGJFMDZsD4PQwTtqgp6AQz9,272804425,,,0,0
2024-06-19T16:45:51.526Z,4hdvZ58XDo8Xrg2q3VxTSiMc6w1RcMAv8ZvNEeowQeAMYe8UA3ZqUMN2SwSbCLyKXyPTry3f9LD6maxkcuin6F2W,272804425,,,0,0
2024-06-19T16:45:51.529Z,HocEnJhirSLP1FFxk5NCkobm1nntcVsLW6GtcXRZ2DQRmudjGs3gFnmMQCTp5yvpNsaF9NwgsetkzhQphyUMS1z,272804425,,,0,0
2024-06-19T16:45:51.530Z,4Af749UWsNCcgWiqeoDDdYJ4NG5Rqws3fEGGG4b6j77Xe1EWUCjffszFQ9iUNQTCThy6S17sXBPDq4FzLvgma9Dn,272804425,,,0,0
2024-06-19T16:45:51.535Z,49HukdFPs5rfZBmKJFAeyXZmpHJt6s78JVSXboZXCRkbnq2fSBGxCsxm2KdUDbpxcVzwtg8S4SBMWaVR1PhbUmmF,272804425,,,0,0
2024-06-19T16:45:51.533Z,3yAMBcDsnMGsKRPiWWsHktP3GxKvEr32k4bfTmxudYgjtMXqafiwKtYSZuguxnzizBZcvj6L9fE73DEt35UcFZB5,272804425,,,0,0
2024-06-19T16:45:51.537Z,aRdHUST4Fha1dBnogu2ZQUEmoK2TWjAhPGiSBut4KTfs83C523uJhbGfpVLTVj25V2gR4Y7z9WYLsnDued5YbG5,272804425,,,0,0
2024-06-19T16:45:51.531Z,4EaHkDD8JqE97KKwvvjGKo2Vk4UbyC3QDRRotf4keWax5ozcAutmLFKsMYrfPoKJeFSJpMfULFBFDwDQuyL3tHNN,272804425,,,0,0
2024-06-19T16:45:51.542Z,RcDgiAfA1zzVBQxDj36dY1JGdV8XQiP1cwAqRjts4QMwu8ydqxon9zY8wLWQVu2pTU5bWEiPNWFQUwFAh2W1eXX,272804425,,,0,0
2024-06-19T16:45:51.539Z,2yHwhcm1qGo8ErggTxUeFbca8Zabmg1hXU5oUwJPejCDWpZBE7hK4U4hHYyUF12d5atHWvhGDhWmaz7CqpmkBb8r,272804425,,,0,0
2024-06-19T16:45:51.545Z,3gDULdtb169yBKfGiGoG2Qf8kMCjpBTrnkVezzvNtY8YTTfUGZpbLK7spUPeH4tg51pPPa8rgeKC7byfwwNDSMXi,272804425,,,0,0
2024-06-19T16:45:51.544Z,5U2M2okaAMpuB9eZn2cD9gZktubtLAdcFGmnDKEFDYLwHT4krNdANfeVM4gUTW5RPUk34NZz5b4ftnW6rdxEVdJK,272804425,,,0,0
2024-06-19T16:45:51.547Z,2wkc3EABb9ajAnhBKDLzR3Hdi4VL8C2f78coQZwegHuKU9XUG68vwVpB4UMqej3eYwFu9ijjJFyaay4gNHBkQ94w,272804425,,,0,0
2024-06-19T16:45:51.548Z,5TT4T7JgA2WVQjfJwWBvxBs6Tb3gDgDQ93betcoozysinNbxDZpCpTKf8wNsEw2PrFDs9uzx4FmVjnzZ4twz2KkD,272804425,,,0,0
2024-06-19T16:45:51.541Z,29nbg7tRMSTdVRdPMN8Yh6WBu3Ev9yfQdDUSru6mcmTxVmaSSV4VUAk7oQjEvQW7wJHjSh6chFH1JcYNa1xVEp4K,272804425,,,0,0
2024-06-19T16:45:51.550Z,oMGAhLxfikA8r9HQUGUWSCrNjmnBvtdzka8TVQj1mTQjUELLaubCeMjXv7EY5C5st5kBZU9SduKafRXEdXsxdTR,272804425,,,0,0
2024-06-19T16:45:51.551Z,5w7iMauq35ztrN5N1t14YSM8FBbpGygz1enBoDkoXJpt92FuQ7XG6ByfJou1BqnEhDBVfLgSVy166D3ZMvRdxNuq,272804425,,,0,0
2024-06-19T16:45:51.556Z,3kDao74WQ8t68Zh3NsVwxyfunBz5JeQZp8EsBYxATkAqR65SToafwQewbfkDrQPwgx4h4C8ujNDgYFQyKj3mKZF7,272804425,,,0,0
2024-06-19T16:45:51.555Z,5GLdykoHRwjSm6GYLZQK4NBeCjRuFpawTkGhw9baf3QYppb83kehx5TnfHAJGRGSTWwPgVnA1g8h1WXWLcZr3tYs,272804425,,,0,0
2024-06-19T16:45:51.559Z,3xus4PXhhBGBCXS4jSLZV7jrBN5R2kxoDtUiQuME7SLxVmaCa5xu4ro78CpdpBBfRAg7Q36kRc3nwojLZJQKHm3c,272804425,,,0,0
2024-06-19T16:45:51.557Z,2qE9WjUaoGhmp321PfpyPiMvKEF3HrnV92hax7cKacmi8zhniDyrK4NvUyF4w6CUz5gPhRcGsKDT9ca8AhHPW7DF,272804425,,,0,0
2024-06-19T16:45:51.560Z,3HyRbxkVPbFAWk1A9m5pve5yg8qq22FKStwcxp1id1GZL2H3cTCdHXp1iqi2EpKgJpDaXvEJtJTBrCQKV35Z6dha,272804425,,,0,0
2024-06-19T16:45:51.563Z,r8KVNy9X8Yh5sRY3TKcGJfZ16QJFe2fDAYta4crsA6dAExdTL8e7LbjaNyM4gAuB34cb5PJ6prT5SRzRqpxM76S,272804425,,,0,0
2024-06-19T16:45:51.562Z,3dUYM8Z5WyrwDzkBUX9A9c9mLLNDuwgtmXnHSz4JAk5a5bgwMfZ5Vxe83SPQa9bq9y83ujvG2E1PhnR3c5JnGprC,272804425,,,0,0
2024-06-19T16:45:51.553Z,22vmkLLdN2xCF7RtVwim6yoJjq91XHSw2YfuyPyn7B23P2BaA2GBp1RFEv4U22oePCpageVNRAHLLY2GXhZsmyYY,272804425,,,0,0
2024-06-19T16:45:51.567Z,2rhyhW9DQ25sHPZuMzwK4asHYdozo77F8QqEG8JTkxrwWC79BjrMYSBV8N5pYUUrKcoGVL1GJZGx6vttShwFUvvw,272804425,,,0,0
2024-06-19T16:45:51.566Z,A67bCmsTW6r4hLg3jDE1McA9HJx1RAKfrUCoFt8sUEeKa16SkhNuH1tfKMguwsrhdwtFkZ1EuVs5SLQ9Zdq5jJX,272804425,,,0,0
2024-06-19T16:45:51.569Z,3ozeLtuENyncXDYiCeKqntwQ5ii3Dt1DFoe11UPnbsDsD95oU82Ha75eZ8ANqBNn4kXWjTtHVb97yLqXLzkB7XMT,272804425,,,0,0
2024-06-19T16:45:51.573Z,3VfeY7eMKPmcSbsdFQHC4qixhe91iJuoB9cfMfPrJGoAZxbqZfXoxp6a4mnyqKCKhK8Xtdf5yv8uaVcgVNAYd7DA,272804425,,,0,0
2024-06-19T16:45:51.570Z,2haDqDvYHcFBJHkSDkk9AtpKKwqB9Kwbsx7PF8iVLk53GBG46joQ2dgTQTZ43kpDt677BGakdu6B7F5Mmfjw3e2i,272804425,,,0,0
2024-06-19T16:45:51.576Z,9KD5enSY23hJeLvYo66ZacZk2pbCmLmnHj9pxK34Qxdv62d1PqYbWgkNtyqh3AWNNNRbyTPwdEP4UJVE5hgPJw5,272804425,,,0,0
2024-06-19T16:45:51.577Z,5jbpmb5ckptU7gvLRAPjheZYzacucPQsg6ax2xXSXoPgFKujNA1f2myLjpQopnTgZ4HaihqiUP9rj2T9y8MzBbbm,272804425,,,0,0
2024-06-19T16:45:51.574Z,W9wTJ6ERY3E8sDNnF5XCtSY1xVmENxPUSnsA1CbLYsSq3DqWiUKGUjx1SCfStRbwPuq91r9dTon7F5BXoKSCXHk,272804425,,,0,0
2024-06-19T16:45:51.564Z,5gWGVmkum5HoSnamB1YLh9dvU51EqE6Y9XVWixAfaSKbCwaUUSzgB3nM58qPyK7StL824x3NFHY4fCLsmmu3FYyi,272804425,,,0,0
2024-06-19T16:45:51.581Z,5bSZ1DWuxk1RQqyG6mGmd3ehKvWjnkaeGv2tsWyS4PqVFfvpvzhmYjFLz8UyimtFx5rA1cq5usfH5JgFxybGBdfa,272804425,,,0,0
2024-06-19T16:45:51.580Z,4dpchTZbERPjK2KMmZHBk62X5YzBbvYSwqtxvzHzojfWvoK7mL1132fVWbhi1aF28hJSBQLrBaztNevD8Bct4BYH,272804425,,,0,0
2024-06-19T16:45:51.584Z,5BihtXngfNb7Jdbpu7ycaBDHSzgftPjoE4qo6hFtDU5xYoT3KaLaE5A6voYuP7tBtR9wVsKUBQSaapUBcDKgvvYQ,272804425,,,0,0
2024-06-19T16:45:51.587Z,5dcF6E3eqUDRg5tsQaCciDugPcXjYhaRzk8mhUrCFpvi2ZjfS2JXrd57ABuFBkPBs9Apn65jbNsak2qxYNAjAghN,272804425,,,0,0
2024-06-19T16:45:51.578Z,3H8zFY2UzuvphT46U9M7Aa3oQboSpvrWKCT9csjRNFApwjqtAmdRyFqKY4desFJuypyx226NsfQpRxPgyq9ZzFYU,272804425,,,0,0
2024-06-19T16:45:51.586Z,5Z5SwzXHZAajMC68tKsWqBUHYvHdVE1zahhoQQpdkyLdWoqqbGiTBSzxNU9jiWcmzkpNJobS1Px9QvV88MTDnts3,272804425,,,0,0
2024-06-19T16:45:51.590Z,5oiQFnrJNJ9t1TAr3KtdMfxwhFBPoixWtfhbP5q3gmkZA2tQ1HV4vKCmWJcDuKcKMh8xeVc3gg7ZZdMgj3bvfYtW,272804425,,,0,0
2024-06-19T16:45:51.592Z,63hEjwBUr7jkpQDrqWnaC5H35SFRm8u4cJ6eeU7rVJ86ZaA4f2sVZvAVmCjb3nC5ec7QWd6rSi86V38Q95dWYM5a,272804425,,,0,0
2024-06-19T16:45:51.596Z,46qgEHx3uTicw3bz13fyDTtiCAc96yDpWuUMKtDWB9mKdArv8r9oe6KWpsZwqu1GjkUUXvAjzszJ5vJD9PPGdvfa,272804425,,,0,0
2024-06-19T16:45:51.589Z,38REKztYRd2XhboRCsb8kc64Qwuc1qXpqgLYgLqvnhhNmKZCRRAvzcEftWE2hX81cLcmeKeidH3btxL9X8uiPid,272804425,,,0,0
2024-06-19T16:45:51.594Z,4b49sg4MTvNBgGuMFBkMyCkThECJbAYXE4pW2Kq8ekybrbtQviRpUc6qdvx9fqGxotKQkxvmijFM57L5WGQQ8bzp,272804425,,,0,0
2024-06-19T16:45:51.601Z,zUP8bn4zR3BnLvBZHAm7uAvuru4Ax1jrvmUCAutggMrRyGJd4sZEjRMu62ZAN9sVCMPk3PzAnVDzJyxC2EAngqn,272804425,,,0,0
2024-06-19T16:45:51.598Z,2RnvE9BSTRquo1RvDq6mfdDPJMy5KjBTFoddGExfEpFY6rrFSegLycs7BxcxxcQqx6yxas67vWKPBmi9EZENJWwe,272804425,,,0,0
2024-06-19T16:45:51.607Z,gJtELM76zqiPGTQfhtgxVVnDYMcrDHL7da7K4H4fm37L6q4oDoxGkSxUa8BxJ2qDCE6K1RUxkS6Tj9vKynzAgip,272804426,,,0,0
2024-06-19T16:45:51.609Z,3zhcerZ9ZpUUpTzHztDHXGzVJWstdjRLqc9RiuuiunPdhEV6i13tVoNSp31pnrbjt9za3PXGCf7jXWywYVv46cGd,272804426,,,0,0
2024-06-19T16:45:51.603Z,2Ar1s82Tf2y2gwbSkvSSGjPXXtxA7PiFU6Naa6WPUxCywqyTfaftuwL39qqcLik3sABFCPK1aiMzz4JnMJQtGymG,272804425,,,0,0
2024-06-19T16:45:51.613Z,hmV9GtHqNBuyCSCwFAFAbmuiC95qCnKWAbr3hW8pYeZbormTVJB1veq7BboToVuHffAUiiAvye1XAQgmH3heTkQ,272804426,,,0,0
2024-06-19T16:45:51.606Z,52qqq3cAMYs4zhyRy8dE4NmFSP7UFS5BRnAAC6Nm83xK3KpCh7w8fXkoTCGWLBJq5dPXXxjhhoY3kwss6wSr5vB1,272804425,,,0,0
2024-06-19T16:45:51.616Z,4BXVLnds3UbUe3EJyvFa9uLXTpHLW4TPjMsd3pFzpQyhCMLHeJYhKMnJoxgfiyPobwvVRC9r7iH6rYYKDPJgpa3G,272804426,,,0,0
2024-06-19T16:45:51.615Z,4cpWZKBhEngeenPpTqmjrYF2Jwym82fpA5dBuUtFWT3Pbqb67vRen575V7UdnhX5f1drdr79pU32nVyC4PaXADZw,272804426,,,0,0
2024-06-19T16:45:51.612Z,R65Sj6UQQpcTMRVJpUndkPHVYwmjsxbixQGvHetJ5U6HuS3jcLjyNHHM9ieKNS7mM58nhQLXUmRu2ePpNU8buUs,272804426,,,0,0
2024-06-19T16:45:51.619Z,3MsSaUdowd6N35CLHun3NGRRvLFavU8FYray8q6M4PyBtMvgwvGN1pLybsyJ7R1NW9yDn5PGJJ82iJtQH216pp3D,272804426,,,0,0
2024-06-19T16:45:51.622Z,4AUG9w5a5XskSHpsHb66fLcRYhKMLBs4MVDemPmhYBq3HmJxbwvQ2q7GwUGx3aGtjjgNiq53XDJ6tBvWZMDfFiF4,272804426,,,0,0
2024-06-19T16:45:51.621Z,4eQ2Cq9MJBZcmwxuoTL4jn8FTosF6cfb4rZEZLaENDydT395DkeRRfMJNnMwxjmMhjJ8Ky2mqK9NitmCK7bvbp5h,272804426,,,0,0
2024-06-19T16:45:51.623Z,62Lb4HD2fhXahwEneR34mQYkFxSBwUr9JoubUSL7ee3mdGkBuZMEu2XuJhCR3Ch72pHTTN8mrAnKwMqsn8Lp2hYg,272804426,,,0,0
2024-06-19T16:45:51.625Z,3XHyWwJ44sWzx4j5rHbW8mZfHB4X4TTHJM9TetabHFGSQkDmiZVC6PdH1AcQZxFym7U8D99jqznpgEZBcoboUfBH,272804426,,,0,0
2024-06-19T16:45:51.624Z,612BhtcrGisRUui6ax9pynTc5tdVaRdzkDuLKySXYXkEYcfLoJU7nMnmoyGU11vHLMPauwAMXbV1ajfmLasfVi3K,272804426,,,0,0
2024-06-19T16:45:51.627Z,4h3iFTJXSFPe3NksZpQqYfFGKYuvkeejH6UpxdMzN88n9khmKBi5UezwZAdtustyzeTSCiq58x4mbcFJYRHcdUf,272804426,,,0,0
2024-06-19T16:45:51.630Z,3XshF1KfqDkHKePN2x178FGDC9xThVDYDrnBz78JwBmoDALkz2Xpd4EGchHoLwTFCBUwPwDfYmhRtgT5NQ8crdeZ,272804426,,,0,0
2024-06-19T16:45:51.628Z,JeNPhBjnv9YTLuM8SBK819VMQhfR85k6Ffjqimg1C8AYScqd8CbMqbYADbyk8c6m8buu3qa4tSpMUNKkxuXjWyE,272804426,,,0,0
2024-06-19T16:45:51.632Z,3mqbBPHVBjHzgKCmV2A8hBsyoqjGKbtNjcUPnfRQLq5MrKL9BFMNPXWWJioN1Ypks5aGAJezGBmGuDwhe5yEULSh,272804426,,,0,0
2024-06-19T16:45:51.635Z,yAhPPBXhnBqupKTMqKHneJgFWf7pH4ShfCj5419JgvWvDvuoNW67snLRyL5C8CVanH1iR7jvkFAF3CZ6ZvAJri4,272804426,,,0,0
2024-06-19T16:45:51.634Z,2MfeAuChm46eiJagCLbYY3Z1Eig4D2Q4aJFenJ6wXzM6Zw773qM5LSUCCaMFtN4X6D1Rfzcdip92RYUNsQND7ssS,272804426,,,0,0
2024-06-19T16:45:51.641Z,2TpbZQo7FtJSKfUj21gMCdSEnsAUmZis4eKRhKrKJiSVawZAwYSGPvpZfotRCE7h2XBoczjTMLYmwEVA8mUtMMef,272804426,,,0,0
2024-06-19T16:45:51.642Z,35ZojktUQoTEko4fyUmSkDjLa6XXifRqX9V5SEEHjA11KScFAcqfqiw9aMVmvkB3QuSowifb5mEBfxSqZ9yve3MY,272804426,,,0,0
2024-06-19T16:45:51.644Z,4eHDThHPGzAzn8j5bMh327qTRuEux6VqRhMRaNHRDDozFRN3BYwUj2GMCxd84BFwmuXQPdBWyLKKdhNqdnsbdT5r,272804426,,,0,0
2024-06-19T16:45:51.617Z,bV6e9a3BkzcREEXM3GnwxwgUqTJNK1UA8Q6vW4F3iSQen5oM5aaqpkGHZ8UNak2ZS1EBt77rK96fTKvA5e5RGB9,272804426,,,0,0
2024-06-19T16:45:51.645Z,26qkjfoRa8eQ3uUqxZtKrkEu6scSPCxw54NoKZ5VnqbL6XMT9vi41u8PH6px86BvcjH76CGY8JYwg9N475nRM6CU,272804426,,,0,0
2024-06-19T16:45:51.648Z,2ZKG5yiFL8na6h9dv2JK3eHvU9WfJMPcg6wj43RnKTsfJ9GrD1g9eoQJeurgZPwdJ1NfoBrnVyWT6P3CW2AWK4xf,272804426,,,0,0
2024-06-19T16:45:51.647Z,5TPK9npDbsLH1s2xhHekdQHoUytjgGYtLpdnTE15VLh9XKyPwu7j1uABJYBjG3XW26GefeYsr5Tg29PwiCGBQ86C,272804426,,,0,0
2024-06-19T16:45:51.649Z,2Tty1AR6SgfQGJnwbnGnNbZVgNexoSPscwPWPgbqxeSw2npa7uA6PzxoEuFMRGPR7iJiMp8ibvBRrCVXoJqnDLiX,272804426,,,0,0
2024-06-19T16:45:51.651Z,Pe4LhCVHVvM9oEZLgdQqJyhqGUfc3aaxRxnAMoCg1YvbFtq4gUTvwqubVDWjefXDdtZz3wNPdDAaAFCpQLqhFMf,272804426,,,0,0
2024-06-19T16:45:51.652Z,2A3bKoLxEgbdHF5vJfBupqAxNVuXhbGoFiQoxc9iAHafG4pWrLseWX8ngqty7VRh62xMfHjm17oXrkaw7fvLBd84,272804426,,,0,0
2024-06-19T16:45:51.638Z,KgemhzAvpM2arzLVXSCS1o8Dd2mPmZqFGM4yZV8ukiLMJwUsognhoKRQnsFXtWPVqj1qqXRWgULPXKZRygzxYYS,272804426,,,0,0
2024-06-19T16:45:51.656Z,5iJ9Pk48Dj6KKhMmx7Qqcm4LeMzBW4rbGY8DzV7ocjvytYJVceqyMKxaAbBqGYmt1A1AFb11cJ1v95tqv1CgY4TK,272804426,,,0,0
2024-06-19T16:45:51.658Z,3KRnH4VW2aMYv6SBs9NGvC14XCGQgL72EjJneZnxWzgsHX4HpzqtgNdbKLabrVP5SSK2T8sR3KkDmXZr5KunZDoN,272804426,,,0,0
2024-06-19T16:45:51.657Z,4eFK3qCBEKwQE4R6YUDjNy5zBzFzN8JDDeyDz48MThn84VWA3omzMJ9JZ49ckyPa7jptYKntsAYvA3gyoXUtVLVQ,272804426,,,0,0
2024-06-19T16:45:51.654Z,3HQ7Ai3zD5ojEJvZtHHeakVxXF4iF6RDt22uiwFHdKPcVzPepn78vJDK7iNSMHgck3JCtQh34mHsbC5veJiyH8p8,272804426,,,0,0
2024-06-19T16:45:51.662Z,5LEAi2HoHsc6JD7k1Hf4GLHgKm4X8SNTa4uSoZ3suiTz8qHrvuowKJCpo5Z1MEgt59kxxQxXsdxydp92gPUKd1iQ,272804426,,,0,0
2024-06-19T16:45:51.659Z,2ZST2MdqoyjqJk6bHChwZEsLUeigQP15XGgh9hgohXyDzePjFrvCaEWoMySrn521xwY64qPMzg4njE3uDRSekJXx,272804426,,,0,0
2024-06-19T16:45:51.664Z,4pKcD9RNxHG7XZLr4YAPfgFinPF5hSjqpbrgqEvxdQ8TxVXd2ntwjeGNKf6YrJzSdwtWhWDQTztPMz8sx9rZpgvM,272804426,,,0,0
2024-06-19T16:45:51.661Z,2w4W4JCuhatGQwCsyzdfQ3U6bSUbvi5yRvJ84Lbpc3M3JoFNQpS5a2Etf5zr2uxsrrMNNJ8QLyzajqrrnn7Sgo75,272804426,,,0,0
2024-06-19T16:45:51.668Z,357zEQjSh5Bt6vBbFhTZcWc57LyvVYiJ7TCqw8CbEmDvbcfGmitvYzJzPcyAHf4q22SzxS9ksHsRKqQ2HfRrKj4Q,272804426,,,0,0
2024-06-19T16:45:51.663Z,2wVjEHp9XBgRpkPcBrSGaqkVjdsvvrBs32MEXpYhcLRVou6SJGhLHamZkLxpuWJDDQ54mzQLjn4A9Xs7dJ8ckjjS,272804426,,,0,0
2024-06-19T16:45:51.670Z,gqvPeYacDpeEWLGyyRzF8ynhooRhXdi86QTVB8eoxKVmkgDQbwtsmC7m6LgnE9o9L9CaWgUvVyRX6d3ZXtWf2k2,272804426,,,0,0
2024-06-19T16:45:51.665Z,37oSu6o6GPXq8WTZHHNM4datxHiabGCrbw8RHDXUoBdRbEsoXjpz5KNwZs7NqK76vxxQjeJcmEn5csez8SU26CTU,272804426,,,0,0
2024-06-19T16:45:51.673Z,B5bzWJBAYqAawuvmaoZdapenZDwy37LmKwX5QVGXj8N7AMYVzDjqUXuweiK18iAqHz4FUYc6qrksCYgZY7DJXDv,272804426,,,0,0
2024-06-19T16:45:51.672Z,63FQLer43wCy9PiSVzrh413CckYrpKqBMSFtG9aW4XiYpqZi8EBa65THAWkoi4jV7yyWsCM5GpzRtE92PcMT46Nt,272804426,,,0,0
2024-06-19T16:45:51.676Z,4vK6RYtvi8wHs4YAY2AxUwN4n1yUekFDE95gBFp7EseebxbHkw4XXpXyrikJaNzgiszfBEeBPFfnJNmsebuUfB3C,272804426,,,0,0
2024-06-19T16:45:51.678Z,3zF53T6GCBYhEVPoZPVAWxGpW9j5NU8vhaTjAru2rAr65z71UBa2LFmYbK3sEjRhKEsCx56ES924gWvvcHwMeABv,272804426,,,0,0
2024-06-19T16:45:51.677Z,5KANhR8PAQzSvX95ZdQUE8dUsrVgSZLU3WvJQVKh2ASGWex4kFfWEKJJ88uN1Y5QaG9VL92vGUHvcqs8RL8vwvCx,272804426,,,0,0
2024-06-19T16:45:51.680Z,2zpsU2fj51TNarbZkRB7S5mHE6TFt31o5RJq4KSM4cvbpPSLXVxvty3uCnbKRLDnKjs46ESa2EPnDh3bYtKx5QFJ,272804426,,,0,0
2024-06-19T16:45:51.675Z,2fPnZMhbPZUrxiJ8KhbYCRWjwLznv3EboTYntbJrbJ82DBfujfwYjApY9mTkDbYMn89wqnpGbDezfCbrD5sH4zR,272804426,,,0,0
2024-06-19T16:45:51.684Z,gT137u2a4nKnVwy3dGfwKC7A8V8utzGio9oQHeJamUzFqyJYiCAHo1QqJjNh9iKWboiuWme3VWbVne2unJTDLP2,272804426,,,0,0
2024-06-19T16:45:51.681Z,41Z1bo58JGidNkjUGVLN3pjHBXRjakhmUvTxUibZnNw9ituty2fmkEHVYfuDad1NbU8QQN15f5DTdLff48DTmYe7,272804426,,,0,0
2024-06-19T16:45:51.688Z,oWyRnki3NqrPqfUX2DiwW8Bns9c3CJGcArvQZ5BriVUyVPEGBLAToDe2tQZ7zQkn8TgHbP87mZFEnMJ62VpD5LP,272804426,,,0,0
2024-06-19T16:45:51.689Z,39ukQcKGL7r4CVHt6hWyw4PP2DAPNLMxAWo278K8dzmxDdebJi1wGDoGCNA66yMi2eQrsRo5JseH1kdJUKjb3Y5N,272804426,,,0,0
2024-06-19T16:45:51.685Z,2SiD3AUSv6WnpYJRMeGZTrUvANKjtNyvdBkCEfzVTFtgc7a7Pw2cc1k1UnvxEHqeS89uxX3BUdQQ3gvgQ5Qw4jZa,272804426,,,0,0
2024-06-19T16:45:51.690Z,4dNobuidFYDwhbDqHxeGj4xtmVyb5kmNkH4B3uUbAgj8vkTtwBfGpujTYyVAHtJGGDVVxWvXxvr74CVqfm5P8qBK,272804426,,,0,0
2024-06-19T16:45:51.691Z,3LUhgkTuPpRN2hwEzLtUyeFyMGm1mBf2yen5DyTTiQ8xrSYynuVdKqNDK2sWxKWVXepG198cgoxUXzA5rtMjpDos,272804426,,,0,0
2024-06-19T16:45:51.692Z,41yJ4DuJDrBypKqjrs8ybmCr6f8bidUAu1bTuLhSoMraxuP5CKqWTk7rY54aPCBaWgMMj4qHM64AtnNj86rTn9yt,272804426,,,0,0
2024-06-19T16:45:51.695Z,tRBjuTQAG4VcE1JBK1Bb5VMgWuUhkoF7HwxTbH7Rtjg28g2bEzbR6Au5Dx9UGCjCQ5j7fbh7EULmdYnjadpDqMk,272804426,,,0,0
2024-06-19T16:45:51.696Z,2a536rgFND1ncXbYaeKqLFhphhDBFjXWAMbR4p5qsVZPpakzDZWN2pjpPSGQgBfNVtKU1fRnNW4GefjEh2gv5vXz,272804426,,,0,0
2024-06-19T16:45:51.694Z,5ftxRaK2kyQUqpggmFNxnKzrTTGSrg216hyjKQQqNYewmqQ4FdYRRyWJKeZTqGxU6d7y4EZft4xiLEFN4SyHESpK,272804426,,,0,0
2024-06-19T16:45:51.701Z,3kDYFdDFkWDWjzd15X5x9u9agqaFnCTV81TxubMpk1s9pX8DqS3nbFTw7Kt2BNWT5vCngnxkPyCoxfXLkCUAazU8,272804426,,,0,0
2024-06-19T16:45:51.703Z,63phmVVypMr7KVgoAy5UmdwDLxKw4U5YJ8yzLibZTjAqky2CDMbqR1riwZ9HJG5h1iqow31dnKTRCec2pLGXX3Gp,272804426,,,0,0
2024-06-19T16:45:51.706Z,45ZCkP2nHWzVT1qtnJg98vQrkmRyCW6EUu1HJdK45MJwm5NbBGWR7aNPJYZ4MMkdchesUjg1nMrwMUTBz8NTwNxf,272804426,,,0,0
2024-06-19T16:45:51.708Z,3hFy4gzNWEr3hxLZNDpVHoacYjgPLsEKHDfyqFzNWiKNiMrCxb5DjHmq92x4RXPxi8u6o9aqo7Fv8Euw42LrV6B6,272804426,,,0,0
2024-06-19T16:45:51.698Z,4p38ekRCJFAfWEa8r5cU8NGevq64tUrcmpdZ5mLxB25ixkSqmsdYmQYmLt3fmatUvDjQKeEQcE95rmgj3F3MGxE8,272804426,,,0,0
2024-06-19T16:45:51.710Z,5MnBVTne6VdvDfBbdzfUHJD4idWDLcGkchpxcweEakJW6wHAuFdqq27BeXu1uxEBtqwp7cUtFh2nH87h4eHnbtXq,272804426,,,0,0
2024-06-19T16:45:51.713Z,mSVQGfZ3K6dG3PDgDQKvsbQ8qjob9nVacWjTFkF754aPXYkuRvNW6gdyWC1i4AADwaUdp7v1woWRbLFrTKSsDb7,272804426,,,0,0
2024-06-19T16:45:51.705Z,2HCMZZ5X9PSH6Zz8UbUajGY6FFepXceMR8zAVfamxqc5obYCzjdzbFNFodhkTNwYFC3wGgMCtsnkjZCJfh7t6H1C,272804426,,,0,0
2024-06-19T16:45:51.711Z,21m2KW1UMuLMZf1Mz1T7rKvopdoNrSjsg4ZDbExN1j54AjTtGsL5wcWVGuR3xHVRp5eWhtWQnMonmpxmq3oFSbvz,272804426,,,0,0
2024-06-19T16:45:51.717Z,2SdafZieCaWoTSeAxh7pKzanLVWfvByuA7VMd6ThT1jpJUpHXqgKPNTykj7tFDBgUS9n8WCDxnb9HKvEF2Nsz23B,272804426,,,0,0
2024-06-19T16:45:51.720Z,GUgNAAoCTbxNDiUKiv3tdTCk34FLrcvU2tvs83WQccqUR43T4zzhw3BghN6oAkS7eGRya9AXpENcPiKBiiZc3VQ,272804426,,,0,0
2024-06-19T16:45:51.722Z,FBrBjnsvk3PAniDNoYXhi369QTxjUaTX56B1RzmQAzixeLMt7or4q77CU8GEPXRYF56yuR5d1dN1eDQyicNBPJU,272804426,,,0,0
2024-06-19T16:45:51.719Z,4xLu1wmqFCxmiJJevz2L9NhgLwg3h4zfwtJ3XmLJqwFVwhcinKLj5mWisLNJiwRxdrD5BxsUkwaW2zSiPQpnDbo9,272804426,,,0,0
2024-06-19T16:45:51.724Z,qLXwHqxHynQRh2UGZ6XMfGdfcFa4chy7yKXWKqkt3NshtShr9rKCSQ2tVDTaQsbAkULLrtYsQbFqxdJHYSmd6tD,272804426,,,0,0
2024-06-19T16:45:51.715Z,4yCFwvkqM2QCFUvfBdR7xLVZ83VM9YjRC5U8gBVsgwA2sCQhS32A5eB4AoLtYvYy5jsWR3gNpFxFFxjusrFXLKCc,272804426,,,0,0
2024-06-19T16:45:51.725Z,28DDtSivxnKqwcYbx9kbcMcggR9CQNU7yMhkCPwGxbpbUnMAqWNdDTpMEV8govhg24fEGNQv16u9LWEhb5ug3feN,272804426,,,0,0
2024-06-19T16:45:51.729Z,3mmTbvoqiTKnoqAQD1mUDeCcGAfPUWwCESySVSyvSDTLFEVnYB1DAUuSo5uFWiSweaeUCpRLjoAPHS18Qh17ZVnD,272804426,,,0,0
2024-06-19T16:45:51.726Z,dnjjZeQMkchuo79gFpihvjEmqegiNhGpxgBj8RKqmRvqqXcSgTQzVvum3rbXfAGTd3NeaEsMJXTEyoTZPZWMmwk,272804426,,,0,0
2024-06-19T16:45:51.730Z,2xdAdVYXyoMTUNzexe88jM9CnecdbYgGk7x9i16YJxMRM12RsPfoa1sc2q4WApfH3dx5jCAnTnbE5JmDZgxQNW1T,272804426,,,0,0
2024-06-19T16:45:51.731Z,2nURLx4vYEcrpeakhGzsJboA6tMFS9rA6M3Cwcx2L74so7kKbnyiCaLc6KCHwNXjVXavaXqQtvuz1Tkx1UHj8TNk,272804426,,,0,0
2024-06-19T16:45:51.733Z,5mzPCW4YoMMaNT9XW6CGtki8yHnN4LY17oztAzNQ3fNhST5fFzN7wUzuV9hHELVMx916z8ajYk9fnxFkzpLt6wFo,272804426,,,0,0
2024-06-19T16:45:51.736Z,4XQGgheckGKbAAhsBmZWXLwriosbEtwuj6iaFnfdLNxpm98BH8XDFZtih4YnUxhgzD2f5pkhw2uZmbh9557omYmn,272804426,,,0,0
2024-06-19T16:45:51.728Z,53Gjpup7P4dy9woqiXjvyGsKnEUDuRYbEZkbjeLxH3X5UnYJ1SziVCLh8Yg9eWNsCYxR8cdsQRGFkJLbdTDaXDGy,272804426,,,0,0
2024-06-19T16:45:51.735Z,2HXuujjnkhkTnuN7Pz2XiweYp7xUpVhXmpWk2ALAWEe87fcRUS5V9JMujyXbqq5uNbjjHTuu7LcabnD5xWmmBAUK,272804426,,,0,0
2024-06-19T16:45:51.737Z,3E75U7SoP4smDPU5i4LpZy5su6TgKwHSCcqca3afWU5CEfyCxi1Liimz9JkQGKUSCRj8EJxZKJCybVSKqwdz4hnv,272804426,,,0,0
2024-06-19T16:45:51.739Z,23zV34DQvLxRn9TConPehXYF1DRkk98dVGTsNTdAtg7YF2qcuorxNuWAScbZDWbA8SvTVQF6PBQoUb2PcjDb3sgy,272804426,,,0,0
2024-06-19T16:45:51.740Z,242QTYfzUom7KKd1rDy9E6rUAFHoc9LJmsCoYViZ6q1qTmZH29RRLM6Af1pANMkydMG5GnW1g3QgVhnsQyHfNoZg,272804426,,,0,0
2024-06-19T16:45:51.744Z,4suakP3oqZMHvsEW73ysyUoYiA96KRVo9RQ1hhinTMZzaj1FGiot8gAjXkt983KHwT9reExc596gbTupUFzRdgbL,272804426,,,0,0
2024-06-19T16:45:51.745Z,65ccuwYiARa8m3B7We5FGeigwZR7aMwn5t6gD8voX1umURS6dkaD6spCfP4YnSQV4W5p8ktsAkktmuk7Zb3n1NC8,272804426,,,0,0
2024-06-19T16:45:51.743Z,4UovqTTnThnowL1E5MDTysiE1aUj86HWR4Ef6RC48nmMqgEEzhBnt4p6dYH8cU3WvGcD8C3eDCriHxdqpDsVqNqu,272804426,,,0,0
2024-06-19T16:45:51.747Z,5x9nS8iVyb9cWzP4qrhgqPHZ7rC5LxSNEzoQCVk4buCyJyJGvHhUodATVj7ByM5GwmME9qnPpToLAtzHgVKS46ef,272804426,,,0,0
2024-06-19T16:45:51.750Z,rhNCzM1bAuJgSggc9iqzdmRVx9CFcri9YvfojZLPGWF3kBjNCDzVuxqwqZWer6xD1h8tX8g5gda8KD4BdFr3Qao,272804426,,,0,0
2024-06-19T16:45:51.749Z,5yH4MKUszXmWNxS482gDdsVs8EDEEVbMZ6LUwCPqqq1GcVN2C4qKAhLq6kqMqVahxaZjsTyD6e9oRBqcAHjGiNEB,272804426,,,0,0
2024-06-19T16:45:51.754Z,4xhD1r4bJLrRkug4MjMkcJTBWLnc1WDxxAFfy2nia4ZQopPYqUAKgDfXnnVSrXhNaQgojCJ9XQfQqjBNqpwVLTmm,272804426,,,0,0
2024-06-19T16:45:51.752Z,293d5c4nzxMa6FDLacubWVanNfk534R8BoLbdynzu3fknKsz3TeB39xUjELBfuw6sxSk2MdwijKcDNcpLjsNtzRG,272804426,,,0,0
2024-06-19T16:45:51.757Z,4p9EdujMqgo625TkYkfLmW6nNhPLXeZV9MSenYBxe8mLjHUWpGUrUR2feKN8VHsUb5g7wP561UsNAWgxBUBy9gbL,272804426,,,0,0
2024-06-19T16:45:51.755Z,LTosDcKwEzBzixZ7Fmrk3Y8sQYUkD1PGM8g1JAHWkJx6SP8rqXc2Qjw1BQNSiGXjqqbXe1a23qoYowsSCiR4JyP,272804426,,,0,0
2024-06-19T16:45:51.758Z,3fj8JEPFFj1E2KVKGhNbpWpev3iz8eUqWvbKPYc6V1BS9qn2caGZPomYaC8EdmGNGPgY2imWjWQ7NKqns9Nzde7j,272804426,,,0,0
2024-06-19T16:45:51.759Z,2EtMzJqpkNJFP2G2eNLsq8Qg18oFWMvBWLuE4PsPyVynf1iu1RZa8ZHrq5vqzGaF5JhZsGsuKE4SKgJPxFPSicZd,272804426,,,0,0
2024-06-19T16:45:51.760Z,busBmfdzqYsUxKcB4SUhpdDojEVf1Wy8j2vdTuexveKcs6xKKWbxgJdFBfqazau9uuEb1EdrJxAyttAV4uj2LUy,272804426,,,0,0
2024-06-19T16:45:51.742Z,5d8ev6jMWdZXdHmNUrBnpHoee5oMrzMsQ3wpwcBg3qRua5oemuZc1RkSunA2eJWGrGxkHWUqNzWkDaS86qrx5WN6,272804426,,,0,0
2024-06-19T16:45:51.764Z,3452Zt4exzujJjd8i1yj4topmcT1Vy8AaH7oR1dGLWqcncX6EyArGEsoLFd2s1V8zE6kyje5i6qEAQdu3YzDfhZM,272804426,,,0,0
2024-06-19T16:45:51.761Z,5Cn1j23HT7csYusMa1p7dUTHWd9S13NxKXRcyJhPqJbgnArr99jAfT2t9dX8BpYu5Axbd6XxYCQyNwS87pQfbgHN,272804426,,,0,0
2024-06-19T16:45:51.768Z,4Vg1eRujyNngouin1225p3LaeoeunB2Z4286zJCCMyXpCtdT2nENUuPdbFDSGsmZCFUBP2wXD4VFMjTQa8ncA5R9,272804426,,,0,0
2024-06-19T16:45:51.763Z,fPMF6eiMpA2GqRbQcUt3sX4DDSYweLgTiBBtxFG6vbBySmN2J8tJsRc1EhGYAiqfcpGwoXVL8NEMmgmP5JybcWX,272804426,,,0,0
2024-06-19T16:45:51.770Z,5heDACmdbxgoDqfXALChygGKodNzjTgCXvKPfkskkt61CpTVJnnw5ob1fDyjU9SVLHtriheZSLoouuxJpgPzWtHj,272804426,,,0,0
2024-06-19T16:45:51.771Z,3DtmAq2S6MR2UCnFTA1mCVaTVTBG3ZKryGx4XoSG6cj2EsujxoAyyHyrj8pdSZ7apPE3PjYfUgPczAzoLhdMzBVg,272804426,,,0,0
2024-06-19T16:45:51.774Z,5m2bavAjz3FfYW3sNAHv7nXGZ8ieWMCs6CgCeKDQM27sXZr3sJse7oy71MSuKMuAWUvSnpz1aczJFgfttqoaEpmN,272804426,,,0,0
2024-06-19T16:45:51.776Z,5c99TvHQ5fHXPWS8WaPJP9vYtGs7BLGdQ9kuVtfAGoThc8EkGnKNfeP5NNin3t5UC8zrEWahbjgK1NwYkEj5DqEr,272804426,,,0,0
2024-06-19T16:45:51.778Z,4ZzXzfy5By2t9Ru35M8fjry4fzVg5mW9B2fVXvgMksVqziYkVYptFTq8r5fVkb7QRyFHQZftqywLkWmTviCPML25,272804426,,,0,0
2024-06-19T16:45:51.766Z,5fu6gVW1SPXxJbjJVCgL4vbFP7e5P3YnD9zrxNfWRDqKbieHEwMvdYtQCJQBM8XsK9G1tJgtUyyE52yxe35WVdB1,272804426,,,0,0
2024-06-19T16:45:51.773Z,2huKNMNqeG2dWdcAGEd4GSGxsGdFLrjZQ8A43D4RuFskCi9i3oWbniRMYvqqJVvPRobytqrqMuzBEbzBccvBFaUL,272804426,,,0,0
2024-06-19T16:45:51.782Z,31usAsvezWQA95tkrhnNryqGw7ZzJKbzzqVKRJAiCzGXpHM9arToX9rsKydk5qLgsZAAgjfDytpHpypBPiwbshsj,272804426,,,0,0
2024-06-19T16:45:51.780Z,5iBekPDhYtVr1bQ4UzQixNTQMf3maAfCys5SKCsG52vM3AnnzHvBMpL5ASPeKWDLvXfAXi1u7Qj5CEaAq8ahoYaY,272804426,,,0,0
2024-06-19T16:45:51.788Z,5b4Q2aRbMCBBTe1qpzYEVRvFToWob5AChk79kunYR1hm723FXDWNvp7YCK2jcFj5mD8hQ8bnJyAKAcJB3oMgZNxh,272804426,,,0,0
2024-06-19T16:45:51.789Z,4yrTLLLJe5Hr9qU2boqbxhbrNkqvLMo8y3kXgmaqUMKVMHQa545kAgZbXybAnTsxSi7w91bUMHQXrdF7pXRkxxJe,272804426,,,0,0
2024-06-19T16:45:51.783Z,HCoghQjTsmiTexFHpUmgLE6inMExix5XpbtVRfQ6M6PWd6CtgARmjKL2fzYnGMAdmcFzuptXadsjRiRvVia33FH,272804426,,,0,0
2024-06-19T16:45:51.785Z,5T2CzUSQkUG2o1HKCRym3V6vkkPHeDL96UihLdtZzTiBtjDvgR8U5im8KjGkJR1GYMamKbtoRa4mZy2HaKDakiuz,272804426,,,0,0
2024-06-19T16:45:51.796Z,4xnmqE7Nc92Tkidk9ntvcLi5gRtBzfngNnyqSmEQR3Gd2BaRLT9nErQo4BxMhvs6MuvMB2RN1xSi3AC2J7sCpxgn,272804426,,,0,0
2024-06-19T16:45:51.793Z,3ZAnwtq2E1vSnJnHe9aw5Z9hE1riRmVjTV9vRrydpxJA8fi4MVziXQn3WpqwfyK9ybXEp4WQzK55Qram7tRepomm,272804426,,,0,0
2024-06-19T16:45:51.801Z,yERFeZrgSTPJhCN3RxnAzLoPLxKeBZiiBHZmjCzFEAJtu7hZAbbjCLZCi1NwRMGwxUs4UMfdthLNjP4Gx89mLBH,272804426,,,0,0
2024-06-19T16:45:51.791Z,4ccJg7fDSX27mgniUEr3RWy429tBMZz16n8f7yAxA4MjdEAnp28Uyro3rwjwSvxL8dTKDPag5K4XYLzaBqDgR5X2,272804426,,,0,0
2024-06-19T16:45:51.805Z,2aYR6czyCivLxrTKoZQZxgstgWb2hABn64ZXsujLkRT2FV4WSASYucumyX6neVifVqGdjcquVCh6w18SNuAc9Ujf,272804426,,,0,0
2024-06-19T16:45:51.804Z,FSmpRHF6cmdicN6eBqkFhJJfzjfnk3XLw4wi4FwT8ASZzcKiVkaqfDHy8LrMaGV2vN8PHxC7z4ufPAhuCf2kt3f,272804426,,,0,0
2024-06-19T16:45:51.807Z,4dje9Nqai3WoebKfjqxF3ZptFhJwQQCQPoBkQjvPtmmHkCs3FXt5xAWUFjmziunfAqFa9xk34J4dLxjdZdvpnBoS,272804426,,,0,0
2024-06-19T16:45:51.809Z,3biGLTgXp3iyAheNzi81HtWgAU573JEiP7FHTNXDAvW3kvPg1jLi1sNd6DvAE1N5d2Pd9kqFejHY72bJBbdZdXd8,272804426,,,0,0
2024-06-19T16:45:51.798Z,463pUUrA3FuyeSmwrgphKkmsgBkybq9wS4GPgY1KKSZdqLf15AqjehJyTwMP8NzHiQTFDJdhttmUQNhGLhuqaFSz,272804426,,,0,0
2024-06-19T16:45:51.810Z,5vGpa6DGn6ngJTLjgxtxTwjZt1ZcjRPBwwMBm1kiULPbmP6692uGxYzCkPCGWLiFQDZdx386xbQ7iq8UTfrcNnTt,272804426,,,0,0
2024-06-19T16:45:51.813Z,2E5f3dbarWVwKBJuCfPyR3CD3pzV2z8sYDNpuB72fPY9jhg5N2ptGYg1JqqsNiQzLCC7LokzQmzgNdkhMvoaiL4p,272804426,,,0,0
2024-06-19T16:45:51.811Z,CTimaKwrY2Y9VqWgokGkWNohmWLJZkrdY7DCv6rh8ayaDVZpBBPnRW4QXwXJSD6nKJY2GGkspiduj2ynyfDuEvD,272804426,,,0,0
2024-06-19T16:45:51.815Z,4LvYbvs614iEqbRZmtaECPu9xF95P7W3iSVqbTTmRVQbd5Gun2MAw2VCtYuTzxUijYsE5nSBsv8kAz6tYdA98zQU,272804426,,,0,0
2024-06-19T16:45:51.819Z,5gGLJWySogPCN9GfDJ9WGsYAKEcik21giBwG212LaKctus1rYGGCa9Gc2apU1i6RP1aRi8etAACGhnA17dDcEfm7,272804426,,,0,0
2024-06-19T16:45:51.816Z,3yaYGJ3fUkZEaPTwxdkHD6SQEDpeiX8E69zyD6DhWNqh2fWMZNbwuwxoHZ9x69GT5K4EAE4DScsDfURSPiZTNEPD,272804426,,,0,0
2024-06-19T16:45:51.824Z,2vmo3fw2nVfRkiFbJjACbDzBB4oGoVfcb5bZpsnYdgBGjWcxBk8xreriL933eM746NfePqmtdF6tMHnBjGdJiTaf,272804426,,,0,0
2024-06-19T16:45:51.821Z,eFepHP6J7j2436fLxGzeQL3XPGPdzu3XU77AyKW5F1yvUUJTzGRSEgGH4b2f9psMXzPRQf3YZyCbSVNcqQxmFXD,272804426,,,0,0
2024-06-19T16:45:51.829Z,4QvBj9SBsgiALgtd1Zz1BiCoiAED1FxHLxDPmfKVyzTzj6Tqsd8T5ZP3Kb1PpAheCNWaZ1sP8Q5HGdjbT6vBRUxB,272804426,,,0,0
2024-06-19T16:45:51.832Z,4atKaLNwsHAbCh1JjazrCJhLC14MycBNP3s1JrsxveMbc4UcFJkU6q5AY9wqoWtk8cKQhdFjTYUqFM63DDd2e2ei,272804426,,,0,0
2024-06-19T16:45:51.826Z,XCDZZYv44fq14puRGMCZfChXTLXVRo6TxxLJ69DmZUWgtoMjB1iE6oCMQKaRyBVGUevhumf3UCmmzmNgspLR6Y1,272804426,,,0,0
2024-06-19T16:45:51.838Z,3x4sLDBzkTTPddVWssSi1pZHbrMS5uY2Y5ixWhLBocVBfFgg6U7fvAZH7sQ3JQyAso1bNy6YdRT7X8W31bvN3kSG,272804426,,,0,0
2024-06-19T16:45:51.825Z,SCHpxZyFgyYbhYric4gpdGeU8YfY4szx7hZYLLtUT6uMfWaWjdLK6kWFNnBdncaMCzYeFMZEG1AgeJWuXfqTvFW,272804426,,,0,0
2024-06-19T16:45:51.841Z,4WCRjc13vMkRf2dooQkVwTR6Ao3S1kkukdWaZBUrPLssQTtMCkWWDh4LGhRJFcVmnZHai8mr5deTg3Vr1qVTkqwm,272804426,,,0,0
2024-06-19T16:45:51.844Z,eDwngECiKZxNeXQeDxoqar1dg2XTrySR322W4tNM9ZaDRr7ccTy3iA5CLd6x9qXSnnZ3BduTBF8DrxoYUShUXrS,272804426,,,0,0
2024-06-19T16:45:51.836Z,5whfyFiRQcWyhQ8e78dGzqZbdGpqLksrAXw1XQgJnb2rzytD2xEts19EyKiWdC1bjSVC9RXdb8KGqDsYDFm3cswj,272804426,,,0,0
2024-06-19T16:45:51.847Z,4Wjba9Mtp284ADBPWaKErp236U8aSL6W9RTNYaaLTAACiJxiaiMdNJEuQGT58kydciGnPYCXFZGhUYTJLaHcH97R,272804426,,,0,0
2024-06-19T16:45:51.857Z,PZmjnuAATXZEHJvPaC5XbuVJ8qeXs2KRbVtg4D2idJqgHVXZsbzYpDmFWkH8jFTQP5CMsJKyom1PKbmXsK7BFwk,272804426,,,0,0
2024-06-19T16:45:51.850Z,54eHRjzniCyhsTBHvSdDrWCdedqewiyfooqCixPAVdcD4vFsrK1SpfLwUHzGVBtLbGV4zpZyjHPnvQYc7iaechtj,272804426,,,0,0
2024-06-19T16:45:51.854Z,584vzUxr8Zk6dA4h2VHRkMqRbVBHvWyn3rnMnHmhbdjRUmyAiXT7sj8P4jVGY2pBFAECpTnqVVyemZg1oTge4NZd,272804426,,,0,0
2024-06-19T16:45:51.862Z,5C4aQxEeTYvUbPsThea5NrzWnRopcvUdm9VoV4hiP8p7i6DCybFsvYhEsL6Ttdt66Xp5X14okKBQsZQXHqFmbNZ4,272804426,,,0,0
2024-06-19T16:45:51.860Z,cSev1ZcYsFoRrjgCzn8ihz9Kk3nL8dWMuzvMRbcVR1cVosy1HYTKbVZhCBXjMYdnFwwAF6Yv7iMZxLYqi4tQF63,272804426,,,0,0
2024-06-19T16:45:51.864Z,L82VB1FDxkdyEXy2FzmxTGt3wQEW68pxmX1SXunfF3XbfohHC9zGimQsmzEwcuVkzhYGbuHnyeckqs5Ap3mUoTn,272804426,,,0,0
2024-06-19T16:45:51.865Z,5nGTuhZDt5uJmXbLLAKkb62cue7CZhFBGEjVrXV2CHBx89Ap1TvvLyLRb1HWuVejZ1uoGqV4CFMjHCkABC3ckZ3g,272804426,,,0,0
2024-06-19T16:45:51.868Z,4qcDhaN28w6sp825Ro4C7BgGCc361PQcjPPQ4JHQCxdCtwVW9bsjXZGHKo8amvBdMx5njaDQqD6tuRNrmXKrQUkN,272804426,,,0,0
2024-06-19T16:45:51.875Z,2eMxxgQ7EuNUJaaostM9SfhoUZvB5HL25sEh8WfCaWnkAq5SBtiz6EbTGkwsyoi64yfVSQhnbfdsj5QQQLuphZMA,272804426,,,0,0
2024-06-19T16:45:51.879Z,2f6GpgJo1C9qjnXgay6bbnHgEZ1LFrEiTEZUyGc9FDu5VvMs7cBQvj5tVAASGF1hfp18LK9QzwpJCtVqAn9mACxa,272804426,,,0,0
2024-06-19T16:45:51.882Z,zrBT6n4rEh5TcCVT1su2UWqWmt4mSPes3DYTafSSFrooTmMTNyrKZ4SM5DvyxWKfLsUuvNDGBKMYtZj3HKk1Uhv,272804426,,,0,0
2024-06-19T16:45:51.872Z,25E1ujXcbaeCZZcpGue5s9PtZ7wiaXQcNm5brtYxz5wXhtRGvCktKYq7SknpMDCf2y8y8JG1vQETyyDPLhiT52si,272804426,,,0,0
2024-06-19T16:45:51.878Z,4YHvZpC2UuSoPZtUw8MPTuSRwvmEFGrLpQxUkH1WSXZtNjN4hqmN7tEpHEjQRAX1peNydZt6ofZ1PebSmU7CPxWZ,272804426,,,0,0
2024-06-19T16:45:51.885Z,nx6JYbTYdqB2mKZdNXRnEEWiR5yJBK6QyTHVvxf3ZcaTgzU5ECizRuWRYhGRxyEnnv8ZJzoSRNSN72NjVYZU1Bj,272804426,,,0,0
2024-06-19T16:45:51.887Z,2WWRKigJWPa37qqQG3rmFHPW6MtkTZp7HMajtw4VwK4iNoLpQw7PUMdHgUQ6QPyxm2pMUhko8VrbQcRdcusWC51v,272804426,,,0,0
2024-06-19T16:45:51.890Z,4wQdbhN4EUWMKurhDKJsSRZZBN2L4H8GNTrGZJHiyGzdi1yx4QTH3XU2bbFfWpXacDHeZ3BjaXzLooXju7XCBzRG,272804426,,,0,0
2024-06-19T16:45:51.894Z,2itsySYJQ2zoev16Bi8kBJ9t7JRg1vxNwRaXBKsyFphmM8i3BkwVvLgN4CnTnATvC9fPFUp7xgBMQEN6DsovahWT,272804426,,,0,0
2024-06-19T16:45:51.892Z,Rmng4EyxQeHwAtKJnkZctaEGAD3CBHVqYZ8TKLXuBKTKDP3S7FAsoRriknPFQ7E4Ckv9A89hAxPWrAwhdVj5T8E,272804426,,,0,0
2024-06-19T16:45:51.893Z,3U5CSPZgvLM3rF4GymyJgqbVSCyxvtoSC2sRvXcjEmsBwqEu6A2s3c1KYdWDniKokXcCPZPzHuKSDUuUS8mQQgbA,272804426,,,0,0
2024-06-19T16:45:51.897Z,4w8fBut4m6LA1bg12GCKh6efp3A8Tk4RPkM6Vx2NKWmrXTR5xdoHxoEqbtRQvvNQJxhqH54Dt7na9W1dvXKn1ga6,272804426,,,0,0
2024-06-19T16:45:51.898Z,4qpH8HPx7gq7SNDa6SrUPUm6PdV47n2z54wTyQSE13jnBQP1DFYergnJN42WXMcdo2Nrxh92T2W3jNPBEKhY6M7d,272804426,,,0,0
2024-06-19T16:45:51.895Z,tmgqJdcSJQsww8EL1YDMjmUw37NXkRQofRag2gjHexdnCwdxiif5VKZkjfaW4bFJnZCAFxtuvPTj1YohzzK6d69,272804426,,,0,0
2024-06-19T16:45:51.902Z,3a6DWdBzhr96wGhNDoXfY39v9ABE6bEGNHZXngnqeHGXNvUTvE7m7ShwdLowRprfG1jYF3StSjxmMNASnWn3Dg3z,272804426,,,0,0
2024-06-19T16:45:51.907Z,38XnbbkEdqUrsisiBykT9WLaGHMzD2WtvQfpvTQiEwvwyf9MUfqCMZCVNnUxjKLLaaHSstfzTCmvggZiiRrRHDd9,272804426,,,0,0
2024-06-19T16:45:51.905Z,4X2zLMkC8KCYjYGqWfxTS61PGEcsZb6vVzGYmwp9B8TVd3rWfLv28KdkMNxnX9BkbWKfVbJb7472d1wVBzeZZT5L,272804426,,,0,0
2024-06-19T16:45:51.909Z,243Cz3Bb1cfto2degKpW8PbaWeW1zXeWbDmXRPUkspQN7tPpPnQG8rRFemrjgAentAFSVjwUseWMmEgMX6er8sii,272804426,,,0,0
2024-06-19T16:45:51.910Z,4YdxMcvgLKjcKprXgYqndZ5smdGy2boD6KFRLMRNPjfCsUCtF6x6odUMuBKUdeNmVdLxe2sqy4czYeDP942gCFeg,272804426,,,0,0
2024-06-19T16:45:51.912Z,2duGfV2xohvhSPibFVTEDkkoh3vhMUWSuGJmwqLmoc5ZWpYkdSnAWd8ERstWUgPkbbBFa5saw2x2VFANS1V5ULNh,272804426,,,0,0
2024-06-19T16:45:51.904Z,22vaBAZe8hnN2YB8XdTsea1Fmp41zqGhMZZcqoxCEFAwRghaDpkFYyARwj6TEYZzpLCx4FB7v9WzoDDgNXa8mBHK,272804426,,,0,0
2024-06-19T16:45:51.914Z,3txbtp7iggRXMCvS4KproTkGHdrGYuzszq4N5MwWMnUsr4ugUdCTrMmQYZLzHcs5cUqkrBYa3qGWFmk81V95n7ko,272804426,,,0,0
2024-06-19T16:45:51.920Z,4NmxCCzdaSjq7f9rQfgATbjKF7NeTLeUXccyCLbqgPKzWVdR3LqQPtzbxrSVFK6tdCQHotzfCXhGdNaW4uBm2nPG,272804426,,,0,0
2024-06-19T16:45:51.922Z,5SmVBqj75Dh7RNK9fkRfNUhC6JYXSay1hJWJRrFRb9ECvqMnFoX66tgLBkCAKDyj4yL6gzVeUzgsZnrn5VLRtDJa,272804426,,,0,0
2024-06-19T16:45:51.916Z,rJyuyMBPmmLsogiFW6sGrsfWFQ13ZdvSLv97pXwPdjbU2Axm2DHs7ktQ2ywas8PcmHU2xZwHWVbmAr5Q3xfyqD9,272804426,,,0,0
2024-06-19T16:45:51.918Z,4QemyFXUh19NqQyiaLYXPLJw3r1YiUhQeXfNrvNc1Fwg9y3U5ootcBePWvNc7bQ2hhDtuDzB6cR89cCQ2LwqthQz,272804426,,,0,0
2024-06-19T16:45:51.925Z,5Pj4FNb8DHomDrFYQDK3qxZWk9d3GgSm13Rb7fpwMMyvMe5WjudtnisBV6AQtdrYJwRaagG4S3HA61LGfGm1DHjj,272804426,,,0,0
2024-06-19T16:45:51.926Z,4aBHfdbs9KmXz5UcUA22HF1dx9tKjo9hdrd4kBWN6a9vtd1BYWRn9fyJzTSkSmX4WwSnezVUsiH47NzY8RBE3bZf,272804426,,,0,0
2024-06-19T16:45:51.923Z,xFgk6RFTsTioQUGn8ZWDvFJ3mSLX88viMwzCz8RqC6byDYeMdia9TCXrrmaQjuFYapbToyNNyn6E14uaja5KbRb,272804426,,,0,0
2024-06-19T16:45:51.929Z,3WnvEF9C7DjwS3KWPw678uJcF8XVYazwqqUcpCDNZTzfeg64PE6Zjp1gtoUKiJkoGozsY7s6m3WWfktV5Fzmrziu,272804426,,,0,0
2024-06-19T16:45:51.932Z,5q3Yo7oXxgDugrK1ea7Cbqos57r4EmqMv6qQVDdwHxiRTijRThXqH8Kj5h39ZsVSkx7txEQuWVUoDw7EwNHTN9k4,272804426,,,0,0
2024-06-19T16:45:51.937Z,5Dji6bx5xs1p2x7SSmSWnqT79ScTbUFVXojVF7YHxee5R8TnWNP1LmGq6C3FHoEhLjPYFQwRuoBMCNMZUJ6zn3ZE,272804426,,,0,0
2024-06-19T16:45:51.928Z,3uNkqzJYaH8gCKAabMtagqRMyLSCRRb8C6Wj2VU9hPDxYVCop6R6qujBmjTZY3hztcfUrBHYF4KtGQLuPmLu4AAW,272804426,,,0,0
2024-06-19T16:45:51.939Z,3rNXeZVqeHvNyEN1m3UzpQo3hkCj7N9sTWBBkTMwMQR1ogFCNBkkKwfDjnmu6bSuCCZkPVQtopo2zg6FXbFs9guY,272804426,,,0,0
2024-06-19T16:45:51.935Z,4yixPJ6qJaie3KntBB94kRPVtGCH15djE22KejUtZyUu4z8H49DNehtWZAazFRH1AgRcoBkqGy8aoY9b9usosjmr,272804426,,,0,0
2024-06-19T16:45:51.944Z,3VXHR7LJFfCbFUGdhyc6xx3Rzbfdy6S5b6sSo6ZSbAiRkUu4dwMgVkJyNqXsSyBkWM7u6CWaxT3X66csXuHqM4xC,272804426,,,0,0
2024-06-19T16:45:51.931Z,4X9RRy5gdM6usBpyXF6w11R1d5GRZ3KhBe5Zc9gUyw2Ytt6Rr5HKcroG8LdNmCgVJbnKsx2S6pRSYRpUhnC6uVoX,272804426,,,0,0
2024-06-19T16:45:51.942Z,EQvdbe5FC8B7WAVobNvowgd3LXNqgALY8jmp1RjGopqmjBKLfvvJraMRuVG4tsR6VeqZXL5qtocMZVnKBp8Mq98,272804426,,,0,0
2024-06-19T16:45:51.947Z,2AY3pb3zy2utC37FtFZjviGth6aKJFdVrPPexKBhakqs1FxCM3p9oMnCfW8QksewuZZK83Le5XDmBYnp8zEULAn7,272804426,,,0,0
2024-06-19T16:45:51.954Z,28vE2uronjFMchw8Sj7Ffis414HXy4fPrxUrAPsxPaUN5XXpKmZ7GJtioDS5MdcHPJ8etJ95gAWPFW7CUxX5j7wg,272804426,,,0,0
2024-06-19T16:45:51.948Z,2S9TYXzJx9pKVTBuLf3sLiDUeAc186EyNtqsrygYL6QyUxfFbooM9LvTmBmzN4J72bwyfHpEkkm8CQUe6X3T5nrS,272804426,,,0,0
2024-06-19T16:45:51.950Z,5tsqiVdB4DiZd7mVFoeMdCsxGJH5yibQeXzEXHD3AscUDPAg8XYvQn75edCFRU7bmqp1xrdCGvRDutc42XJwf6iR,272804426,,,0,0
2024-06-19T16:45:51.958Z,4nQ4DJRf8HMuZ6VYo9WUErFk2UbNNgnhzpTAwiAWRDo9EdapcTo6FR2m6iZeeMDApevjQTgXgf5LYvjn58yzSwnC,272804426,,,0,0
2024-06-19T16:45:51.962Z,4HegSEoNqyGoCE8kaAHQmSvn5tUG6UGX8eNnpHQ7gJKnCjqQTaWdKQdmGDBeZWMNdWcpHCpo8rCnCGN556nqnrff,272804426,,,0,0
2024-06-19T16:45:51.963Z,1mQbiMDhnjeTriwiPrd966fFH9TxQC8odeFARL6sFZsRyChw2qYWF7zwjhN4sDYWeBqgqKi2JTyqsYTNccTMRX4,272804426,,,0,0
2024-06-19T16:45:51.960Z,5Ug88LsxsHgWai8DSx9Unqrox4kXfxtt3PANcjWkLPAvTPaBDp7KwfXgxxVFGWjE72ttqkvqf7ETauoJ41Jd2LDR,272804426,,,0,0
2024-06-19T16:45:51.956Z,5h2DhW65Mi8F31tVHwGd98822jBNQSpbxan2fGvgwJ6FAXFVbmorRMKg5auDTLv53JzWA7y9JLvcxm9y38mpQVrv,272804426,,,0,0
2024-06-19T16:45:51.969Z,2cyYiV3VWjyq4xFKymqZzNRtUmj8mVdViBupbvxyFxJ2MyXR9fDZA61z9kgXZ2tYPPzQqeCzTjAtc1gtzbZooVD,272804426,,,0,0
2024-06-19T16:45:51.965Z,bHWuD7z6aexc9h8g7M241JsP4A4f8DJKLRSV3D67Ks8GYwLoiQxoqpSceJEvCUytbWFUj8MXuioHreuuRXHcGtb,272804426,,,0,0
2024-06-19T16:45:51.967Z,2shMhBgmdLUUuiNK7GCReZkeVb2nhDr8HnxybWEWtbZz9Tob9a4DogUaT6UY7vTJmjQUJhm7YaptKse8hKFSJfYm,272804426,,,0,0
2024-06-19T16:45:51.972Z,2wqUVP3shjLxhNrUtFBbvxoVSNBfsW9JQxwaCpnX3SpFjNWfWHsEjxiWATJw1Gq4z8gq4B3cGRiGuiUDvDxUWXy4,272804426,,,0,0
2024-06-19T16:45:51.971Z,nd4uf39qgVfuzrBfPAvGWJ9eGvNr7jniwnrV2bryEjzCZYu9xh1BhQLJ2NoJQtVX9kV8CbT19dA9dTrga3W37mK,272804426,,,0,0
2024-06-19T16:45:51.974Z,3LQL7ax4fzmSNHUhFActzXmporS5yMksDnL84mWbLu7TYCKSFoz8L6A7GpoS51e7yNPcqcJi4g4X6HYF9HPCPQ54,272804426,,,0,0
2024-06-19T16:45:51.977Z,3tponViPd12LP6EQ6KSdWQLmqRAhDR7UXPgkwAVwVWx7vtF3dJKJ59dykBzu3itJATncvq4PVsCJQFtVEaCjBkKS,272804426,,,0,0
2024-06-19T16:45:51.979Z,5eh6akU5nRyznS49nx6ivS5UfoVJhPVBvXdUcoTuCtzFqbRQ23JLvevsKUusaF7QHvpzJQP4dN4WGNdy3nUzS3Pk,272804426,,,0,0
2024-06-19T16:45:51.981Z,39s3vyxXBpszk6tiu5bB9YggQeSw4XcYfeuREcstE1UEp4E8FEzEMU7AjMtGZhikBb3Wfp4b73PKNXtj8VPzXD4h,272804426,,,0,0
2024-06-19T16:45:51.978Z,5W5LMQN5xqwi4RcFySz3U2qmY5e7Ym3mATBKJf5D9GMJJMkFEd3Ur59fQWD9gbLrGxHsxbWxWmjWzxHqiih23tSC,272804426,,,0,0
2024-06-19T16:45:51.985Z,5StFe7fUpcyJSP6cDJWuhR84cfeynk1i62WsBUPAzHbbQUyRDhHv77CDzGGkhfxBPTv8jjNRGAXXq4HLd8oEALfE,272804426,,,0,0
2024-06-19T16:45:51.975Z,4n1KLC6Aj11SW2tLZgTPLmwDN3h23EtX2u1xA6JTcF3vx1pkDmHZubd4zcJ3TQT8pePvPQX61dQSNmmMhru1sN7k,272804426,,,0,0
2024-06-19T16:45:51.987Z,5efTvdeCMf4h3XLmSd4af9xxKBDn25AabiYMWvSMQfHa49knM42u7CbDWaWTvYXZHbQNRZ64RaxkLwsgSEpezyXA,272804426,,,0,0
2024-06-19T16:45:51.984Z,MEZRMEsThebwzENd6HTMfhp1nrHnsKT2rwQoNSH84azgzfuoyyB4s4jQSNipYwdvzUVAx1nn5BVVe3xGCjfpCda,272804426,,,0,0
2024-06-19T16:45:51.994Z,2ntpQi5r5hTMp4zgTroKTJDN33r4bBuYxLVLGiwqW8bSnDPbu5xWguJBqr7xAap5jqjNizAGiidtTomn1xvfXJ48,272804426,,,0,0
2024-06-19T16:45:51.990Z,5LwTV6inkkgo7jyoYGG7kQhFBCTNkLuCoD6XE3VXtwfBbc9kVV1wWDob5H5L84LwDnhjJeZkSGbFVQ6FsyKkknqq,272804426,,,0,0
2024-06-19T16:45:51.996Z,3Ph52XDBZBRLMBfSeZSgfHL5MjBd6Pg5FoeR9tUTe6JVYb7AAzAgRdybQNJwVswsonGeSXfSkBHuzPLCdbNTuHeA,272804426,,,0,0
2024-06-19T16:45:52.000Z,5zx2EjrUPhoWCG1XmpGwAs5zJ9sB9aQPqPf2vXpiAiMhJMiPaKfMSKF8JNTJhRQVK9TZAX8mF6MfMMoaqi9DEbUK,272804426,,,0,0
2024-06-19T16:45:51.991Z,5WFymvdpTQ2Q9td7NakHPmiFNYQMYqFmGqNLYA1B6BbxT85STq91GcUP9dvyxXzruquEijV2w8eY3Kpdd7UGk345,272804426,,,0,0
2024-06-19T16:45:51.995Z,29CYWgFzF9AZUZC38rfugjnRX9rc82uLgCnFnT3d7BxUSKAXeD3rsZxAsUWEGet42w2Pc4nQwevgps92yJyt2gko,272804426,,,0,0
2024-06-19T16:45:52.004Z,2Dxh8kEKVzYpGCGPkToGFuHFinBsDpAoPUDWF51X6Zh3uApSf5i1tgWB5aqTDEfAW5Qd2LJGM57KYxRd3FBxXVnC,272804426,,,0,0
2024-06-19T16:45:52.003Z,3dvhdDj2rx4ee7t9gyipw5HxCrvdmfR43ZBu7jvKa1f4jdvXWcQsfTJP1K6pmZghq4SARsTDW9FJUUDWgp81cZib,272804426,,,0,0
2024-06-19T16:45:52.005Z,4p5xuFoUgc9ei26Lx2eBBY4cas9VT5Xr3cgPvXibVrnHqRbMct7qXSZa4RwqjBPBN37Eu6yEAitk9J4vyMynkmi8,272804426,,,0,0
2024-06-19T16:45:52.001Z,UGHFry99qeUxbrUKa7SmSBApkevVVCP6gE7g2gSwqSSA2dAwY9bbcyQsDL6UTHZMRqJTQAVvJhL6zTBw9VjT2p7,272804426,,,0,0
2024-06-19T16:45:52.009Z,3GD6MGmP5mA2PwUrJLk8gtF5UiJcwNcPoFXqZD9cQyFaZmdZKLNvu8Gzv4eDdvr1anrnYepBMqvYxrTsnCyUKFL4,272804426,,,0,0
2024-06-19T16:45:52.007Z,ui8oxjynVw9kBvzMEJWXGzrYiocPLC2Pqm9yTKfYsTDv4rcd8H1zgH4azY1DtipAceNprYU1qx9hwCniKRTL4mC,272804426,,,0,0
2024-06-19T16:45:52.012Z,5TL8nSH1r7Pr4X2BVRZZUYW5mhe7oYwriYbF8B1cCTMRCbash5SovQUxUDeiLRip5qpYiKjH6W9sziMmh378Q9ex,272804426,,,0,0
2024-06-19T16:45:52.014Z,2xZs37wD91CfXeZguqKB4RVerfKPFxeRthXBjjzMSpZ42YBnmdHEDo9diSuUgAUUeozS33isDeBjdjva4fk8USJg,272804426,,,0,0
2024-06-19T16:45:52.013Z,2kfP6GGKrg6u3zJ3AdnwXi4i9jUixvLEAxBPigvuT1jv17nbYorxKh5u3eCQ8JxCNSDK15apDuCmJcsz1AcKtmCU,272804426,,,0,0
2024-06-19T16:45:52.022Z,5gDQzJAmC1ah1YYLrsngeiEZ9XCESAvdMBMUWyWzsmYNSWWPrUmEGUaiRKu8vRNRGjeZUkpwUkyDHpPzLHAq9LcG,272804426,,,0,0
2024-06-19T16:45:52.010Z,aWctoLvBN3N7vWedWPestGGKbUzP8FhjRJx88ahK3Y6UkiKwHnEXTW5iHLiaKLaqvjNuoYtMSHmrF61vcue1qF6,272804426,,,0,0
2024-06-19T16:45:52.016Z,3YNJaasGopFNicoezKsqWkMpZeb9K3vWspkQK4dcyUeUVgtrLKoEyMe4Yifb3VxF9MKq7H62G4fyhyG81K1zyCfH,272804426,,,0,0
2024-06-19T16:45:52.030Z,dHDKKH1aayEKWmL5RaskYRXniVcD8SKyPr3M7fAFQ7L1cukeKes4AaVzP6yZtE9AyQjGQT5fRwTsRVbDeCmYvyg,272804426,,,0,0
2024-06-19T16:45:52.023Z,4etoeMM7wzv2irhQfE64m53nGEEHnYtjq6ThqAgNiEm4oSdMCAoaR3MuaBmt8n7a186Xx3sWuETqK1tmJP8ECGcW,272804426,,,0,0
2024-06-19T16:45:52.027Z,5uLTPd2cQjXhJB8AqMb9Srr8rDwYiah62V8BmYKjjm7TWYkxuAqcMvgezK4A1Evh1XpTegBVpbz5xkVMrz73C3VA,272804426,,,0,0
2024-06-19T16:45:52.039Z,2feXfn6gMviCqEEigRBxPJU7fjNKGqzVj4FXcTGt9EnSyaZby8CBXMzuKpyigzWmyenDL2388ZMHgytznCb8jDkV,272804426,,,0,0
2024-06-19T16:45:52.035Z,656qDL6v5B2gu99EhvAGVfYfQXraAiFXBkKFcoeDQdZAiCAfcBf421S49uASFQUwJF8iotLiT12oUWXAXUNgv3vc,272804426,,,0,0
2024-06-19T16:45:52.043Z,2HotGYe9YSDN5bwMjuDKKf4rMuXDRqYYuNqnjfUVPhHskxFc7TDd9Rgm1KC8zUNryFAhhLSCCRFTqPqR4jWftJhQ,272804426,,,0,0
2024-06-19T16:45:52.031Z,3CbzZgMGr8EiQqm8KcAEEtvBenNg1PXSccZF4sLkqkF5T3fGQZZmCfPW4YiUD8CHWyCJnsk4LqweUP1RLmNjKpLE,272804426,,,0,0
2024-06-19T16:45:52.045Z,3w3BBzQhZVJizwRQHhhY6ZemkbJLaryedYp7uKhdBs6xeDg85SGmWFx9DvkwBubtzSmSiKr2nnneZibb2PX68sbf,272804426,,,0,0
2024-06-19T16:45:52.053Z,7DkNVYWRi79JNaAtsNZ2ykT8ycghRgEBZx7TZhhjXq2yN6dnMxpAZzrCCerCxx4W2LdTXsHwSCcBwSScd4tMLap,272804426,,,0,0
2024-06-19T16:45:52.048Z,4y8LamZesjhpahrSt242x88PikCZ1Br3ALp8jFDziL4oBWdTnHSt2HQnrt5m8uDqQD5ZdVYdw9qgMzCE2SUo8jGi,272804426,,,0,0
2024-06-19T16:45:52.060Z,3FcHdpF8AFPHo3Hqu19K1PWiHaUoohJCRcUJhzVc23FGGwgwjjVZTenBVDhMT7un3G4vQFk7i1cehJYmwYfi2jyt,272804426,,,0,0
2024-06-19T16:45:52.056Z,49SN6PTJKsNfiN9PWquNyPRSCtYFbBX1TrfFLE8pqKgoVcYWijaMMhBxeZiyfoxwWdeTkdGams54mypdtcb5pZR4,272804426,,,0,0
2024-06-19T16:45:52.065Z,5jtp1dHaRfwoge5wR4p9w1Kj5oXA8obvXNbJQMnx5n9wi7FQpWRZt7cij1pXG2Ugu3z3o1bTo5gUskhHj7qUT5FC,272804426,,,0,0
2024-06-19T16:45:52.051Z,SoBrLX7nt9hRedkVJYntpjm9ZAfw7G9n7pcEGwCLyizxzU4Gb7XZWBseGwem5Fhtd9TygGvEgLWNNEES4qw8zFb,272804426,,,0,0
2024-06-19T16:45:52.068Z,2jELQcszJkRpKZkDGE3XpkwgdjBnWtQPud5KXAR7z6Yj4o81MF2sXA9S54cVdVzMff9ESjuR5Zmf5cb9Ht9Jd7bE,272804426,,,0,0
2024-06-19T16:45:52.063Z,4ef5DMLnuy9Q8rDYxKfg133bE4y61LipJSPYBmy8ST3zCgqa5EYGZYxua25mehFntNtUge9PdE9dtRmcXQd2eKBf,272804426,,,0,0
2024-06-19T16:45:52.073Z,cyrAAKRrhtYBMX3qQDgEyFT8DXEC1Uk54bEFgtZhwmS77CBpETTnGzGXdc9nHtKAFCmKNV43RT2tnSAAGHtEh9f,272804426,,,0,0
2024-06-19T16:45:52.076Z,4bkqpTny42BRR1mTJ4aDeGYiuNQGjh5UyUccquZ1LGpXqCY2Y4KKAy3vzixZ6hrBuWZd3UsRUDSFLFnQZkifJPix,272804426,,,0,0
2024-06-19T16:45:52.070Z,5UScC15MwC94zvzhutAuwmUy87QnTXf1dVWnC3Ngaz7nudhzBo8RBKbCTQSvqvamyectAdSukvKskQf8KsXAiqTo,272804426,,,0,0
2024-06-19T16:45:52.082Z,5PYWaWKPiJjFBpHAdB9NmpCtxYTc83S5VDe6wY7jAjD9kjuwB1WeKyKyGXZkpTFdbmtnJMz2AiEZ6ZbfApEPD2Az,272804426,,,0,0
2024-06-19T16:45:52.079Z,4tHjZ3L649zBeavAnKjUNZK42aupeseJokWnJEcsn6iDCtVBz9VxwdNVs3zfEcEnR9JkHnY3PMP3pYQxfeaHkbox,272804426,,,0,0
2024-06-19T16:45:52.085Z,4n3j48tuew79VXwPBCvHAA8ST7P4ozHJi8YsoCTagCbz7sPv26Lk7DqC7ELxaeuQ912cGG8msoe78CEf6z1Q6XkV,272804426,,,0,0
2024-06-19T16:45:52.087Z,32hwp8PEkhWMPCEuubPXHm7YPMtJ34LWHp6MrqAXe6T8ASPndxUDpKWWo6dPwuxryW8m91sBz56Yfhoz9uEhqfsz,272804426,,,0,0
2024-06-19T16:45:52.090Z,64hR8o9A1LBK4pxcq1ciiGzDfxMyXXNYp43xrPQzmYsYPhtTa5Crp5gPWsiR8V4kvfTNMX5kJA7SX63FaYJ1AVkE,272804426,,,0,0
2024-06-19T16:45:52.097Z,cmigTcHxtbs6JZsV1tqu8jizK533pQQWE5Z66ZNkc9jkp7vnH8CWCZw8uqSPvtrtW3CmoQtTPAAqMzpBz9uL69H,272804426,,,0,0
2024-06-19T16:45:52.100Z,5e5Knu6A3borY9wTkZGs2xdDnF13XPgrbTRNsH6BtLga9dh6ZGoZKbDhQMKZrcfeh6vNWcLRN9zyFanJXXys3ZjL,272804426,,,0,0
2024-06-19T16:45:52.095Z,3RaGKarfK8iK5VTfj7gzpcrw964aZRyByV5k9oAxnHSxNfNpHL17aqhg1bt7F91pvaMpPaVuSb6iEtpLpRZZyRe5,272804426,,,0,0
2024-06-19T16:45:52.093Z,3nv5gqQ7KKiuvgsGhEsVitHYtiCr1y7kjM2LxSPXwVAHE8QS3mNDXbyfeyNZbBVuoKqeKQ9sweV9aMK6MpmwiG53,272804426,,,0,0
2024-06-19T16:45:52.103Z,5KeFQVokqfeGA2DYnyiRY7bwXNaEjEJTkeuG8p8wJHgxbV3JYFhHWJiGFKHbbWcpfJRf8RmXMz8AUnuR6kUYJ9Pr,272804426,,,0,0
2024-06-19T16:45:52.108Z,5jGLVzp5CGqP53ZoXr1URct6FnLQddnE5p3eV5zYRAC1fK8HjVFwm9r5bUpk1TEgjbKWT8WtJsRRoBMNYcmc77FW,272804426,,,0,0
2024-06-19T16:45:52.106Z,3xNoD5h85T7uwRfon1NjHun2Q973j3X9n5jk7H45aKmRuQ1ZGr7aR8R6NzmnbLwJHcPuthCr6Tbzud8zQVP9F5xJ,272804426,,,0,0
2024-06-19T16:45:52.115Z,3sw7RQxbZ5ncbyuMWWNNgaudHsEuN249pw9X966hWUVWPkW5CfmVoci8kzMDx7BRutPUEJdF7LFFcxxykUQAsLdv,272804426,,,0,0
2024-06-19T16:45:52.111Z,5AstfLsdumtVWqCLwYy3yHiefVgz1Fbj3V65smCQceQDSfSdZ6hfhXY7T7T4oS86un5CzRvCXSAJUnz3BiSvuVNA,272804426,,,0,0
2024-06-19T16:45:52.118Z,45rcXubj1tXciMHDFS3zUCG2dQaTZPqnuSRbemACRDqzarBynbFw31DL8DaWeuiExfs3By3HHLk3VnHrkrqTQeDd,272804426,,,0,0
2024-06-19T16:45:52.122Z,VgrQJvXziKHSDAGCkCN4SpJMCpqi7XV3e8fRzY3Bi126hF388ZvoBNNjtjNwJtT7pW2HFq9yYkZtUFQqN6Hoo5U,272804426,,,0,0
2024-06-19T16:45:52.120Z,2eGs1D8PbfV1a5DaSQnqV6RaCnwYxEhFjA6yPgS846Ud9q2ivVoQseuaVKGTogbrwDxAPcEgVLX5E5DVPJj2FRJN,272804426,,,0,0
2024-06-19T16:45:52.113Z,4YFnQhDjVanHTwPECVTqZAV67qJLUiLgDszRJo21WmpT2UbRsa9Sr7sYLhAqywMJUyGhuyL1oiKhZyrQXHoYcXp1,272804426,,,0,0
2024-06-19T16:45:52.125Z,3vkQJxdEgRpzEuh8swu6KuPemdPGcUa5c7ZK6MrWpcXoSAmBxLKtb9CJ1EAt9u5bjQFNTZSyLCqRSezZNH9TmkXs,272804426,,,0,0
2024-06-19T16:45:52.127Z,4XLrejQi45t8wvvR5DPJvBvAj6E8resARYy82az4CD3VmHgfHGQNSyGNYVmYkLiAzA1jbZoHsVB7WkQvLaLNtfWv,272804426,,,0,0
2024-06-19T16:45:52.132Z,5996rRY9TgiAexdhAxNhRgRL1FQ9aJciM4SDniaKkZfbvxqT7dgiXjyZBS7x8yC1CZzfwjK3TzmXEmxVZ7hscUPp,272804426,,,0,0
2024-06-19T16:45:52.128Z,43Zjeekmbj3GSZoZCq1iZNgf136b4srVYfE1VYiHpzwC4X9bXBGUpYwQwqGGGSvJJsNaiPP8RdMzKSMnhgaRiH3D,272804426,,,0,0
2024-06-19T16:45:52.134Z,qpiLES8rCMnHVDNLFwiFR6hvUaEbEwtwqXT2gjfqzmThgyJtqzAdbxWUK1GXwnryHdPebzSnpsScQGSXf8Q87DN,272804426,,,0,0
2024-06-19T16:45:52.130Z,VG3CK8Ra7N24YBpRGHSUJDdMjBKmw8Jpdfwc4SFCSpZUpVFhJWyncAQCgMStuWAsK6YWP9SRGPvozjLxq6dwU9c,272804426,,,0,0
2024-06-19T16:45:52.136Z,2JXBy8zdSroNL5x6sCLfZ3pxfpoBAHN8QR73pJ8eE4fqMbw9fpfiWWdhp66NPUU6tny9Z7kP1XkadVbwBm7vqTkE,272804426,,,0,0
2024-06-19T16:45:52.138Z,5ixTUqKdWw437eZetEdZzySTGshuzMFVQG5BmMja5GE2zSsVpKbbCy6Fzb9CAoRCZ5MH7hzysYWT9b2ENTrLQPGc,272804426,,,0,0
2024-06-19T16:45:52.140Z,yJXw5bBbYBQAcrUKcvj8ccN6DebZqy2Q1Sw8VRY5VbYSkSkh6UKHKjfwHAGgg7q6C5Gtugroph234FjjkzTvT5r,272804426,,,0,0
2024-06-19T16:45:52.143Z,4u1VWXfQgDFXoopQqoT8dwGUz6AwZDBAPK7ifwLngg6fdNrKTEziBhhUZgDnrhkCEWzwuT22RbhdzXwsWTFz17Sz,272804426,,,0,0
2024-06-19T16:45:52.146Z,3HhchQGb8gZ5X7r5xgEASybvuPz8xPYKRZ9BzvfEAkgaGPxobokxM3xYCMEQzj94UPvn9iwyUYFvQMYNJoNWJqtc,272804426,,,0,0
2024-06-19T16:45:52.141Z,24Z2vFG7a3v4YVMoeTuPFerBq6Q5JCKzSU9YqfSx6ttLeTzvVCd3PPujjfUh3gsFaW8mW42k9TMVoQtpnioWY4RC,272804426,,,0,0
2024-06-19T16:45:52.147Z,5hCRuXKx4eDhDBzKy2wNDB6AfrXqPQug5HGuc6B8w4sNULU6KPRTfiuepHC6qjnHG3TUUodUvg9oLTq64sRNE56,272804426,,,0,0
2024-06-19T16:45:52.145Z,4CrQrmhsVbhZtzg7LCP9j9FDgHXUkwErLJLReEUtFfD66nzwk643zFK59FnYigLcLqLnAi9xytsRTcwFfVrbPnC7,272804426,,,0,0
2024-06-19T16:45:52.152Z,ZUbsaBgzDezkmWwRmGPcAVeBfTbxjHdt2Vc3bw4A1SUiPtdsogg7g6fCteuUFssdYmVt2DwV3Wb4Adp9AWk8UYE,272804426,,,0,0
2024-06-19T16:45:52.150Z,5rjJFYaucCrMqRkXHRHY5gUKNb4dwLT3MgQKTXGSFW5K9KGmdT1yyeAdgfWXuEuUrXzw3VTPdbJNXfS2t69P4HYc,272804426,,,0,0
2024-06-19T16:45:52.154Z,4szHd7qjZygPwD8PC7nrbVQ2mhGuydgxzmvFcfW17mgnEPPzHVuiP4Fj2w16QLCHJrqvQEQXYirnXdBrRx62bbp,272804426,,,0,0
2024-06-19T16:45:52.156Z,4fwz2gHkBsjYXRGi2p9opPs6ZiQvtpJ6nNSHekD1YnPXAY2D96omEAMcvpjVkdaz1BRGWX8KTLKc5S1riLwhxMcs,272804426,,,0,0
2024-06-19T16:45:52.157Z,2tRaH4ppwcHKSHZEWRRdBfWx71qwjnm4aZ3bk2C1pSh1vXn3UcN6e2sZEoYZy7adXk1hFxnYGGGsN3N2MsMp5uEr,272804426,,,0,0
2024-06-19T16:45:52.161Z,4D5nWxPugYtTpq5ZFG8rgm497gx3bZagetwhE8FnoTAPiXJjBQiGRbJx7VGtL8x7ujpRSqWRn6zyCFA8tbZvfpYk,272804426,,,0,0
2024-06-19T16:45:52.162Z,W84F9UPCfn328S54wt4KuT3G15H4VCVHBoygvZ7hPrTBFFAcnkb9n5fMPhpm8Dm4sCAtVkGXCFsatECtMZp9Fds,272804426,,,0,0
2024-06-19T16:45:52.159Z,3Jdc9Q741kbh94bHADJAzY7BAcQ39dUJS5Uah9u3voWjPyzim2qwkBR8bnbK3UfY7PNktLo27u3PvT7KbAAQgN3r,272804426,,,0,0
2024-06-19T16:45:52.149Z,LY9dCAvRG9qwfrx7Rsog7uw4shs5vCLCoQB978bLbgCjLkfQsqWiFCX69tjoiy8SRp5wyHDao4XsaXoCSEYe22M,272804426,,,0,0
2024-06-19T16:45:52.163Z,62tCLyqMyTavvb9yLjTv7Ae8fZqnS8EStxXNaS3gzGX4SHKuWqC1CPR1HgoViS5FzpejCjkayD56VBviEkF7G3gy,272804426,,,0,0
2024-06-19T16:45:52.165Z,ocVoDQNiSpKKXpsxvBzYqitVtHZfkYHA8tNEzSXkjgnXPygkoNcQtUZfH9krQDB8aCvsaYcy6nTJUiuSBSHXW3w,272804426,,,0,0
2024-06-19T16:45:52.170Z,46vjS7JRHtTEiJCTbWeT16EZStv57AYhi9gQv6zd5fjLpVqpRovCqChHoQKWufMWRXg4dDJD8mKpR4qZsZXz8sez,272804426,,,0,0
2024-06-19T16:45:52.172Z,3Fi2PdGJZQhJRbpHnV2aHwQQd2vmvvEeT9pKu6vLBs1Ce5qvb6rY4BABpx3P1EUZbCTLHGGTBqqUUva2z9uEQEpd,272804426,,,0,0
2024-06-19T16:45:52.167Z,4AUauxtm3NwsJYQYYL1GWXhinJNFbHyxHAYqpkTAjZahJSXqotgwxJuW3NMR6CFsfDbpKLe7jysFBnnYfpeBsS6G,272804426,,,0,0
2024-06-19T16:45:52.175Z,3bazDe9TK7WFzaBV31GQ6VxeGgoQA8xAhV3Wz5Zn9jpSAg448LeFeSpC7J8Qbnb4eTHeUHmvEheTpSCTfBdLtgFr,272804426,,,0,0
2024-06-19T16:45:52.169Z,5c2cm35UH9Yu6uB6JGsmvEBfReKHaq4navVK1pCmdmHyibQ3LGxQo3P2jmRSq8uTidPaqJesqt2HkYGunJKTaciC,272804426,,,0,0
2024-06-19T16:45:52.177Z,2P7kYjQ1sjWtW3n47XdBsrR5PGMjAjCarXf5mUp1W1HDU1EyMXFUFwbrcehJXEFZPt5w4bJYLydakWZxRkXWVywu,272804426,,,0,0
2024-06-19T16:45:52.174Z,3Dqo5XKssRQnuKPDkiZFK1Bbmv7NmifqpvKGuBx9gcDVMVKcvaZCCWoKxfXYKwQhNGHY7WDSnjNKCrcb4QLJ3keP,272804426,,,0,0
2024-06-19T16:45:52.178Z,5o3ZyQx1cqQZL99p413tZEqY16Bvc3K4iZXF7DDZchpTKG3F7tpn7PnEm1mD3q8BUM5dqWEKD7v1cBsZWiF2NgHR,272804426,,,0,0
2024-06-19T16:45:52.179Z,3G1caLsT6QboVgY3BxHJwRV8zLyxG2yvVvwoHEeGBHwZFCLBmbTiBqcj9Be4fdSzFZn7VCs6E2to4pQfKZqKGAKz,272804426,,,0,0
2024-06-19T16:45:52.185Z,2Xo7RCJ6CfpKJV78xVSufEhJUQ7KnXsP11g5PJ2N4HJgBHUy5SqKAKH34KTkCm2ryYvRd6zG9pnGqiiPjxbHViJC,272804426,,,0,0
2024-06-19T16:45:52.180Z,4Bu38teu73LRSw2wcRfM9inz2TwUwVfeg9rBT7sKxoHKj9BcuSmn77tuEXabcYsrLM94T3GJvQ28KWFAFZ2VqKjR,272804426,,,0,0
2024-06-19T16:45:52.188Z,5Jf2b4K5eCmy34RBbywkynL2RH1MALAn18Gn647GYPBMWtPxZNoTiUA8C99iF1p6SjLTTrq5o56jjAvJXktPaPWz,272804426,,,0,0
2024-06-19T16:45:52.189Z,4uZJA2HDAvNDgzVTtmCDUaR5HB3s79QgDkvMpCkLaJEUkhHase8bdmBmnmbAVEwGtTg48vHzy67bHKiWDo4cRLJm,272804426,,,0,0
2024-06-19T16:45:52.183Z,9uhKkYKoVJxmTDEGqqh9dDzdCxFcVwSwWBAdjnwMQe95t9Mt7CzCcRiaeVTiopLusZjGtVLqfr9QEE36Q221peK,272804426,,,0,0
2024-06-19T16:45:52.192Z,21cR84thaxL5vH78gEBAGGzLbaiT8V8hV3UsyaR9py4pYDwF9PsdvGmnEb3nm4XNYQamLB9tH4tN81LTSh428B5s,272804426,,,0,0
2024-06-19T16:45:52.196Z,4tJAsJfYggs2uTcdMJT1Y1TuCmEPkrr1xmPLfBz8hxegGq5ShqKLjnfvvwwJohw5y3qzwwNH3XngrdEoA2AiDiR3,272804426,,,0,0
2024-06-19T16:45:52.191Z,5EQF87f5V6pbun7CvpwByX2LkRvVesyvTmDP4MYkrtWesZ71ADLK5xUF3oGKur3iQHAQ6F2bf86v7WkKvjjWLzcG,272804426,,,0,0
2024-06-19T16:45:52.193Z,66fLsbDh8He5HWsrTK1M6oYdpUgyMm31GHrFuZqxisn7czAqY8692zeXzj8zM1142yY5c8oQtTnV6J5uiWQeoqoy,272804426,,,0,0
2024-06-19T16:45:52.200Z,4cvQcEsqQMu53N1ghL8AfvsqaXBkHXqvUYoiPbhtbTXeKCbG5ccXAsMEKdietCJqnXQ3gSK1DuoTVFKwnpyLDHGL,272804426,,,0,0
2024-06-19T16:45:52.197Z,tQbHTPstFTQyMFQ4aWsyFFNGRe8j9LsgYycu4rZG5oMdw2sFP4hjyv7LoVHod8U87xznNn6C5wp3YynxEjfu1C9,272804426,,,0,0
2024-06-19T16:45:52.208Z,5C4fKmiGt5wzL5ZYVHHau4deb8FPEgLYWeSAXaLsfuLYMGCJEZ1qPADrxMZvxJ2UdKvrsaiVUn8Y6ao3tq9F6C6n,272804426,,,0,0
2024-06-19T16:45:52.204Z,3jHYaPMDyhay4FnridpLdMRoJtYgL9gWKr1UPWSTaMEqpfUHdvV7t9QpqXdJ8DiP4yf98igEU6398mEgvfjrVhjt,272804426,,,0,0
2024-06-19T16:45:52.207Z,Yxpr9F1PGA1dNLbKRvTb7p4TwD8JPoe2sgUx4Wf9NmbunkacgJY7ArMC9zNxgnwwySnrcxgu4Qb1tXytmh69NJr,272804426,,,0,0
2024-06-19T16:45:52.211Z,5kBkAuvRFCL5g2Kiup8yxuSszGU4rJv3UKeX72VBp1dAXhLqruAvs75jyGCJHpU3vMnHWFYSLM2wVMkTzH6Qh9CQ,272804426,,,0,0
2024-06-19T16:45:52.213Z,3mH6RspUipkGLnSnjjvp6pURcBjKH5BanQbsyHY6P8V283NHKf7LdGXnJc7yCt1FimNpagKqcrXHSG468cDvcH6c,272804426,,,0,0
2024-06-19T16:45:52.212Z,55ahCfHx2fph2XbvDEtirpcUjMMfdaH7iffoTTCf7kdFJoDKRF2grm5M1vc7zbHcFX3DefPvknBjedbnLa51mB39,272804426,,,0,0
2024-06-19T16:45:52.218Z,4S7Qxpyg6A3pGpdQ6BvAUNoiafrEUAGJQRR6imGQcrbGXgEzDixZP87DvTtuSDJjjPi36xWz23sWHTJS6jh72T99,272804426,,,0,0
2024-06-19T16:45:52.217Z,5onDnPjDFFRzpqLNozPhAcK9nhVWonmbJUmnaebqzMTAyU9LdtUXRbK1LrbhJ1a8DKR8vYzPMt1UrKiixPrgEqmx,272804426,,,0,0
2024-06-19T16:45:52.222Z,y3i1yyBCAjBY4XeiDAtdxzzCafAqHp7RpwNyYN5QZSQ2Fy2MNxpQqWQ6SbT2bbLdG7XxvF3gpR4CktXhQEByiEH,272804426,,,0,0
2024-06-19T16:45:52.215Z,qtB31ejp9EvS75KGLoDYwRJBN7v85RRFWxMZavbhgexaCy3ozMBzqRPhtvysYvwChny6CRXum9UJL7LQpH2pZSq,272804426,,,0,0
2024-06-19T16:45:52.223Z,29NAqMvtxv5stVvbGojp58EHs83uBbfEXmfC1vRjL3BP48Zn8g5Qzx6aAYWtJKkYAQiQteMzbi4o35oSx3tqHt7d,272804426,,,0,0
2024-06-19T16:45:52.225Z,5U9q2DtEqNZWaXp1v9SVgyzvQ6pzwSL9tzQ9Mk7niTZ1XbZcPt7Ps94JDmrpTsF2ekWxsPxcsG9LYhn31zbFsxzu,272804426,,,0,0
2024-06-19T16:45:52.229Z,UUYbkjW5XfzGoJgBh1NGHhhS7qSMzxxnGcYxoWLbyhpm4osFy5VmdjDPEFaxmwpyPQy4vPPeWm5bjSfKPEUYttd,272804426,,,0,0
2024-06-19T16:45:52.227Z,5auBSyvEXTNXvnEZB8dLz72WgebzHh9BEstaDWQsu1tgBzLzjBiUxDME2LBG36pxmBkdEZq4A5oD35V2dp3YCYY6,272804426,,,0,0
2024-06-19T16:45:52.235Z,3VvdG16vFRqKcZHFHkiasGsmdSZwRFjozSTRe8HAJfi1fsYtWxpseNNsBaPaYPPuzimkXS68RcVviLhmGMYpo4ai,272804426,,,0,0
2024-06-19T16:45:52.232Z,3GPzWTB2JHWKnW4PMefYsxvQFLKo5qKYc642xiaABSrV8Z29pPJxrwjG8qzceWfh5vN9zFQumHD64NY6fLM34xVP,272804426,,,0,0
2024-06-19T16:45:52.239Z,2uXz2dPYm6z3874BtGpdZJngFJxxoCQRn6UHghpqKQiN4XUP11jKHM4xwr75s8NEpLGytSfAdNMtWqjAQLVJnmus,272804426,,,0,0
2024-06-19T16:45:52.231Z,noxjCAEBVgonYnEkebiETFwgLy96HDeBNjzQY7jbK2NgaPiAR89v5my2pep4tLiiHZHYm6TcRoXjTtta7ya3GaG,272804426,,,0,0
2024-06-19T16:45:52.241Z,5TcbWCyzRod8BPkAHydxZCp5ue6Hzis79aPrtpgxfz7wZVfURAakt3CmvGdvNa4LYvyGye6oqQW42EhvH5Y7cV9H,272804426,,,0,0
2024-06-19T16:45:52.243Z,59K4PhUXyJsY9emymUiPTNAyDGj48totcyNuK1GwK7FYfw5xDPwfZWi3E4PVwtEU1snMbpD7UrSQWcKitixYDfSF,272804426,,,0,0
2024-06-19T16:45:52.246Z,3DLcdr79ni6aDT37xmAhYLJuBNvzpqiotvwZbjgKjVabqNwjPZCV4yE1AH9jqGYQUGZi5Ws1dJaVQW8pG8PNsPpn,272804426,,,0,0
2024-06-19T16:45:52.249Z,2pJeE43sSm7G7vKhZK7ryKjpbNAxLmRY1ij832qJ6dwUT2fnoXm2BjBbYziY4uGagEFUK12YDp4FjE3VqwVek2kR,272804426,,,0,0
2024-06-19T16:45:52.252Z,3ZxAQnCE7kb7MyotVj3cSbLAZ3tomqiA5HApSBcMcgnRizHGSacbijasRzygHwDJekBz9BnoFN62JPVM76MyVdna,272804426,,,0,0
2024-06-19T16:45:52.253Z,zUdzXZeYSGrRqNBcqpDxU8wiDG8TEqyp1qwmTM1iW1rFwuhN2WWEivYFmTQCvT5ozT2LCKjTFSs6pMDTiFUypgf,272804426,,,0,0
2024-06-19T16:45:52.237Z,5AseePB3yfpqiM8C9jwgcpmnPsxpTEv2SUcKtJqbvd17gCCybjaw8odyCs7NxtxbqaXhd2TZ74Auy6qwKFnkLUXf,272804426,,,0,0
2024-06-19T16:45:52.258Z,S4vvkTJBZnyYDHeESPFJEJfkARSL3wPcjTaYqhh5yAyUFrTDX7rJN7MNfUKmDSzWsq41Nxg28D8qxcu6JCbAw6i,272804426,,,0,0
2024-06-19T16:45:52.256Z,2W6i65R67hrbuSXBWZGFg9yjTHUfeyccZaEE7NEESj65MQcLhtCf68QakXiMHA1T6M3R2DXm1P3KhBC5TcbYwsxk,272804426,,,0,0
2024-06-19T16:45:52.263Z,3jWjsDJResuivNSF8HL6w5tzQMPSUj7fJ2SoaCJiXrQTP7nLR8teyqHwE5f7HaZ1RpsZM1gUcgCmrausKmP1b8m4,272804426,,,0,0
2024-06-19T16:45:52.266Z,3af7aDmiDVUPjLNDpYbN7Q27hWaq4w27pFFHw1Q6eDxRBkkVHLBtkmLdGQLiD8U4C4v4fP3vqQDRtiDiCSFfoFzU,272804426,,,0,0
2024-06-19T16:45:52.259Z,3vg6bspT9ZvU94BV5JgD2MRVjYYatMwDkarqsnfToEsrHRRzcX7DWLALJ6yjzTB2zrShYsJ6KQ4fhqtTEiQVnuWw,272804426,,,0,0
2024-06-19T16:45:52.269Z,4BDu8NcksEkjsjgEotcoco64BQLnjzpwFAc9y5ecVkm9cVR8Nnv72tLJzxW8b5NCt5qHiPYE6kBr3AGtyHA5vdNC,272804426,,,0,0
2024-06-19T16:45:52.261Z,3VwSHWuQTH58fd3rZvnSYdKVotb2QnmzSLXnyZTNa2f4FJ8oyEAWjHaYC8TQm1geeBDYhvgzDg7c5YVbh2kJkmDz,272804426,,,0,0
2024-06-19T16:45:52.275Z,25G3SZH41Yx4UbBM8ZyPakr3mJ5ogo47A1J3t4prBimASf5YiuEKFMKxHvS2EKXD4Gen3xyNwQL9qMpKEiLLEy2J,272804426,,,0,0
2024-06-19T16:45:52.272Z,3jovJ13Tp8VquxnsJNFPyn3LGGjnPq4wUbRHawdJBomZaF3azbww4UGa2zNttpp1qekNiKZ8c31mRGCJTEC1sNKK,272804426,,,0,0
2024-06-19T16:45:52.281Z,5NJ2f8vhzh87LQVJBLuKUSSNtTPiEQQtmFCxMBk7Nauvr7LcoYgxdRxxs8iDYe6KPKByk1EQ1pRGyr4dgQwwSkMm,272804427,,,0,0
2024-06-19T16:45:52.279Z,2DX8BSjwNAWxLrojBxYZK5QQLmZJd8MW4YkAx2UkiFVy9YKcYXJYWML4gphPLmnScejTNivYTQMz6L1Qi6iprAbN,272804427,,,0,0
2024-06-19T16:45:52.283Z,2CTgtv2m9d4x1mcBYyKR81a6MkhrjWx1DU42KQ2Z4w7MtdeqazkPHroyW8kxmYs6zPodTZQbqksSu88oxeZC6Ht4,272804427,,,0,0
2024-06-19T16:45:52.277Z,5haY4KYChmxbEeVhFosymM2VExtvvyHGZG4SNF4eKkGqyjN5c1pYTXZH2XQrVscbWWsycjzmYjamyPHTfWBk7WkF,272804426,,,0,0
2024-06-19T16:45:52.287Z,3ts3ehZJjqGSBVqhG8xwDKdr6y8gYfHCj1Bhu8SFP2c1MvkDsVNhFsGwH2kxjcLNnj39h7eUGCTYzSQrbPXvFxRZ,272804427,,,0,0
2024-06-19T16:45:52.285Z,2GSrAZFUGw1HB5wPGiG8eyz3D6iie2oJG9BT9dmskZYQNU5sp2VtzX7xnuVAmAWxEE9Y9C8HBDhncWdKBi3cmR1U,272804427,,,0,0
2024-06-19T16:45:52.294Z,3Qn4nGpFTsZyXpeWHSyVygpd6T5HectvbBpySwK4jDAiNybutN8aXH25J8GHMZ5uREPRiMg5MvEGuGRo8SafiSLM,272804427,,,0,0
2024-06-19T16:45:52.291Z,3byXGbJ5LKXkX6h6qt1WQWyV64s5GSzdcxmi7FrXXNVPmmkPu3f97m4c14nu4ZGhtgqEUKdXQGz3sfoybbUcHmSb,272804427,,,0,0
2024-06-19T16:45:52.297Z,3ra5UrSqtMjWxx83BMSiQKSLgkH4LEUARH8tKzDwZsN5szaB9NDFxZGUGjhUMcL29wESks58F1US3SdetPFgrBMy,272804427,,,0,0
2024-06-19T16:45:52.295Z,2rMwywVnNsC8exTdMfV3hg972KgwCor5QLeUuGSFUKcZ39YYYrxUEENx4Avw1esEHsKVMvTf72R642FBCBYmUiq7,272804427,,,0,0
2024-06-19T16:45:52.290Z,4PddM2o6XjP4AaoVBEnddspuYgqxrMEpnVqiTpcrtBz5bDiYtU1YQ11DERL3XmRptyXoH3WJCZYQXkPyCPW3nhmh,272804427,,,0,0
2024-06-19T16:45:52.298Z,PeaJjDx7V5hnoj82fKQkwtzBpbcW52ZfkoqhMikbpotPPBgGJ2ZcBpHSUxDj6r8FAwjZz2rCYB2EyY96quKpn29,272804427,,,0,0
2024-06-19T16:45:52.303Z,5pWv38sJwbqaqTmDNQfRHoKydDK4NtuP6othhgPtaw1Qwx5bgEkb3svT6PM8bvdAxfyUD9ruB4aqA2zELwETueDw,272804427,,,0,0
2024-06-19T16:45:52.305Z,2AnNsUeK8eMJ8XK2wmviUSt1PtX6uKKWRHKPj93jfopwVLtWJ8Aca1CyZ5PSsVqp9s3zK7ntj9uB5rGFrsQpbU8D,272804427,,,0,0
2024-06-19T16:45:52.307Z,516ddiw5cw36s8DWK9r8yLM1BFxTRWK7tEu313Ead5BbSHr7PcG18D7y7DBf9d9vcczqBPwrY9FzsTd8djG1z4NG,272804427,,,0,0
2024-06-19T16:45:52.310Z,QZGX1trFmjnu15K1fuudUmRMWmQ4yCNfyWsUunTbNShKSZwySwHPyJMA64dnihqPQN8sT5YfZ5eC3EEMTKLRvuW,272804427,,,0,0
2024-06-19T16:45:52.301Z,2Zinm62NXCkjcCX6JXn31fSjau8uPTvbcA4ujNrcZK2XU6ykxrjUuLKMAce6gQnt7CQKVW6MPRbPs29ouPaKs5LY,272804427,,,0,0
2024-06-19T16:45:52.316Z,3BDmm1zpnDD51YQ5cgvKQjLztYvduaM2yg2CM8pFPFTAkcjzRtHhLdiwaw4kXiRMFKLsmSTw9vNpsUtE67pF1GCj,272804427,,,0,0
2024-06-19T16:45:52.312Z,562XLKgduQAE5fAZM4hUNWe6AtibR5XEcRGnfGnoTv2tgNqmWntaxSdtW6xT3vge4rhiNTtezvhjkfgFMXb5xaWy,272804427,,,0,0
2024-06-19T16:45:52.320Z,rgfUfMeJiYPLMoUsfyEuNqdL2nfqLXraHNRwWAKo5Q8fbmrh5dbVmKwSxeSE7iZ9D6BHpsjuQFMGq4xA7TqMTmB,272804427,,,0,0
2024-06-19T16:45:52.314Z,5vfwuAuRmVunghFGzfETG3SecJhGGoyhCrB2Xb4XAYBgpUpQgYtGDWiVzPM1wKDq9vYt1hPvxrppfbCZuN4tNN7S,272804427,,,0,0
2024-06-19T16:45:52.325Z,2jVYPuQ2SEvbwCXHy87yxGuAz5jXiNYYu5zmJCLCJJiMdbhkkfw5a5uxw9fZjyco4cyzTipTJFWwX8gyS1xNv13X,272804427,,,0,0
2024-06-19T16:45:52.318Z,65Xy81yGFFjRQ8qq2crJLGNYDDPoJvZ93MrVjLUy13qzwUhgfY3BRgSDE78jcbUqxadmPkqyYAL71uxhzVeuRsQm,272804427,,,0,0
2024-06-19T16:45:52.327Z,5ranbkWmra9zdiB2EsaFMGy1KtvoEQHe5xRobdEdQbNtyLukChxwQvy5UAPQRV231EDcSoRsTSrc99fi86DyFX9D,272804427,,,0,0
2024-06-19T16:45:52.323Z,f6K7fW8ggKihqjLAT5wM5at5oCgtj88P7zgztS4FDRJtKcn1WZj8fDvLtQ7xCykGGGwwE2f5oevrgkDbv4ut6uw,272804427,,,0,0
2024-06-19T16:45:52.332Z,y2hFs297d7VXJ9FTKsy44nirSrWxh1Rx4bxD7QyQrJfdEXKX9gmhpuQksGqiCYNNVPyoUURjwq9NtNixcs21yCX,272804427,,,0,0
2024-06-19T16:45:52.335Z,5vxWN2aTL74jnkxYoCpR64FvGw78iQiGE7uqSvhMJdwj3rWSDvaEayChhK3vGCfEQVRXkfbJqRytHM1UW8C5RihS,272804427,,,0,0
2024-06-19T16:45:52.340Z,4PaCQMqbWJ2n8ead1BciRDJu1wZtjJDDrTdGEtf2HEQH4NbTsX4GCJ7HqN6wbrzWw9RtkBfgsGbwoDHeqiSki8A6,272804427,,,0,0
2024-06-19T16:45:52.337Z,4FseqN5uRa8zB7cuRZXBKvmzAwSTrMNiEMg1T3i5iB96ju8R4bQMLpVhSQtmHw5PN5jJPyQCxUDDTt4eAtEhXxHN,272804427,,,0,0
2024-06-19T16:45:52.344Z,2Ls3qKD32rESocYmc91cpEDNkYPkugjEbG2Y1DncK1RWNzX1nvo19ZCLsJM1AQbWzjctZ2iTjSmxAC1LyXJufiqE,272804427,,,0,0
2024-06-19T16:45:52.329Z,FSoT5rJA8wZXuffrtJRg8v8qwKBusjL73J8vimGkQhGkmhJUMtYCiFcMAbM1mLaSCXMDUDCvDX9RDq8Fp2VypxL,272804427,,,0,0
2024-06-19T16:45:52.347Z,46LSb22NoBcajoEXAgGCe8jvDEMXiMvG3abN88Y4zbWtp45pZPbxCc2MWDrEdDmF6swa6fUrvRwXueVkq6yZE3ww,272804427,,,0,0
2024-06-19T16:45:52.354Z,z1KbzydjfKAdAby9NhFWq4gQSmfmFVzu72cFiznrKXjhfiAHtKkmZJAqiS5eL5PKX3X9WQ2Sm6Bwy5QvH6Lxta2,272804427,,,0,0
2024-06-19T16:45:52.342Z,4mhhM9WJawBscUSpVCGriVeZNSkC6pWnPuegPu9AcNHTkwZ5dGQcm3c4pVM3AzRgX4iiQMGxeDFaMDUihDwCadZ,272804427,,,0,0
2024-06-19T16:45:52.350Z,3doPxRU1SAP7Mrt2Js7fTGHD8MZ7fz31YU3pvqXB3rwDL2PY5YmambzAzYdKfbyswBMKMfpRKbMA94an2Mo2BPv8,272804427,,,0,0
2024-06-19T16:45:52.363Z,5WjrXDCruNFEs6ycpn8i2oH7UGoHmN7Pujcjq6Ddn17eyj6ansie7s4VKLZovBZiiHXG5EGkfuEF1X7QgKNtKVTR,272804427,,,0,0
2024-06-19T16:45:52.366Z,3DcRVjREc12iQsEvBK3Tti6R6KGuk68Y488uDufK31yWT4hRaDfrUvkhyi4jSzJSk7cCciKvzQEeAHEuk7imS4nV,272804427,,,0,0
2024-06-19T16:45:52.357Z,5AKqmEDDpbrcvy1ovrBBC6zV9kdr19xHC8x1BwXKh4d2gs73uyd4rWeNcuLnGn5ttaMQofH7gjJHnBxBu5iaZbGh,272804427,,,0,0
2024-06-19T16:45:52.373Z,7qC21eWTyHii2TTwSg5vqo6ipVeLK6ozNyKEtbSxEPbWNdYtYY1VmkdmicShMaDJw5BzEX4DNojnKzP8t8S435q,272804427,,,0,0
2024-06-19T16:45:52.369Z,3GHrku8nNLEuuB1vUgLVxoa814qQqDzUAjHgksXvwqPKqm67cEH3zr9U7fe47jZqLSMG4iw8zydxDS6yozUESqo5,272804427,,,0,0
2024-06-19T16:45:52.378Z,4woGpnepz3hWQnDE7SDgxH2s2BW89Yg85HMQbWfwh7kfussPmVf4M6JicssSoAik8EQUhWpUxE6CECTLYMKe5RP3,272804427,,,0,0
2024-06-19T16:45:52.360Z,26f9H57zdXN8j1XFzwwhwgY5K1nuULi4sDbDL6WcjeZkSeKw9z7QFRPkn7TqAtB8smHPRJ6hAi1kzuXFKZ3o81Sg,272804427,,,0,0
2024-06-19T16:45:52.382Z,nTb4XCfNcFwphUkeyMBMedoHE8YBsttjj49RcsHWsBB1U5tLmuqUDz1pxpPzDg4SE8NYEFEpZCBuHhiggwdtS6j,272804427,,,0,0
2024-06-19T16:45:52.374Z,5EJCXe1oBLxaGENRMusLcbLgBtXki5LnHFJCAY31kCPTh1DNhP8q9JdXuLZzccdRejPtAcuozehRppQRC4GYeTmG,272804427,,,0,0
2024-06-19T16:45:52.381Z,5ZN41VfJqYFinD4Jf63CS6HVriRFchg22MUpjqp6iHLGQJmCAdUUNNcQjqaTNjwTgb4r97UuQzbHUfUv3sALYD1x,272804427,,,0,0
2024-06-19T16:45:52.386Z,37RGpHXq16dVAapEzsB3ny2Yhxehai7qVCPrSaDS7ddWaD5XoMjtTnvUnnyzoNCtynwgS2zgm18AWpDMMFZWHqoE,272804427,,,0,0
2024-06-19T16:45:52.390Z,5udYUNbpkQw3z2wD1dVTdLyaKxxNh61TtnxixsJFNoJBkuyXG7pvAQ6QkJ8GBjQAgeTdAX8Erp1NhqkmovfyRLTs,272804427,,,0,0
2024-06-19T16:45:52.388Z,SsGgB7ujn6zTFbLacWqbPyFaZd74SqmZUfN3mBgayqBJVmgxcJb4bfaanYKeAEVEkkPRJpFr8LChNeNKDKySd6i,272804427,,,0,0
2024-06-19T16:45:52.384Z,4Z5pqSjdgzNzqPskeicATmXXDewAp5ytiNxSYBTt3WU7Fyiy4HyUDngxdg6CxjdCQJW9B18T9SUyR8c7wZhjWdya,272804427,,,0,0
2024-06-19T16:45:52.395Z,2ZJtSCMpYv66TcQbARdfkafoigVok8X5HwGBcsozFCu1zXrdz6xHpAbmTxP2Ka68PLvS96PruJXBvDe27Z8tUboK,272804427,,,0,0
2024-06-19T16:45:52.392Z,3YFJ2arTsryLkoyBymwEB36E8c2jrtnZDMESMmpARXRa7pEZxZyNM9QcYPPM8LYtPcpScfjNgK7gsgNTdfGYtBg5,272804427,,,0,0
2024-06-19T16:45:52.398Z,3yBDZqixZabHYAWxCg96gQqkRDDzCCKDpUaxCpJ8PWmKPoYjXJCLbktVQrAxFRpcMksZGto7bMTAyeojTa3P7FdT,272804427,,,0,0
2024-06-19T16:45:52.397Z,4gA5stULUhGjbqcLUiPE3HFYH6SpsbQx8mQT3TTtk9ccmvMjJZu9jM7AnXvRFM8wkTL3vMkPPE7uzfLMUb5H3JSj,272804427,,,0,0
2024-06-19T16:45:52.394Z,4wLMvLupvUVvAY6rbKHgF4GSyJHLWQjBDLhXhfrErNZyqjv7qWct2cNZB7bYmxwEiuTnVk6MZLzTLFpSeZei78z2,272804427,,,0,0
2024-06-19T16:45:52.402Z,46137UNqCewyyK6UzYM3hWYdBTz2McVVFLTnPKD6BnZ1EHhDdAqq95EVPh1RY1nJf5jFqFZeJ4qwxCKHrF9BqWyZ,272804427,,,0,0
2024-06-19T16:45:52.405Z,5tbabR5MmEHsHtwqWNc81KvCLL4KdDcDyENpg8Hfj3qYuwmhdJjoh6aKgssoKQwTh2JkASxSTwqorFwnctHgvLLU,272804427,,,0,0
2024-06-19T16:45:52.404Z,4zSxDPZGDsFQh2BmydYqKx3forEXUGg8o9MxYqLkwYD5a92xvYdcMNZ42kFFQ73SU5fGC3ZJULgVjn9XBfn1L4gj,272804427,,,0,0
2024-06-19T16:45:52.410Z,3GNwMKF3esxgCugo113WtxqnfCYutDPtuCKzqZxjPVyoVQYYoge5uU1veZLEyn8dHvAfEA3xvHTMENdpHoXqAXmw,272804427,,,0,0
2024-06-19T16:45:52.411Z,2MyBHR8wtMuSqhjXm4D4fyRKumnXboG2WuAupiEdYwrraQXCTxMaRwmXdxdAwLHWZcULDEUwEBEixJneTKsgjjQk,272804427,,,0,0
2024-06-19T16:45:52.409Z,3xGUeVTPiCLJApMfJW3N45W1vQbop8DbPQRos5zSoWJaSYUdGApuBY54jnoFX6GTF4qWmKjoqZnTJzb6LUPTgPUK,272804427,,,0,0
2024-06-19T16:45:52.413Z,CkT8dn8WkMFqvip1Z44qNEJHxTKPdT5SwsBWqdZdrZmrGfuKNVZfj41PBsi17XhMvEvJynjLwRLx5VA45QYhLdi,272804427,,,0,0
2024-06-19T16:45:52.415Z,3pHhdPbmgECjs9X1HidKGcBkCSWQwUmFSKjL8Dj2XX4aY3BS7cEMMWpVxYMeJaC89hV6qMFwdfjwQoMAEuNotED8,272804427,,,0,0
2024-06-19T16:45:52.414Z,i7uXHZYDh8Vr6p5xypTi8xNv4eqBsWFhL69CiX1dgxeAksW8M2e6J57Afh1ExQTPGwAQ5VwGfhpqcoSH85hBUgU,272804427,,,0,0
2024-06-19T16:45:52.417Z,2TTyP4PzLLCHB2keJNtPzqPrrW3uG5DbRGifbyUuZBh9n6y2xS1U1LhJcH3in5DYtnWoZp42ecmAmQW8WHhxUZsA,272804427,,,0,0
2024-06-19T16:45:52.419Z,5J8wPkm2kukh3fEjhw5LD5Yf9o3abJ7HPeeweVDRFVwLX4PFcmDHQedPHAtagWHnZeFQRbEq7nGNuLV3H8tuyxWX,272804427,,,0,0
2024-06-19T16:45:52.422Z,5YGgsBv1bXmQerbbcajn7MYAE89UpBSG6HQNWVWhYpZa7at5AXkH4v5suG5f6Kh1BGYkuQ9k29no9pygPpEn33Ws,272804427,,,0,0
2024-06-19T16:45:52.423Z,3AmqM3YRPh4CuBg9gzbmVgjuZC3MaCoNstKVXB37ve68wDRZdUmttb9o6E2kUj9ZdBoRA7drygyw7h25A4riWkux,272804427,,,0,0
2024-06-19T16:45:52.407Z,j97XkYXWkYrfQuraQHyJjyJFBqxENtk9kcy3VLhpDD1Tvu1VmV8bkAD81sTMFPtX7FmZKnkw8Q7PkQnzCtgqd9Q,272804427,,,0,0
2024-06-19T16:45:52.425Z,3WRPuVpTxDP6WEThgJemP3uDxqPWvTwyx2ABev7riyjmwRLKNUtNM1HeU8XC7CTGJoovsr8vFq6kdh7wGKZjnjR3,272804427,,,0,0
2024-06-19T16:45:52.427Z,AVgAmRZPUJyACKziFBaoWJ4NELEpVqTnbPbQg8x9bzedFmkYaXzppoAZQHSwMjqwDk7YLrcDTx1YxJZFEpSdjne,272804427,,,0,0
2024-06-19T16:45:52.431Z,4wYLJ2d9dayfzRK4wvdX6QWGYKwYokTQ4SZJsNyzcxLSY7wZgHHbCSwLCtahQoTCXKcmaDo6exo5UHxyu3geaTY4,272804427,,,0,0
2024-06-19T16:45:52.435Z,5BsCzKohUhnmXrxRkgoK8ZeLe5E3wkcbvTpP9MXeBwiJReAtLCrZHa7r1ZRrnxztA3vuvb3puuSTbMVcDvWNsyCg,272804427,,,0,0
2024-06-19T16:45:52.433Z,2TVYrCZoaamCGWy3ATGNRXW9qwnGhueC938pFgm2LLD8FkfuDbCyzxJMR4jQdVL6KttkG5Wf6ncV7x8db5tJXGBC,272804427,,,0,0
2024-06-19T16:45:52.437Z,3b5TPnTpp6wpm6gKZnWJ1N2Gq9JhZ4UmbQkr5FXiHNEvonFJnmhh6SRaenz6sV7ECtV5rHdwvz9SXpH4Fwc8Dit9,272804427,,,0,0
2024-06-19T16:45:52.429Z,3ts27762wwfK6nzEap6ZQVubA3grS47XYgDHmagGJyndBKVA6XnvyfvnEhtPFVU8BuoXyBVyxCBCozknoV6DShjW,272804427,,,0,0
2024-06-19T16:45:52.440Z,4zCeYe5raQgVVXRqPWppFWapAUVg1tpaxRa9WG66Ps5TMrpVJ3EczCP4Uf3Xsnh1qXDBJrvVscHJA1cF1R6dV49H,272804427,,,0,0
2024-06-19T16:45:52.442Z,2MVuTuFthcHyepSyZVhib6KVjPgy2oiuf8FBNFFfgBa28291DB1awZmweuf9xvjQbyjpGRLL2g55aTr5Yp6hmZk5,272804427,,,0,0
2024-06-19T16:45:52.439Z,XpN6myTs6mJZEXinXsMhu23n8RAUJX2aora8z1BAR84PQmYjxMDXXfRjS1LymWe71174h149cx6hzwk1W5JaRy1,272804427,,,0,0
2024-06-19T16:45:52.445Z,4PJiMpbb4SCJ3k8Ymsv2Gt7MatzBYHEQ4rh2bQEWjcm6uv1NToRRjCXt8CwJHQfiUeNxrgpQcMLJNifFLE5oA6yQ,272804427,,,0,0
2024-06-19T16:45:52.449Z,HV4JQPaoPuoXAFvtWmkwRSxnRAM3MGvPMHCTNBefq1MThGPRtGojyAPwp7uxNhL3axkfXpyYZtrbmiKLwVGgCJR,272804427,,,0,0
2024-06-19T16:45:52.447Z,5Bpse9AybkfsgTvjDRivdgMNzSL3Nopjan6ajcJUhhi2K36beiMUfJReBFgAYLieEMR9JcCdRuNdF26pfjogpQpT,272804427,,,0,0
2024-06-19T16:45:52.444Z,3nmdQkaEkBqdCCBJqXdRNA9rsq82Byo5wvDbwVQx9GqDPRjuxic4ybQELN4zAfTwKYGP3AhY83gaCctbHiZB3fVp,272804427,,,0,0
2024-06-19T16:45:52.456Z,2nB2mRTLqhN2PCDv1HjMKhFpzcBnvLQUB6Sqq9e11MEyiyFekDxTh7SQF7u9GLimbpKXV6w8YvuZ5fse4LQse2dp,272804427,,,0,0
2024-06-19T16:45:52.450Z,4iB5edJkdbgDwiry76mzAFgYoa86Y8gKNfub6whYRuMFwSLSVEqwAakqDoNoAqhMUT3U2CVq5QEJCy8EB5EYCwfE,272804427,,,0,0
2024-06-19T16:45:52.458Z,3V7Am73ukpx4NHHjYnz8dT3Dgsw7t3DeZQJa14sKneiyGz3Wqfiv9kpjWJuBWdRQGMFmv6D6S3WZrMssP6EWSLQD,272804427,,,0,0
2024-06-19T16:45:52.452Z,5bcDmZwiA5GmbCe5UdX752vKQpkxAt5MtcKxBFuUuiy8KwhX6YSpQfC6vDu7SjmQvTmjtc3d6NDy1jsE2Un7prca,272804427,,,0,0
2024-06-19T16:45:52.457Z,LyKG5XiGQK4BXzuYLhrrmepAUTNUsvkGFx8Snb3SkCecbpBTiyoYoYxtJP4aiEmEN8M6Ypz3byY7ixz6kGs2RbK,272804427,,,0,0
2024-06-19T16:45:52.462Z,5Za7MyqMvaB1FfSE3Yn8F6j2dt7qJYqA7w52C4ctLFwQ2QwUCCGCPonCFvpzYScRbhtSoasSjCrmNEtpUGvDrmvK,272804427,,,0,0
2024-06-19T16:45:52.464Z,2rhTS1dzuc5bkQTgQvqx57NZTXx7ruehc4SqgxjvTrGRdi8YNPYjpFZkkzkH4r729ZCTGHAoum9qzor3JNrqzNWy,272804427,,,0,0
2024-06-19T16:45:52.461Z,2Tv49bJUqetQ3kQTk3zijFyxvEb6z6Kbqsbhc13BAUFBHqernbMJXFDKYsUd9yGqhW5rddMFU3rxfMdM2X1jLXAr,272804427,,,0,0
2024-06-19T16:45:52.468Z,CnEVx6VJ2doZAZxHSWycxZFUTJVy833tcxdUZW4YodzAhY6mZF9xgcM67mDsSN6UF8HDicBJdNHpvzzm5KWJHJu,272804427,,,0,0
2024-06-19T16:45:52.463Z,3RnFLc5y1yJwTishMGgCdxuzvVdJjgAFwiWnW9bRCs5qunNxEq8WiAf8H1TxmUuRchJKmryXgJgbiYLsddU4v69t,272804427,,,0,0
2024-06-19T16:45:52.472Z,5LenwRmcXho53mUPB5hrTbiAeGADjV9K22a77wwxCMK1HpGr7JSTzj87WyBokPidWYn8cZwAyAhVnzL8jNvcxspw,272804427,,,0,0
2024-06-19T16:45:52.466Z,3cViHApMNJUWvNLgwcoW175jymrLbs73FsKGeNHJQV8ZgpQWsJ5XN3sLr2nuEXVQFG8L4aCsheR42dkM7kdbwiGK,272804427,,,0,0
2024-06-19T16:45:52.470Z,47kkRnAj5d71bbcKrudLsPhzyQkYwZKgBiEhv4wTYoPkyooX7TqwpkQs7accu2FTVF5zrqoVsrH7NFRsyErDdqcK,272804427,,,0,0
2024-06-19T16:45:52.474Z,5YxRjXABEBhfGdaHz4vauR2RvZEzoyJvNpHsz2BpY9o1RyUcqGGYfjAxuyfhrrqYhNxKAzMaYrAu44bRWNqrxaqV,272804427,,,0,0
2024-06-19T16:45:52.479Z,23r4t3riAHa7cJ3j5ZyfhMtZC7ncTvbfJ6VUyPaqEHHrtuDCuMaHDZt99tzi2bgvRoTgbxNsFUJC8x7yauFiCAKa,272804427,,,0,0
2024-06-19T16:45:52.476Z,5WP5tr8p7TLWT2djk2wXYz3WVAtZXmT61RXU9jXE7fdJJZG6UqQWQ9MexnftZvhyDnbw66DK4HSRKo6A9GuqxmXs,272804427,,,0,0
2024-06-19T16:45:52.486Z,5bbD2NW3xnyhjHQKo8doDFybnDoCt58X18A1NDd1xMmqoYVPoeF26evfRKwHDQ684UBzsyxZQHP1R4CBQC7pXcGM,272804427,,,0,0
2024-06-19T16:45:52.483Z,2HA9Zqq5LCfpZ8qA1Nmxpe8ZuKJvraJDmWFDJfzJTNe55JAqx6c78qAzCJgHKAY2wpcJHMUFZyhRkCpy91E2sJjT,272804427,,,0,0
2024-06-19T16:45:52.488Z,3rSVvsChLrupK3SQcQnTj1HzMUU75jQqoANRSWAag7M8w6sDhWYkRwSjt6Hcda1mKnPEKNWRaYDs8zJNDzvJbTjb,272804427,,,0,0
2024-06-19T16:45:52.490Z,4yyJMLKnUA8KeTLnFS646gsh6mf8Xke7RtwPGUCXy3P8fMP1xv3XUvb6rJjdYuhAxrXz7SNcUT9UKcHKvayg7pB3,272804427,,,0,0
2024-06-19T16:45:52.495Z,2YfNMDeLjnnnn1DskBs7C323iANHCfdYdZusvrXwbk1Kps96sN6sEJbmFLLoPBvQTwrCM8G91MvmtnVrgqFseoiP,272804427,,,0,0
2024-06-19T16:45:52.493Z,37EUKyK3g6UZqWWtY866jNKuK2WhXFoiVNCQLQKSkyQW1sfs5SG2E1oNba9xvruCFdubbYxni7rhbePheJYdZdCZ,272804427,,,0,0
2024-06-19T16:45:52.500Z,fNvinKueFF6rg6ZawU1CtmiUdvZAnyBDDLBM2HFNnU2BeCZhWmRVbqaGjhjyfEGjYJbabzndHFcy1ehHsoLoNsU,272804427,,,0,0
2024-06-19T16:45:52.481Z,4F52B36BiWek1E8YNsGGaT3Y7YuAzGXD5QvWkVJk15dmog21dUZYfijKNiRzmw5h1HiuhvczavJ9oy8FHdFMTqhk,272804427,,,0,0
2024-06-19T16:45:52.503Z,49nM3GJND71F4wU7AESgno6E1qj1YeH9pprbCu2CqvQyQCAGbPLPcKtQsyLTnrfXCEzCVmSvq25VwVHsp58KiENC,272804427,,,0,0
2024-06-19T16:45:52.497Z,2c3JpEHBuAuVpaYHMnJPUFWTHPHipLLEHCJn6axgPGXrEL6e5YRkroouMsbirqX9um22kw1RepvcurUb4Djb1X8,272804427,,,0,0
2024-06-19T16:45:52.505Z,46VURRyhGC9MP8yjJucP4k3GdSD8nez35vepG5HTrFzQt7uCgDMsPw3Mq4oi7DZbuAnno4VEDw6Nbj19nSGkFe4m,272804427,,,0,0
2024-06-19T16:45:52.511Z,4tTqPLqwRWeMqemQNAeiGk6oyUEhCeCh2gmnukL7iBV1QUtz5N5xidRNJ9GEidNmbhVzfzKexDfbuNCsDUUHAXpV,272804427,,,0,0
2024-06-19T16:45:52.507Z,2ypmjpZ94u1QaYLTTWwXq5BPkoBXEuCMzwCp32dSdHTNn6aSG6cJTNbS6xgrHi3UvQyXybqptNxM6iAVemz7f4d6,272804427,,,0,0
2024-06-19T16:45:52.515Z,3B2CoSgwV2UWiFWUHfrSAjn1PTwwdA7Uo4Xr6KddTfhSEtHMSvah9p1BPPoddSA6Lt4pL3muZ3KXXcFjDwvLfLet,272804427,,,0,0
2024-06-19T16:45:52.509Z,2uyeT8sVkhTgLrRwLFwvJTex5XiFpKKXRHQJBweqsSH2Zn9M1WvCQYib7Kkst2XBQ528pJc84cTbFxnsFr42rVUU,272804427,,,0,0
2024-06-19T16:45:52.521Z,5jqyNthAMc8pkWQR9bjwCbSpPywg9GKyjMcA2awBBYaqzEpdPvxEiR2UYBjXdxYW3oXAsCk2DCdCz9hFXetnhYoC,272804427,,,0,0
2024-06-19T16:45:52.513Z,sVrfej6EG7LyoioSGBh8sKgnciDaPJ51jecNwXeqZicKxt66KjDJvojFivH2rVVGJCrDcgA7zn9UxbY6eBxmLPH,272804427,,,0,0
2024-06-19T16:45:52.518Z,4785T42MMQb2mCEXKLdgWRqUejBx91RD5pXTBQfKaSWCbmsPTvPJ2tmm5Jdjudms5dbjRTvWuBakwY81Ukj2v6sa,272804427,,,0,0
2024-06-19T16:45:52.525Z,51hUfN4fkxQokAGUcDT68aGKJkNUEVBM7rKygnrWkz8TDBpEp6LZhUpv6TdFBm2Xb8BY5a411UFMqevSFpEfEG3v,272804427,,,0,0
2024-06-19T16:45:52.523Z,rBhpHzwfzzTwkhvL7r8na9HkEFafokJ6VXQGrvKzBKiMm4efVWt18nvpqhm3Jc7qZDjW7EpSveMHU8KU4yeY1Gt,272804427,,,0,0
2024-06-19T16:45:52.530Z,3LGu59GNkVmn9TohbrQEHAhcJyDs8KvUirVKRyhEKsRKwDraP4if8GP7NcRrwxoHjoPsEU1oiMEmAiwxhx6vzNqU,272804427,,,0,0
2024-06-19T16:45:52.535Z,3E5FrK8ZePGxMHaSPXM8PYWW1o2994x3Xgf64rtNcCzAjjE5gacma8yQuuYdKNqr9AU6RUKEuuYCoNfEbZ9tQm1M,272804427,,,0,0
2024-06-19T16:45:52.527Z,4ozJRARSrQGie9ZRBHuViXvJgEg3N8oKJzg5rzwgn7jjUCQcsVd35hacNexE3oUg24SsWQ6mjsmUatorBhgWShwK,272804427,,,0,0
2024-06-19T16:45:52.537Z,3X4dtVh4RwYTD2TrYck7cDdLY1PPnhHkV1EDDFny3XhuR9wNySgPS41k3vJvYLFykHzZdAPVFLa3tJdAsCDn1vBz,272804427,,,0,0
2024-06-19T16:45:52.541Z,yLY2FJE7E2oCGWHbqc67v3Ut6LedBSw6MBkUrW6wrHAnrWUTb4neiuR9Agg81veNQg7uWEnNSNUccJbU8ZiQqkZ,272804427,,,0,0
2024-06-19T16:45:52.539Z,2ZN3fnaf2UQX9f3Scxw1FyMhnH11thcYCNcw4CWDe6Er8DBBag2CWuCyykQFouE7YtzKfTG7nCjpDR5XpaQsbbfG,272804427,,,0,0
2024-06-19T16:45:52.532Z,37cCL7LUp2k6rU4PmpX1TrByLqREoupXKJesAfe2XAADsjN5ntQkWA5KHvwuLYfsNoanqoCynAgS18JXszNqMRPm,272804427,,,0,0
2024-06-19T16:45:52.542Z,ef4W5BzJCU9PJB7tSDtjG3bTUvxBWMA3hWYcmZyfwog3FXps1ZrDHHHUSoyjSfzoMrxsSF1BGbtU7sC6uu1u4xD,272804427,,,0,0
2024-06-19T16:45:52.545Z,454HScfaxCL2TrszAdmog1PtnBEHEv3SEbx6dVFtkE6cNEGS6L7S5XhTbh53Zgr8RtEi91zTSRuKxVyRtRPx74cM,272804427,,,0,0
2024-06-19T16:45:52.546Z,9avFNybDfpbSG5WHr2CSeThdPgswaiqcGLfw8YAbVi9ro7U8uNQgFTY3KGX4Jkpu2zmD39E6RuhWSh3ikHXB8wd,272804427,,,0,0
2024-06-19T16:45:52.549Z,yB3XV5hxG9NM6KDBbeBQ3fqN4hY4fEwPCqReEnd3gmhRXMQaBTZy1KgJGc2gBFXpFvCLDv9crqvgJ76vbBMHufT,272804427,,,0,0
2024-06-19T16:45:52.552Z,2XUBWVfaDbpSdKZRANhd1irj4i3Nnb57HckNZVQLCKraVSyButnNYPjnVx2ZCTXmHqijwNiek3YxJDXt53iX1d5H,272804427,,,0,0
2024-06-19T16:45:52.555Z,5YY3ukVKH6YiPw1bBKPkyCu3vcSw1hpufv3wRjXaxtzfrimvFKxKCMDQ5Szvikv9LvhTb9M2rP4HAf36vPRbp5EH,272804427,,,0,0
2024-06-19T16:45:52.557Z,4zuj2aB7W7ZvXk8FnCJvAEHGfzd7a9rFwBT9qTJmCkcvjn64JkGXGGjQscpPCk7R1rfSEAx1BLp7So7iE4P25qW5,272804427,,,0,0
2024-06-19T16:45:52.564Z,3WKnvB33xiMgHLyypvVrhccLzNcF4w756jb3oEVuzr6LUpRyF2kB3qPqVKXQdXFm5uDrc6Kj85U7tUESEvaWkfWx,272804427,,,0,0
2024-06-19T16:45:52.561Z,hDNgHz8fArWjL53P6iB7xVAxXQ9eu56yLiEwNJbEuPhbcwyHxUjY6KfCD32zLqJ4u8hQugcpCnn844GGjJXoFe2,272804427,,,0,0
2024-06-19T16:45:52.566Z,5ofTh9nkyrHsPHPBpVkMmvGzTb7iY6qginT3wSu2qUdib2W1V5sJ6ecEYZXhHpD5J4Yt7h2GgysHEYWUeeQDD8de,272804427,,,0,0
2024-06-19T16:45:52.559Z,2BvP7M2pvx5pRbSE8jGyuoe5gy3r9XYtZBMSwk9tH8Hvivtu2JPAvjybubV7EdAMQMvfhr4wv9B5vFKoJXd17kr,272804427,,,0,0
2024-06-19T16:45:52.568Z,5obfthZdXXAcyfrXovZzZhPaBvruucs4gJqGpHLS9mzzR9fLCpZx4TrHLkmMJeSPszhRtF8RvTH9zf452pfcNLuM,272804427,,,0,0
2024-06-19T16:45:52.573Z,5U9tRedQyVjhzpa7gJiCXorGFeU9ksrs9LwMAaWJUr85TNtAgfADYDJ3H5bC179X5dWzaosBU2m7CbQpSMH5NbKY,272804427,,,0,0
2024-06-19T16:45:52.569Z,yckJG6b2A1CqPaL5g3ysDUKwi3EbA1Yy4csWVnU2tF7UcrMeHuMfV5m9X4TGi5afSSTsfEaWYpApmE9ep31F8wb,272804427,,,0,0
2024-06-19T16:45:52.575Z,2FNNUJCHUWU59tsH67ijDGDB87hPNYpNQzUX94Mf78HqZsrMu7JndtDeyNLiYN3wHq7ZdWACA9J6A3HR46SG8HZa,272804427,,,0,0
2024-06-19T16:45:52.572Z,3UY1bgroKDDUzauZsRbG5L5BM9KNaSrcgFEA56WeUCXHoHBS8QL9SNb3oJpiQq5CQ5xX7B5A63tz597ckQkJZvQg,272804427,,,0,0
2024-06-19T16:45:52.577Z,556s5szoyfJhzv5vxGesRJdjBRpAKQbry3yvhAgS4uZAUmuHTCamw4Ef2GggnvYJwYkEKZCW1MyvmFxZkmPvb6eH,272804427,,,0,0
2024-06-19T16:45:52.580Z,5jH4PJaiybZGy2JZgCXH7fh8faVAQohTCxdjczM9UvpWuXVQURe35oKfaXp91oakQ1SgvhtGLt948QDWQxYpysHD,272804427,,,0,0
2024-06-19T16:45:52.578Z,33JeADUfyUsGATrShzF3rV8ZTxMDJ8ZLccG7z7jLDnLPsFTJ2SUnLgDpQd1xaLHb8wWW1wKKmcYDd5FTPRQfvgeh,272804427,,,0,0
2024-06-19T16:45:52.581Z,4BFpYgDsPE1rdUxrT2dNqWAC6xFooax4MSoHQameA2P4naYJ6471RmywGoL1WHEEi4BaZro5mPWzjtee3P7Y28Wf,272804427,,,0,0
2024-06-19T16:45:52.585Z,5dAphymeKXK9e4xzbS9KY91nDGUmVeT3cF7yAtw77koWrTYRgu6L2g8DPSU3Dkkd81Esm1pUd5QRr8Khy35YMT6m,272804427,,,0,0
2024-06-19T16:45:52.583Z,3XNJefinhwmjnViFJgCMSgCmooTY3eV4BjWud6pM45NQ5Kd24LTFC2qpJwyzPgQRsVG2LsVhzcfzbRAHhm9BVbhn,272804427,,,0,0
2024-06-19T16:45:52.586Z,3nBi458FVcP13HfLh6k4G3qNWNXLN5GFtzRwkC6rJw7W5SKjAURmFFfDn33j5pR3ouoXkvEqYn7eLG9ixgtEZU6b,272804427,,,0,0
2024-06-19T16:45:52.592Z,2kzv5aZZZfkntnN74kPdhwbyycYsqdyFDzM1YJWNWj7aDwavNynGEEuKyhrC6D3p8pwTM9rJj2ZQjmTiNzziDWmg,272804427,,,0,0
2024-06-19T16:45:52.589Z,5A3dfQFn7yEmYpajfybKXdp7EBiEqSrhVnXUPAnC1NLCbs2Tvof6wi35JZzUiLoyU4VgzE9MYkBBD69ShGwHyfBm,272804427,,,0,0
2024-06-19T16:45:52.595Z,2DwrCyC34FfuEQAnm1jZnotefatqPmyLamirVFVFCnP1LdiVNpYWqtpbiPTzCPzao4ArU8qSkojuiHUu44y8fBgm,272804427,,,0,0
2024-06-19T16:45:52.590Z,4HvW4JZwJ6qUBS9uTafvtCjEjMcXL8MrycaK76MpKq3jUpbxBWvaBCMMW2kGLqZJkthXrqMY3jAafek7MQMUwQZo,272804427,,,0,0
2024-06-19T16:45:52.593Z,4PCxY3ZrFpjtgV61UgZbHQoDsFDH9LATfYdWFCcWfpZiiirxT8XTwDnCcPeqx9SJYLT1Q3rDAZNadMopmSqYnB7K,272804427,,,0,0
2024-06-19T16:45:52.603Z,3UNs4KRoTgDtWVaPUbSVRygJJzoL7rExdeacb8isLo4P4KNH8ZoY4b6LnNvXNZcKGbimYmcSiqXkc9f1kbzCsZFw,272804427,,,0,0
2024-06-19T16:45:52.605Z,5ZE9BoaMyLVWie3SAEcAZVoi7F96HRgYjpjVjCQgLkEgWbsudyqx2jCPgetVmBUK8a7L8DLtm9ghLTVrxje99i7C,272804427,,,0,0
2024-06-19T16:45:52.599Z,4rzLShcMJSkEV5YBQqegiYrjnhrantxBPU71NM6Zbpf8cg3xD7SzZZnoFFfXK2ETjKdpXX8oosHq2fN5hbRAaGtc,272804427,,,0,0
2024-06-19T16:45:52.606Z,36Q8e5V4UTdN1Y4NJDGKMBPasEVgjJG8djPXwiDNbYUxkJvR2ainAqPuvmzzazWcVbvyZbYsA1KQQhvGNFvnvzSg,272804427,,,0,0
2024-06-19T16:45:52.601Z,3X8wFbLeDTY55Vjh3ihKmqTerafnbEY2jTvx4Xo8edavw81vbabDRmyVbjpKFPKZootaBFN69jh1na7Zn3r2RZYC,272804427,,,0,0
2024-06-19T16:45:52.610Z,51kdMmXVWvVJ3vj9x4Nnbi9upbspTfLAbjgWAHdLAVXL8qVNoN9VRbT11HJKRsg8Nded9t5q73MwP6b6gcc4w2U6,272804427,,,0,0
2024-06-19T16:45:52.609Z,zKuMZFiRfcivWFddyj7FiHjKmyaW7UDNcvY3wJ1Fo9Y3doydS2UCGG6LRafJDecycEZPUdL3e88KpBQd2UfPAg3,272804427,,,0,0
2024-06-19T16:45:52.611Z,2MvP2DUYJtxNp1eitG731CoCkqSCRDijq2nRrfoqEXeetJc1JXxvgRfXZdyZhTAe9CKuBAopaXfTCHgS6hgdwSuo,272804427,,,0,0
2024-06-19T16:45:52.615Z,5png4jknKHwSyKH719B4G4n9BjQ1wSLkBYKNLJkqKC1rZpRHUF1KwKcqrmxSRHDhocsLEZFnp76kSjfUNL2ybKpp,272804427,,,0,0
2024-06-19T16:45:52.608Z,2PUr81SoAymXqDEXe7LKaw1Zauafygq5hiAWoae2qXdmVnZUScMStrNrGfB72UgqpDWbd2VWxMgoScLy7qAGNtgk,272804427,,,0,0
2024-06-19T16:45:52.613Z,3S9hZGrvL4eVFrpXyZsdkbfpNVaKDBYETXD2bbLB4TNQxW2qUhtEDVLHXo8Fx98meVJn6rQFD9An7Pfc59m7rwJ9,272804427,,,0,0
2024-06-19T16:45:52.619Z,4wWccYJbsam249EKAJjVLCHRBDYjnFAuYjkS12zzAqib9LD1N1Guo61WzmLnU45by1yYfYjXVx2bcGQZ4uR4hvao,272804427,,,0,0
2024-06-19T16:45:52.618Z,4znxVUNTcGzA5DhScmQJSkMzeYZK36k8HHQtiDiv1Ar5RCuawPDQynUbeL4pJL6GuSzHGAXpTpxHsrp5a1vN1ydD,272804427,,,0,0
2024-06-19T16:45:52.616Z,2JzXsEaNNqMvJwQd5QWimXv6QmAcvruGXCAcnxeMDaaZQVdhkZAGttqVYVvt88Mby1MuTPJWyJ5MY3GgB1ntXg7o,272804427,,,0,0
2024-06-19T16:45:52.621Z,4MUKpAyrF3VtYuFjN4kTetkfHRxBTMTzSxjgNK48RJJFYBMggNmk6JzCc8owaa4RDd86A5mfsF6WcqRKzuWm8oTw,272804427,,,0,0
2024-06-19T16:45:52.625Z,58FGxSLnCqdVZFYkmo7KxAbg7TqQwXSLCesmpUTe2bcUnmRmuXkytU1vy3pLkRG7QfXJmHSgm4P5cdpohu2QqRvR,272804427,,,0,0
2024-06-19T16:45:52.624Z,2Lkh8UvFgcCZvWCateekJxsVi5FaTUHKc6vNKHPFoYTZ9Cfv4AZGDhiSwq6XwXb9VAKvpLeQwmdUZ7M36wghUSZr,272804427,,,0,0
2024-06-19T16:45:52.630Z,3YdVKjEg7Ud3e1DEezRsLE6vLhcbFsYVtPTC7RPYNcEJYc4L9REAP8SDjJ9vSPn864TvmABacXVYVLMDppEYPKHg,272804427,,,0,0
2024-06-19T16:45:52.627Z,4PZktsCgEoChC4H2yfKYBrjynwKTKNf8qxmsHuvhokXe3m7HLst2zYj6Eduw1Sy7GC1MfiFgWzBPeiFvFAwHLMdS,272804427,,,0,0
2024-06-19T16:45:52.633Z,55dPY68r4NkNr6N6kQ9hf75xtPtjNCLJ9Lc9Djh65ANWXunnycAZajbsHnbySsMayhAXSHvKwoevGKJLb6z1mF6h,272804427,,,0,0
2024-06-19T16:45:52.629Z,PqEKXkYeCS7pc1fViQ7A2TGgYhitcjQ7r1zBSuvFF7kga3QWchKUetjAmCicrj3za7Gq9eGn8M59N6aVi8w57eu,272804427,,,0,0
2024-06-19T16:45:52.640Z,37phiicUXJXfb9mB5HdrA1fpKAJWez7eRdGWGnMigVhtJaQQVxPMTNSR3JNJqkRvVzhXP4Nieo7i3dZNu9KBL8FB,272804427,,,0,0
2024-06-19T16:45:52.642Z,2q5nvmBNyYF2DjwE5Fc1n2RETkxyUNDRLNTbdjtasR77E997yJfTb3DrqPG3HRxrGcisrUifbNHXVR5huskKocig,272804427,,,0,0
2024-06-19T16:45:52.638Z,BPS67dfNJDk7GNVySteTbnJMKDMQxTYLNxh6WjrZNTDPwtn9iGdDr1Mjc9jYiiwPg8mPoxuK6YsbepVqTzC3suV,272804427,,,0,0
2024-06-19T16:45:52.635Z,4Etm9WS3bb2mHBmB8hGrReLiQwW4Fnbpyp4PZMJDmLruLjdfAKkVRyjn6E4E9y7caM6PMUh6sM7kLiRZnkhGdbsV,272804427,,,0,0
2024-06-19T16:45:52.644Z,4ycHiJPTQLK2nfSXwUExph9USiQzBY2Gzkk7qcgCi7WdR5CQsJ39tiwPLxLwxgo2W8x2c1Ap2wds8rvWLkTG4AkU,272804427,,,0,0
2024-06-19T16:45:52.646Z,4Dbq6qo1iaFtdMgggsPvqo6itVw8Xsx2cXFSgpbYVpSMfe9aVQNVNPYpQnG83yqXReCMdC6JuVEkFsxvhDuaRo2C,272804427,,,0,0
2024-06-19T16:45:52.651Z,2BJHKdZE3BuKmohSvjaL3mUSFDSySJvuSVsGNi6KCCvKNUAQJN422BUMroyRM8K422xKPhbk5RgK7eVn7Cnt7JRy,272804427,,,0,0
2024-06-19T16:45:52.647Z,2kUqXbC7WXxhtVH5PUsAdQn15EGvjQDDnEBajw3V9UXK3qj2p9pQFtxpBqNwGwbTkPVXUkqybT1nhx11J1ye7fqK,272804427,,,0,0
2024-06-19T16:45:52.655Z,yaUziXfQsPuBDRQ1ZCQLkfqWbq22Cvc7SSDN1k5t2U2jn5ooAzCt1PVo4AKAr9y3Jm4Gtw2M68BSkW1XLCPuVuu,272804427,,,0,0
2024-06-19T16:45:52.653Z,3r9LQNjqWo4eveEdmkA2wLCmXFesmQ6NhiiAGJnmNsg1EMa9MPCKzbGEd8QdLFqyqFW9cMx57SRbqh3qLQYfzQJE,272804427,,,0,0
2024-06-19T16:45:52.649Z,3M6nSe4JkWL8y4d7WtXJDJZVNjSpzPwzCGpfzV9Qzyd6FjovvyYDzedpP6FxM8CtWtJ3BS3R1D4dgfXx7cBFNqzx,272804427,,,0,0
2024-06-19T16:45:52.657Z,612GUNifuxecwLS8Yhwpw2K1S1Qzff3T6XcRGi6bYiLt88DjafNr8WBX1xDC3ejmzyUFuDSBDdKMMLuBs7Ac89Lj,272804427,,,0,0
2024-06-19T16:45:52.659Z,4kffDMb4hCJYexSVo5RfDcjo3PA8sjUoqYGBfh4W8pZrc9SUxyt9PVpyWqvmNFj1FK4URz14kjFGA7ZAoUBitKE8,272804427,,,0,0
2024-06-19T16:45:52.662Z,4bf8x7DYCijixZsZ5orfeEi1smFVHF1MT4rXKJ7m4zQUx7nkQmmx8e7KWLZcBm71xJ9iUkTDLuA2puUa2q7mt7UT,272804427,,,0,0
2024-06-19T16:45:52.661Z,2x39PhUXdLCkzvFfwFy2B59sjLZDGc6Er7L348gKhH57FDWACt4e34pp1UpoehXGQUzm2i3XvT76So2SSkMaJpXb,272804427,,,0,0
2024-06-19T16:45:52.666Z,3hGrfyk69L6AoDfPBFkiEpKRNW242QLwQVqXFeBxW2f9HeUAvqHiMSoZ9RXk9JH1Rvemqj3x88BSvDTV1tv7Dm43,272804427,,,0,0
2024-06-19T16:45:52.671Z,f35iu44FzZnxhJGGY4WsBr9YyoVEhkMe9XxRqqPsfb5k9RdwN9vVgcx5y9PJcMpuhEpUs5z6eDVi7rkYHpDWowm,272804427,,,0,0
2024-06-19T16:45:52.668Z,4KZ9gugK6d4K2y2WZn3kr24ViTKZkvVYUujD5qt1P1rBnSTUBbRV5efNSCF8DUwewi8zBKcyU9WyyqzmJncjhLJA,272804427,,,0,0
2024-06-19T16:45:52.674Z,4aHMZJUjL6evcM1nF2ywf9PTRtXV6cH6SJAgicKSpmxXvv3R1e3ZirR6hGQB32NuZZVd2qm1Ej8ub9XGoc8mbmtK,272804427,,,0,0
2024-06-19T16:45:52.676Z,5bnZapJrvB7GwqgCvnhSh7nAJKjhyw5GuEU25LpizaTfUV6oMtX9YCvPZZZU1U424WX4aNwaSdtx75kiC2LewvUP,272804427,,,0,0
2024-06-19T16:45:52.678Z,mif4hFrCVmAJhDaswWNXGkhtDLskuZLSiTGE4qsDjWVYmhSD1Vg8j97tMyXzKk9uTY6jt55yCqUvRbqNQsPDc6x,272804427,,,0,0
2024-06-19T16:45:52.680Z,5MY4Nh4MYMEU4379osfgDSmbFPgWZfpejUDN6wjLthMt9HhYPpywxeg482HLLz9YdHLXzCAUmhTPb6vPQBUnd5Po,272804427,,,0,0
2024-06-19T16:45:52.673Z,GcHdtd9mAXQH6mbKciWfvaKJqt67w47pjagRgYsnmkA5PMohTqyvn2yq4ZFoByfq4UEwotPD7xPNKAZWJQJ3vmX,272804427,,,0,0
2024-06-19T16:45:52.681Z,56TsQ7rj5NtShcghBDpPZnAnum1QncfA3CBRkz9ZKafSdEtvuuoG899mQQ84giMUef1TfEBiEZ4QvhbYPrLVHqDo,272804427,,,0,0
2024-06-19T16:45:52.686Z,4cKWVhaApNHt3cDknRykwthrGV1KjcXYdBHLrPBmCU12nctjXiwjFfwBRWwQPaHGSaFp3XFjjPoS2KkayzQFsJL3,272804427,,,0,0
2024-06-19T16:45:52.685Z,5yA2S6wfyhSGFxmAu35ArbG8a4krDBv1misttp155uuiuGb6nnM3fmvah7QnESs63WtKJuWsaops6TMPwh4PDEvQ,272804427,,,0,0
2024-06-19T16:45:52.693Z,3oyBzuVpEa95T6n6ekW4TJ4ffCpmUtxqbJQuQWBU7jeRv9z8pVwRGU8bSNxajc1xFgz4vnEbfkQFXzpwtc8Z4bcw,272804427,,,0,0
2024-06-19T16:45:52.688Z,3ATXGGV75x2k32CN4oC78pnFMyYreRypcYrkEisfzDmTfnveLMgAycXjsJeWPNewJmFXQPm3f5DR5qP7KxVRdcSR,272804427,,,0,0
2024-06-19T16:45:52.690Z,3NAFjYbdN5c9j8EWRx1kWx4U4F5PTTP3ntjyUwcZvNqc48uEaSq4aBBruMs1Y3bAoVyqn8ruUvGVMGB1b8XRbQoC,272804427,,,0,0
2024-06-19T16:45:52.696Z,3PFPa1eFeMWwH3CGzpcyByvkTcrB8pvHSCSw9CQsdPexRvsn2M99Co3W93u7ubRksRCdxkRFEXcM3eHHaubAPwjn,272804427,,,0,0
2024-06-19T16:45:52.699Z,3TKVFNJW66kX3sHHdYJ6ncmuRfLaLxV1zzFV9JwKThdVBPC1jnVy2YiUCs2fMgn2r1qp231C6Fjp9cw9LC89iNeq,272804427,,,0,0
2024-06-19T16:45:52.695Z,2kwyrs3viPpwABRavEFdd8Ay1aLdupzaa3teAfG3HX84MeNwDjUm7UbthsVbh13ZiaoWEyC3ovkG8hu9YxncsfQL,272804427,,,0,0
2024-06-19T16:45:52.703Z,3EbPZUSdhhu6TTwoCre3P6t8oXYtBaeVPvn6MxkeAzJgYQAQ63FFkYkFpADuE5HfRbVPN38cHWhG7Q7W9M3ZV3Pk,272804427,,,0,0
2024-06-19T16:45:52.701Z,5A7Lv2UHcRBoWLics2TKC1B7EPgYjWSof2js1dCSXy1R9MZqbHHfUkQzR4umnm3gGntiBoYrf49gj5Xwwt1MMmbC,272804427,,,0,0
2024-06-19T16:45:52.698Z,3yqfQUKjjy6zgDxppbk51JQgbFvWpb59cHVFjfsuR7qcLDKJ2Cr4mBo3Wx5osPwKGBdEqPG5QWo7LTjzUnApzBwf,272804427,,,0,0
2024-06-19T16:45:52.705Z,5SF66dLQWdv1ucYF113Y9kGMfoVtm6RowYYAiJGMg55sddx8ZG6rq9YxAFfEaziP4JjJJmmJ2JiYhsV5tvfRC58c,272804427,,,0,0
2024-06-19T16:45:52.708Z,LHGc5A4rYokjuRoS4ceFSCsrgL39zKAdf7L2jvMDZgqANNRb5MEGwvwbco7KKfFdD8n2XfebfLSGPCEdAxpZT8w,272804427,,,0,0
2024-06-19T16:45:52.709Z,5fVQd59iErwm2s92Nzk4T45j9zvyBwy1RV1V3gh7uxrRbJHuTzN3WzHv35vDvDRNuk3AZTJE7zwBvcVEYzAws5uW,272804427,,,0,0
2024-06-19T16:45:52.713Z,2YtgsMr8cM6c3jzXEY8kYExYrE5JLq4taayBahTE8G9ForcEGFkhSbzajriWnYspazQw4z93b1wpmYU75um9sSat,272804427,,,0,0
2024-06-19T16:45:52.706Z,4SPkQM8YPjk9DAbToTY9xHsTakATriWnkJg7aXo3C7PgJBkuXpKT4y96VA346XiRz7jnK3yx4Mc3HUA3xUfAbxe5,272804427,,,0,0
2024-06-19T16:45:52.711Z,2fT3UjunQD8f8zUmEZMJoHSNWQ61JpBXwEqnYMwHTUmDGhRFHvD5ik34F3jmdxxx1ShrjfNxqBBbG7eTmSGEJyPM,272804427,,,0,0
2024-06-19T16:45:52.716Z,49psuSYYrNyPTWDojCNc4FJpWvcjW7yS9GEi8V3fQ1YqwvFVqg59meMCCL7ZYAYW11seRwrRrLbxDKBQ2BZCAFc4,272804427,,,0,0
2024-06-19T16:45:52.721Z,5D9DVhgUysAtU9pywAbm1563worqfzfzf35okqZ96RZpFwBtoYuNqGav8megsGg9wKC2x3eRXvXTsPepo8QJgaEp,272804427,,,0,0
2024-06-19T16:45:52.723Z,wA1YAkSaZqfw9PTV3p8qB8oLE6HkP4RqbjcvXuH8w2d8PWLGBLBGUhFso3HTGg4GdPG17emV1dxEJ18LUh6p6Zf,272804427,,,0,0
2024-06-19T16:45:52.714Z,5uVxQYTqHeB3vjs3xsovb1kHfiwDTmSq2bF24DvGwLtggfMBocAppnqpcQjNQsMAdVkUopNRac6MX6z88rxaSDQE,272804427,,,0,0
2024-06-19T16:45:52.727Z,3kwKSrMKbJ4MpPyysho7xpd6wnSG5HjsdNo127G5R4mR9J7ZxuUxTZMni5i8p7NfnAQQ3QR2S2veSBe5pYCrr7Qa,272804427,,,0,0
2024-06-19T16:45:52.718Z,2Yn9rve6FPobe3aH3yqKtPhabnzB1E55H3NMVLnz5yaA7oBymor5znZtrmKFRBpLvweUhqUc3n6WoK4ZakZRK3rU,272804427,,,0,0
2024-06-19T16:45:52.726Z,2mwrGtauBN2ejg5KkERuFzR4yzodThLXhS8HZu9ZbZ4wghwSQ6p3HTgCLkBWQpcCPFZsFP5k86hrTThTigPizVxb,272804427,,,0,0
2024-06-19T16:45:52.729Z,3PZfoxjYtRSmVGYxiMN6rxiRbSAjX4TncbumrC59MC3guj1eomhFzkLJvxsLfHkx8WYT1kXr4QWnG22aaCadqge,272804427,,,0,0
2024-06-19T16:45:52.731Z,4dBeSqH7BVcsUG81YgVke4fF1HmeM5p4pxYg2uXfi5o8EGJoSL68dkhSFbvENEk8RETDZatXzj1gJgnNio5sxJBj,272804427,,,0,0
2024-06-19T16:45:52.737Z,B3hHoMMhMjfUU8GHrWycnEPLAND4nD1X2yVoJW5S7za3fegcRALQwHiWLMwYZfduvPTiRJnQqnFJ8nUnKzP1WTK,272804427,,,0,0
2024-06-19T16:45:52.732Z,2CD34Mw4bZXwu5g2962fyV4aLNKXzfdtXdW8H6BF4uzt4CwSSECzaSHRbMTmepPWt1Kdj89BjXTrfiYoyDPaUnpD,272804427,,,0,0
2024-06-19T16:45:52.741Z,3aMzb8rk4uiqjht5hnEW3SusPzjJXjSUWwgyEyFiGgAMTdmERJ368b1FBMuMuBxw2mDtZcfJz2vn9GMUuZ7AoNxW,272804427,,,0,0
2024-06-19T16:45:52.735Z,7gVcyyEoDFamauHCTudFqq8QoCPJvez5yRYdP7ZWKCFxzsvBhAFpcnfJpDi92PH3iwMu9r5EP8aEjzeyxuLxG9J,272804427,,,0,0
2024-06-19T16:45:52.744Z,5uXMMAsHnLJuasYdiTC9cNZ1JMf1KtuoQjyBFSWutM8CZp1JHia1FY7fsEYUDKqhRDbVNTrJNsXFijfFsVMAkkdK,272804427,,,0,0
2024-06-19T16:45:52.746Z,3VPpzRgUtC2phDBUesdQsdRD8bMZLLQonNpg5brDBcsxq9ydDfXrhRo8wLD2GrpLunKg8NRt4XvegzFRN16gY6wv,272804427,,,0,0
2024-06-19T16:45:52.738Z,5BU4s76EcJZ5dThkLYbE73X9AsvQJNEo9ZafUmUHTbp4qgpDVnsmtz5aBozu6aYKhu6E1cWu4XcxtqsNV27HtpVS,272804427,,,0,0
2024-06-19T16:45:52.742Z,3qS4THJfTfKa2G2koxDMZrfT1rjvRgpgEGQ3eUcfu4Gcz4f7xCvwjtuL55fHNMedk3uAbWAPoqkdYbpPtAtsNpe7,272804427,,,0,0
2024-06-19T16:45:52.747Z,xtesHrfoF55PfQYFtVrnxP9Q1Vw1xhUFk4M71nF2dot4SiWrCrDHH971BZdihwxxaVBRqNYnx5bU53oA7AWaSkg,272804427,,,0,0
2024-06-19T16:45:52.752Z,46VDczVSrxqp8XiQRhEDGacyVmCPUuLerDLTpdkHR2erozS2xdcAQjWqyNRQjFZNs4H7qk1ifYRGbUoso9X4K6xU,272804427,,,0,0
2024-06-19T16:45:52.756Z,316HCeZ31Dek4RJX3wNzVdgzPV26iJF7wMpx2iRc1mXPpqnq2GqAHiC1TmGjvAQDAsiPm8puxpW5iWmW6YkMV4uQ,272804427,,,0,0
2024-06-19T16:45:52.750Z,djGbvvq7KDTDqQGDpshQUdgS99tFgzApWAnP2tqiDQVBVdgNhLPiv9a5k4DQci2CQEqkBRxDmWiejQQ75KPbS7q,272804427,,,0,0
2024-06-19T16:45:52.754Z,2NhniXHYGev2VAqwj2jwaiF1cvApnoAMijtQT2jrUaWMpt1rNAtyHHkAA67s92f3Z35yLaXDfzUeMrJut4eqJzcE,272804427,,,0,0
2024-06-19T16:45:52.761Z,Yc4K58eBEfArk5J5XBHKESmGzJJBfrsyUzPTt9VmMwAq1ksJqAqLD5Es5Fvwk9e8KXeLCRfdE91fc8TdENT6YNY,272804427,,,0,0
2024-06-19T16:45:52.764Z,5HrBmGxyb2aDtFUESSxgzwWcb6rDWybtqZWKxxrdU8kqxG26AphtuxYeVhPWi2SmAU8jcEHxqu3CHFShLxSabR2m,272804427,,,0,0
2024-06-19T16:45:52.759Z,4yj6h1VhnnNeYFJdAahxSHNMXyKRcNKk3mLGSfwkBeRodUuYgQbtRzfe3CUzD7WtG92ub7ybCxGgH3NVAbKHXrrS,272804427,,,0,0
2024-06-19T16:45:52.766Z,b4BLCSGcQKvpUFofkLjmh66UYEzh2drWvaDHDxTvQUnjvnQm3xnaqQSGR5gS9cMwZxUZWX5i62h4ZsxXafHM66N,272804427,,,0,0
2024-06-19T16:45:52.758Z,5w3WNZe8qhH83jtySE9LLDcPfLjdkLdf5NkBQZNLVtt8BJeokfbrzaegDRq3GNwkwjtd8ZEPA42sA8iHLFpSXqau,272804427,,,0,0
2024-06-19T16:45:52.767Z,akbja1AVwP9pdwX2zPdybPmQsQirhbAL2dsuKSczyaoYJtvbERy4d79dyRpLR6YsRctkqsbywtDdgjhAWSGd25F,272804427,,,0,0
2024-06-19T16:45:52.770Z,2ZPYfgTUuZ2PjNT59VVSmoKLXPFsF7wcNCZ9i1qftC94a7AsEYa4xtNw6XgvEgX9fH5pwpoB3PP4CMUzXysA69i9,272804427,,,0,0
2024-06-19T16:45:52.772Z,3jssmieGZLx8FarqVeD7K88RDjGGPmsm6kqCErM3KiTfAbBqWz1CD7X521Ej7gkJkVZK41hbosPEABzjeXFyayDG,272804427,,,0,0
2024-06-19T16:45:52.775Z,2m2G2Cf5HW4BQMwy141NNjVfFdfyUrk2K7MrPNASBuTaNskATs7fgzfh5Pfr6Gwy2Hign766L3KrBoRyPbmzfX6v,272804427,,,0,0
2024-06-19T16:45:52.777Z,5cmwmEhXACPePWEGBsPpKMSnvAr1rupUPmtv7wHvV7MNDENLCrhmq7ZVK2MMpUqZUeSRp6oaUcZTxoYyF9atVPyK,272804427,,,0,0
2024-06-19T16:45:52.779Z,5dw54ErxMyC4DUh7VbD38ikAbr8CJ4f1Sk66gTygvExSt5PYewzQYrCoPHEEy8aqQATwxTkin7ZL5Wxxv48X3EQg,272804427,,,0,0
2024-06-19T16:45:52.781Z,2gZZ1rzepVNUa2H67Umadw8c2Tvo7X3Ewz8MipaMMa83q4sW6tGygDrVh9Rr5jTy8uVHPV8GvEeqrUo2iakZVYHE,272804427,,,0,0
2024-06-19T16:45:52.774Z,3tmswhykEsTdxD9NriGtBmkdn7tzWQQGDyywgDmoUPAArdoATLQ2hr9bGKoJThjniKQURktnoLThd2ygSmYqJJAN,272804427,,,0,0
2024-06-19T16:45:52.786Z,4dA9JfPXYq5FGcjVjRSVeAochw5gvig1zgiRwbjCGs4BK96DzneT2iQxZDQPQaaqG5NNxp2Jg77wubo8rXmC4Kbj,272804427,,,0,0
2024-06-19T16:45:52.783Z,4YzwUCoheexLKD62sSZdfp9uQ9rMcekLDwHAF1qtDJEEdP98gGtjW96BDzM1Eom2FfF5bWm2gHxn7cCHBQ5JvnAJ,272804427,,,0,0
2024-06-19T16:45:52.791Z,5KqG6ZPVEKDdzg5Roqv9sxBnegCm217K29iGh5J1mxQUZ1xMxyxeFsrNBDGXKvDucHUxg6Xi1KWpZ7SQid6nRbvF,272804427,,,0,0
2024-06-19T16:45:52.795Z,4urUHkYfy4uTDGMTNGwtjUhRxTwgTm5VaempBmqYNu3wyrZ6SN2hECyoag67QpTWm1RpRGHExrJWBK6sLg1hsXYv,272804427,,,0,0
2024-06-19T16:45:52.792Z,2hxz8SBuTjRb5ypY7PrJY84JATcmimnfVTdY1GpVfwoYWXGZSXv3heG9ZkJXnF7xtsn2yQ9GqQdzqupS6kZJiGrV,272804427,,,0,0
2024-06-19T16:45:52.788Z,5LKGh1mbzfmbsDkWCaBkRck3E94jScZYW9X9N3YsqfVBBVhxGXW5mFB3Phtu9wZAiQuEzgZkAEjLoqFEzNcj47Zy,272804427,,,0,0
2024-06-19T16:45:52.797Z,5cxbJipf561TVV1WY1g452Vmaovvdm4CUMxPp7kSJZgFyjVh5DSZtuLsBK8TzXsFrPAJi2CUxk6FMmc8WzdDGzWZ,272804427,,,0,0
2024-06-19T16:45:52.800Z,2cNojAj4nqHhnjDKGEQmqukkqG6Nw92jbNSGBw633DsoaEe1kMugDGToAJDBZNJRyv3Brns47hezTSwsrC4TcZdo,272804427,,,0,0
2024-06-19T16:45:52.802Z,5V9hcFigNZ3nRsm5q4Je1Fad5ui7CJztS4DC6L65zpstzQWYnbxZngAP5pt9a7auoAWZmDcZcKFjdHK4afxF1bgc,272804427,,,0,0
2024-06-19T16:45:52.805Z,3Be8BSMqZcbyhw1vrLLjfuHcdkwQm6rLVZgdT2MH2x3882G5JgThDGFF9Ut1SXELCjnVVfaUudPL55LL4w81zNHq,272804427,,,0,0
2024-06-19T16:45:52.809Z,KKc6jfFq3k3AS6759HFZaWFJ6cHjB7q8mkGC6739V3sbEq1Aum4WPiaHgSShHFHSNV6bCdSEjPSSwRDdLvTEYPZ,272804427,,,0,0
2024-06-19T16:45:52.811Z,4St8rPJMGV3cagTBccFDnz5wGHSewFprVmEgKkZrHB8iiLa1nN7bGCjdeqWwRGqectResoNPL75ox9LSNZmabigJ,272804427,,,0,0
2024-06-19T16:45:52.798Z,4EbnN12XPkRGaCN1j4nUPoqESBdEdgBUMo1AwVCVdaNXpedWA9Va219ycEsXKZk3X9iP1xUG6BvGtYm8vp9zmJXc,272804427,,,0,0
2024-06-19T16:45:52.808Z,3ZCp2BYebvp3nW4i82W63tSHyCS8DtfuU3hrfMbWhfjabfMpuXjH4rBeCRx82vDGu3KtEK9HU6iJ8RWTUHrnyeAS,272804427,,,0,0
2024-06-19T16:45:52.812Z,53fALdp2DRSvksU1AGPjkuV2SZBCVf6zyjHaJ8z35CaJZdgmmBJoodXho4W1p48yyz3k8DQXzwobwuVriymoCBPJ,272804427,,,0,0
2024-06-19T16:45:52.816Z,3Ja1bF3Q3f3GTEFZMtHHNe9rcirvSi7siFceKTMvDcR1jz6VdtiNE1NYzNhC7MxYyAYG154kZzcckSLcLtxkd4xy,272804427,,,0,0
2024-06-19T16:45:52.819Z,KZuBMsbX3rtHrM9vt7ks3tWDJ8ovozvj6kY2AwHDYEbhN7azNeGLQG9qqRJKSFLafee5m2xfScN4jFuZe8zY5sW,272804427,,,0,0
2024-06-19T16:45:52.814Z,3n3yNvS5wVsPasHhVG7VWLbr5LMhKEEcK3AeXpCPugwwoAfSW65TZNYCrTEpry91jk3GVbhW8HaD3WLWFm6SmhJ,272804427,,,0,0
2024-06-19T16:45:52.821Z,45PwQ66qasRpUqXT5kvU9tXK7beamMUiKTcfsL5sq4uVhN4RpU2XQhehhWdXnCbnZaCufTHTaD3xAUrR4PVB4e28,272804427,,,0,0
2024-06-19T16:45:52.827Z,298zypvK1bFpswEMz5JaV71bpWUE2osyZVhsRAgy1aUD3RFhoGSnkGskivzbpLG8j4DeMaip3UywKVmfUWdYbEWU,272804427,,,0,0
2024-06-19T16:45:52.824Z,gwGhmE53TGQciU4Q5fMwQ31sYPHNcANz3c6mVqZUNPdV35k48ne621ZN6SVeytUnLP2eYWnDvPFyuAqF5rT28or,272804427,,,0,0
2024-06-19T16:45:52.825Z,j1NNL8shaVaPCG4NrTd6KL1KpgsMKVFt9tURTwKTEh6Te3PfbDj5ted2G5bFsqQF44MxvNhy2z5D1KTHPaSz2nY,272804427,,,0,0
2024-06-19T16:45:52.830Z,56yWKjTgUYcpb34tvMJtfLUByMobgzn5ZuuRpgHmV5RJQuJURxjrP1FHyVaybmFFevhXKmnBsghSqE9bips3JMkt,272804427,,,0,0
2024-06-19T16:45:52.833Z,5EPSWyVTDnsy7kPH3TmjwXedGU2nCUevPsZ5wFj3LmYshTijqDuDTZP2jmoHpfgvEmxHQNWnZZhGkpFfjdpyiDmT,272804427,,,0,0
2024-06-19T16:45:52.831Z,25uqHujSfWBS7nBwiPahXGfKoheXLo8uW9gAwXqy8JbuqQXvpXiCt1SAMTmwxe3xuhtTZvzB8edkQrqXifkJceGC,272804427,,,0,0
2024-06-19T16:45:52.836Z,4shnLf8xJ5jmX1bX7f2gL2WeEZ42b9gcQVAvFiwQ7QgdsVdH6gUECMxcpsZa3zXHhm15jVghjBx7HGD1pKioZMSF,272804427,,,0,0
2024-06-19T16:45:52.834Z,3sP39pXbUo3EEBNct78epJJwEcGYjg5cG8c2XJa9CjsFzTRGpsnFW4DkWx374FBn4DgezjxpQKrfkJ1iJxcXdsV6,272804427,,,0,0
2024-06-19T16:45:52.840Z,suotRxtvRWJ2LBiGEQ9E5PApvmoWmxnuLEv8yAuKvYgfpDwLApSGcuTUoF85MzCGwhKD7bG8FjWiSk1AFoqnTGj,272804427,,,0,0
2024-06-19T16:45:52.838Z,5msYSdUyP75sA3ZtdmfFRfiaug5H8HzxUxoLX6VkbiEaWibH5ExHckEjg9DWdhQM7nbc9Weq7ca1tVGxfA78R14n,272804427,,,0,0
2024-06-19T16:45:52.828Z,2Wu4ZRBN91xs9dFVQMiSNtVxY3fhFK2i6EiRqtryMMuSyNZurpDF6BGeFeV9aYAKkC2UnQ4BdbnNhrHipcAZRL8g,272804427,,,0,0
2024-06-19T16:45:52.843Z,2ufhE3YzK9CzBqP1duEywj5tVde5azEP7YSocdzZqCgYboqhoVvH2BP52Wabto1bdbzxa24DCiGdTJLULQdfbohF,272804427,,,0,0
2024-06-19T16:45:52.844Z,3HNktRavu1hkhVB1jNn4WS24JLFLSe6JrFTA9wTyxmcgVpN17oKQUTpKZtDLTi4ALqw4Kb23HAPqiZzDkH85qpyc,272804427,,,0,0
2024-06-19T16:45:52.841Z,5bXtcznrgzWswDQ1RxdDSqwqhz1BS9Kv4FFdEw3v4tWMZeWN2gr6wDfjPj6czT1J8uV5Yi5ATi93Yk4s7sbfxN2h,272804427,,,0,0
2024-06-19T16:45:52.848Z,2M8oMfZurgqvtys91HMiKxbRkvpVCJfeHZs9Dr9459xqZ7Wq5WMNEiNofY5uQPGJoE2FBmykFzygi2bee9yP1HDx,272804427,,,0,0
2024-06-19T16:45:52.849Z,28dCo1Q4xdpvXKzS4pweyvVt1n7p7CeXSskHCMbQeLM7Yxeoor6Pq8nszQNvZT2YWehDLNG73Ups6nrbZnqQ8EFy,272804427,,,0,0
2024-06-19T16:45:52.850Z,5WkXNofqvvRteB5fkpL3b3G8wBiqef6vXppqzLSMFyXKZ6sNaDLwqMwpyovqkR4rTMT3BXSSy9nVzgbHmG78dAvn,272804427,,,0,0
2024-06-19T16:45:52.855Z,3H2QwkLCwkYEYjUnteKKMNkNnWcz6C6NdkePM16GmQCFUikj8WtM6ig8s1zsqUxtSvtho83QJhmiMJjY9Srr8eDH,272804427,,,0,0
2024-06-19T16:45:52.852Z,5Hv2MKBFDv9pJxak1LedGtaAJUz5uq6Y6vHv1e8Qy1tJGTX7ACspBf4CatXAvUxnqoad1dWchrktxc8fu88b16ce,272804427,,,0,0
2024-06-19T16:45:52.858Z,4V7vmqG7iQRxqgF9ztPZt3bzD39hYrCeZmmWMx4gYT2AKi62CjbAgoaP8GSG8e8hcPCtjByfTHSyyULsyyMvYati,272804427,,,0,0
2024-06-19T16:45:52.857Z,5eg6JK3Pr1g5dGtH4GvgrttKaVWqwBPpw44X3XAdaBArEZ3woaSGz7uTF3P3LAyvCCfTAWDj6MexP3BXWs388CMs,272804427,,,0,0
2024-06-19T16:45:52.861Z,61XKMWcGcUC2FWY5n6chEWjwjJWxdXMPTyc9kRLfu3yLfB8ERAxN6yDHzCRL8mDUDHxfvV9QX2qbpXkTFBT36ogK,272804427,,,0,0
2024-06-19T16:45:52.846Z,dispqdUFZNRi3QNmiz4ZoxALuDRucv9rMWPYHeyLSeuLzbVNEhrab1qCDGTXddNXXhzdnuGkk6TWFmdgZpaRAci,272804427,,,0,0
2024-06-19T16:45:52.862Z,3XoVjfbhtFCnaVHB8TJQ5BVigyQD6i8QFAdvDbFy6pGJn4o4ertLfFiVjsJNG6Ebu5BCDk1ncEb38XNZbA349sYD,272804427,,,0,0
2024-06-19T16:45:52.863Z,1FkV6Ktx1UqHpEzHja4eZKfmhAXgsxjQo36V33RJoMGypteBRXJxFkrkXPJ6jHH2aWSozGJvDGyWaG8HR3fiEAU,272804427,,,0,0
2024-06-19T16:45:52.866Z,2xaw3xkRhpVXzQ4tL9MxMeDZie4TTFABFkSFNxfb4ZynQTMKrpPY2uHAWvMYT3F7pafgy6C4YRQXNgeqyXMcom7T,272804427,,,0,0
2024-06-19T16:45:52.869Z,GJoZoJugPYKYKdvNRwE4Vks3bpmmp2ytLS1tu29cghvfeijuGLSNB1H7W9LTwUszjcFjoSY1uQDoC1dV9KEiA6g,272804427,,,0,0
2024-06-19T16:45:52.860Z,24XVz6K74GLBuFMR7jqAbkbTeG1kZ5DwHc54hFrdkasf2UvUMgtew33MuMr8727U6GHeraLS56xgGkoH1dKxoYpg,272804427,,,0,0
2024-06-19T16:45:52.873Z,3W3dQomR3tgi6zbqKmVfmSW8aBEW6iHcjHHGshf6vVL7wmanFJU74U7dERD54rc4JEtJ3BmtfxJwTg3e4MMzGHgC,272804427,,,0,0
2024-06-19T16:45:52.875Z,yiXDWcWnZamB2Nh73qf2939SgMx8kKAsHTriww9K1sLSuAXyPssam25FsSuV9noi2QcShCcphhpiR9KkUARhMac,272804427,,,0,0
2024-06-19T16:45:52.871Z,Evk7uotPwPj1Tp6p7GHUVjZVY31uFa1pPV6g5Y1dfycUCU49jx5rj6uS2EeXz2GqHymDHZW6TkQoKJ9edsTHgWa,272804427,,,0,0
2024-06-19T16:45:52.878Z,5H79smB2SWkUJk2yE2y5EWSATcR4dd55aJnzfKwU7iv74AXLyjH7jQ4Ea59mN1yvWxAzUf1Rt1YmsxA6BKGBhDRp,272804427,,,0,0
2024-06-19T16:45:52.868Z,32sXxQuX1LKHaBKbtat7p11KAJWKrxpmm6fko3GysuvBhWnPq5163YgCnRfCqAvZHyykaHyqP6J8n6Q6zELD9cH,272804427,,,0,0
2024-06-19T16:45:52.880Z,2zWpytV7Es3XnJiTJvemxXEnf8vc8U9jUcPSjkdozMGoENack6g4UihwQEx7C6rmTZECYcZqKxc4CBC89x1k7SK9,272804427,,,0,0
2024-06-19T16:45:52.885Z,5mYaiqFxnURC4iJsFhH7yp9UbK4xxQFLsiQiYp7L1PNauskhrXGpBDrJnQFymkwtrbcbxRQqaoQAgTVQwLTqEW9Q,272804427,,,0,0
2024-06-19T16:45:52.883Z,3cPYf9RZkA5nHLjN1ucnPdaNpV9HZud4Bbisj6cD4YxzmMXwBaHDvvyfkqynGMS8RVC5JKvzTmCKNBj4Q4v25tNJ,272804427,,,0,0
2024-06-19T16:45:52.887Z,3rfDm5kwSnLzsaw6UWPrhsUuAHaJmM6f7RBdhwHVkHGfWbrnR6YJJqsDnFDmdjH8auC5DtWD6kyDbtDpoGvkGQJD,272804427,,,0,0
2024-06-19T16:45:52.891Z,5xCNLD8RKcTDKztKdrtRh31yy58DQZVMxMvB3qgdtTyG9VKuVRZhJ6Qv5eiRmyu2THBPWNun9pV27BFFQ85srdoB,272804427,,,0,0
2024-06-19T16:45:52.889Z,8mfoSafixQZJHwV3YFhE6s5ZNnsbsJQjLS5gHQBeLLi1uzypqBTNxxDAXVBRn3uFyLGZeTKfmErc6Zzxpx1TSyg,272804427,,,0,0
2024-06-19T16:45:52.893Z,4n81dMFJSi7UQCc5n89Yz5VhxVkSpktRTDv6NkrLJ8mPvCbiDJtY5CFzvR2sueRPCwX4FFMpMQDoZ6q5kSiWvuQC,272804427,,,0,0
2024-06-19T16:45:52.895Z,5U56Wc2xVuwwS7wtNwqAf2mYF9QspByd82ZjvzBjvs3ywo4d6fm5EaTwb9fxsv6DQxbVry5GiZDXjCpPCCnM5sb8,272804427,,,0,0
2024-06-19T16:45:52.877Z,dMEgZTtt65hRpyzaWztBkZEEMnqtNMcqy9v1cP17ZtiD2DptAagnqThfYYjqmVY1e56dtVW7jeaxL8wBrrHGk4P,272804427,,,0,0
2024-06-19T16:45:52.897Z,2wsZYE8CTyABqPh8jfGCNukzb82fPNNFngtVUoHppZUS9sFYPxpDiBQvHxLjG2W5WPndRu7k3ZZ3puJzAyRqsdtV,272804427,,,0,0
2024-06-19T16:45:52.903Z,3MHRiu3dADjMsjeTQgimzprsZ5GoXmiRXJc62JeaczeEHoK5Vyu6tQmS1vd2BDzycreWpzE544P9uLSx21pQC8m7,272804427,,,0,0
2024-06-19T16:45:52.905Z,2oVYmVMoHjkXjgBzemyJj4pekuDdRbsXkD6UiCYG41ogPJfcPBGrcLkN1VwaT43BZRa8JL2oh39a1eBsPdHz8K4h,272804427,,,0,0
2024-06-19T16:45:52.899Z,2m7zwET81Riye7apEerm9vYWLeBmioY5K7ddPEAdQgsXnk69ZGGg9uoiw4Nacd7AkTHQi2Gtk6w69ezGgXLphb1u,272804427,,,0,0
2024-06-19T16:45:52.901Z,34SB1aWj36ijTtLYsW3y4akjWTcuAWgjxmfSsKgEk9jj2Umv8a61kJzbQTCYenAzVNkgZ7Xjd4MXh7UqzQxXGCxv,272804427,,,0,0
2024-06-19T16:45:52.908Z,5xYB4Rhf53qb9eCnjmJpr7EBKrJT9PFozrVe8yeoHHeQSoxNKcwfrixCJrfEoBm7hTuZXQLC6BeY8nvj1T8pXK12,272804427,,,0,0
2024-06-19T16:45:52.913Z,2BVnghwwYU3hADSCGbCTqMSYSd9czCmNwCqUAEDroksGoxue8dykTqAZ2dAQZo95TxhuwPVR8NXz9zHmEC6t2opu,272804427,,,0,0
2024-06-19T16:45:52.911Z,5XQ7B2vEDbyrGxwQSJdpPuU3PCZTjFkLiwhuJ884D6C8NePvQpQxnjkojzepUQC2uLxErygNLedrchKXnLYVTFxb,272804427,,,0,0
2024-06-19T16:45:52.915Z,MZydYKcktjXRPGQzW31LyeVYnptQm4y1Ef21KA1YCyqEmtB2udpFEGdb1TuFw4cn1BvwEFFEmqYJTvJDgaHPwMN,272804427,,,0,0
2024-06-19T16:45:52.910Z,3sTx1ciJHtvGumNr6x9eWKkuSmE4tHBNip4ADhpdMACiaLp7QSpsqKhh3CtJSCNCrXXBBKhPAicUFPgxqUS8bWfw,272804427,,,0,0
2024-06-19T16:45:52.918Z,26hEwAq6KPbxBuWyjo9smu78DmesgHNZRX8P3JjiVejZbxGh6epU8YjJr9GUkLV8QrLdX7EAbn61wh3SRgzjE1m3,272804427,,,0,0
2024-06-19T16:45:52.917Z,5zkjPMswZ66tKayRb1zR1TGUnwDcJXR4xZwhzUP6PzX4xbCUfQdHaPtY7q73KLgdR8sFAAWQcPEMAMe1fcze5A2z,272804427,,,0,0
2024-06-19T16:45:52.920Z,4L52yVUW7HqJfd9nG4MjWVPh5tMjjDNVbV1cddA5FxjpoVRHvU9uPadG4PjtyhxuUJrvDSGeDsuWRGdfjsC3D6z3,272804427,,,0,0
2024-06-19T16:45:52.925Z,2wuWPghYsWeWsDbPdMQxo8XtRcCArnStA6W9r9qPMWMyMveCVk4c6iW7WNJM56rLNuP5xeGxSr3raLJDJBxPESbG,272804427,,,0,0
2024-06-19T16:45:52.923Z,5sP3cZBpdLMoxz3rifBpgCR3beML2VXojFyvJ541APe9MbXwrmRK6MCJ69iPPbk7uAzHKSPVNaGGz5XxDN8fGMHy,272804427,,,0,0
2024-06-19T16:45:52.927Z,2H4KAHkFXCeiB8erWXsFDe4qAyWu9vHPSFvjz58jP53aqQ8EktxGERB1n2iCFQGAmWAQC515E6k6NMBsfXuxMC9U,272804427,,,0,0
2024-06-19T16:45:52.928Z,36Mac3mifxRxoiGu9pCRy41QgiQMQGvETPkjVsfAii9TVnR5mHQE9Z3AHPh9D4t1sCMc5EKQ78QYWsUD4EJH9e6G,272804427,,,0,0
2024-06-19T16:45:52.930Z,2KRMbMQVB9e9hUzmPMoiRdwrMZwDDw47GrQPmFT2dTPfpXKKNHLnXVmqGNNn4rsZdLYKbKoFk7AJEhJM4vSQLZ8e,272804427,,,0,0
2024-06-19T16:45:52.922Z,3BuLHc4BoSnva7AUitcAuBxbqTt4UkeViPTsVmA1oUBjAczx7xaiTA6gWpGcP8JwAe7rhAY5cFQQLRPqJhFMcQX9,272804427,,,0,0
2024-06-19T16:45:52.932Z,3XgnmqJvX5MVZrHmtYamVn8zWjGc7bH4krd68mkEMo5gmQ7VnnPQxguGamfiw5j5dZz84pRq65jPYxHfHVEb5isC,272804427,,,0,0
2024-06-19T16:45:52.937Z,4oZz3mxWWFPgHPMG2yLBYPjrYbfRwWV6oGGV5bv6schWRt1cRVfDRPawaKfBKCQwVFARgwbXn5GjNo2zzC2QET11,272804428,,,0,0
2024-06-19T16:45:52.938Z,66BXQU4YFSKLyikeUAzd2qXAZ87t1A8AFCAyTL9oqTXySMvV4XBhEntcRaMJHJtNRzVLYTFfYTk9w7tFbqpj6KpQ,272804428,,,0,0
2024-06-19T16:45:52.933Z,5FVKZMprfzpHELJKShKRdvqM3DqumVoPwvZDnW2przkHkpu4FSgmbETRX2RXHRBbtyuvqm5eMnRmxsWXmjUu3CRM,272804427,,,0,0
2024-06-19T16:45:52.935Z,23JrB5zsFesEsTV9hAV8huydP1hWS92vZ3pqmVYZNg5aNyoVHn8Lxs7dew5LT9LGXV2ALj2bq7mrSVndYeTmNDKv,272804428,,,0,0
2024-06-19T16:45:52.943Z,4LFbnXmjuG18LaMFmF34bRW4tvEfDpjbf5ESYctUDpfwijDNwQXDhE41vyQkdBBEMLRYFNmG6tZJTUdMkH5vt37c,272804428,,,0,0
2024-06-19T16:45:52.942Z,4w1TQdFuNLxmh5weSiN7xXSXjrAH5k98eEEAX92QzYJ15ES1m2cQY98vWVNu8urp7CPNdDhADSnfakQKQT4fqMR6,272804428,,,0,0
2024-06-19T16:45:52.944Z,4x71AcUBNDQCDaypA751ixbfNdMo9X1xHCtKnXJQsThpjS3NUhTdscCbWHQknrdRnJidzqwT25YLVqePpjRmGtHe,272804428,,,0,0
2024-06-19T16:45:52.946Z,4b6kDnMb2EQwZ4hgpWPxxupM189Hg6bpMDbCuuaVxB2XRiXxwT3WJFS43dXi5AVU4vtE16p1ZEeTLnN5ZB4ggY4W,272804428,,,0,0
2024-06-19T16:45:52.947Z,5gm73vNmFFzvJdaw6tHYfA2rLPLZPLfnoRUeseKet3MnexVFbFeofiUDBLaKgsToe75y6uL5eSqMKMQSzxDrohLa,272804428,,,0,0
2024-06-19T16:45:52.940Z,3oKeMqHr8E1ecNhZ7K3E4CK4QDTRVGMjpmPYmVengeQpvQDzVgknrN2GW63HD39QJRRVppHYR7FETbrCSvEhN12f,272804428,,,0,0
2024-06-19T16:45:52.953Z,2WBNLVZCgaTCgfhPigHTQGeuXxbiJ8iUicKEtVdhc1xMsGzPomznMEegKeiq4swMhwspWstWULDa8Lhoo8AWumVk,272804428,,,0,0
2024-06-19T16:45:52.954Z,TkGokoWiRp5TWeQg2KkLi1vnvUj3jkeiKhpXfnxjN6YNbqXYKNU3f7hvtUnZZ8AD4bRLnm7oSK5zRhwN6KEZqa5,272804428,,,0,0
2024-06-19T16:45:52.949Z,64preCGawZL6cij3gprLpmGvZeWpeKg3dnKCSCLgjuH2XyseK3Pc3Kzmw1SzNT3PE9quP2DEbDRVsFaZFR7EfzGP,272804428,,,0,0
2024-06-19T16:45:52.958Z,qzrFkAkohxm9iX5k9ENbMxhi2pG7XqFpgeyRgXiS7f6SyTX1cdJShnF4nFe95y4r4kZUXCkA2gUrVmiN9k1Eam9,272804428,,,0,0
2024-06-19T16:45:52.956Z,2SE8VUNyA2fazaq87b9B7n9s5Wre4ToAsBewPLrPyW5kzvBfQDFJUVWByVrtkHCaqAjkUPY5SL7P1EBr1f7D6mJw,272804428,,,0,0
2024-06-19T16:45:52.959Z,nCuhDinwHLpDPuFgBGJqedH4EPGjmmvinLaqKPTpiTqFNhSUWiNejmS7usr9CUg8YwZkkrjedarqtVrDVseKq9P,272804428,,,0,0
2024-06-19T16:45:52.951Z,4rZVXxHpk3qLMRNqFiKCdcX1Yxqgy5ehUsjQv8GLtS8uBo2MaqUqe86Sb2LGEMJyoWSbE6qn6ky7hB5quXpp9zut,272804428,,,0,0
2024-06-19T16:45:52.963Z,5MQnzRfXZVUvPRJ2abHJR8MpTMWsMWbM6CTZMfJmQBzfKDvuzTh3qvRoWGTbMdTDhSAGZeuThoXT2oneWEb7Emwu,272804428,,,0,0
2024-06-19T16:45:52.960Z,2qp1YoFdhZnTx7ombMEYUpXJsnDsavvPRKo6BtoTmbfrUDZriTxmFwtaYpTMSZCVhFq93bG9qyMGfsZEjH3XdxCL,272804428,,,0,0
2024-06-19T16:45:52.967Z,SkiDRAeSgJ7kgWKhmApW915HaVFJHeZokYaCVaLHPZP39oaYdsfWVZ9VVWCX7vNB8Da4osaK8wGPs1zWufh4cgB,272804428,,,0,0
2024-06-19T16:45:52.962Z,5aCoUJnVeCPdw8XWANUwy7wh4vugY2LaEuiJg5zr465g7ozBPJ9ssGsGHQ6LwUmboDjkqPUichgW1fBMramghZ7z,272804428,,,0,0
2024-06-19T16:45:52.965Z,1YSQ2zXCzyXHWREPD8u7WAMQU4wZTmP2sK3kmuB5W8VMYys5B4vRDrbbgJyuA1MS4bapeMvRm3AGfdttdAjqAGZ,272804428,,,0,0
2024-06-19T16:45:52.972Z,W85H9mBf6JRZ9wVJHgmm2vsDKFC1aUpbjrbFaehXdwMcnR5AbkVJMhoPVqi54Tx8E16YzLuedRE9nosgo6uPfSq,272804428,,,0,0
2024-06-19T16:45:52.969Z,oQQjvkgwXKUHT1PcrG2k1R64Cj1LZuepbiDiWCRP8RszmrSQFXUZjuhdFfdbAHJPeo1S7sa3LsNUHYbsaei1gjY,272804428,,,0,0
2024-06-19T16:45:52.974Z,3UADFG4JKfhNDgZhzPSvmbccKgQniLkfJyMmMxKftRCtPHq64q6iPfWvLUZrsA9qNvwhdc3kPJSDodoZUKpRQAUm,272804428,,,0,0
2024-06-19T16:45:52.979Z,5GdFH1MVvrqemg5wdZgyJoAaqkBQEiVrf4riMND6DEkbLGVvKaM1b2xKkL1N52Zeph5TMxwDhLzp9EFrLUGetuw,272804428,,,0,0
2024-06-19T16:45:52.977Z,5si48bSPDGdviARtsGZwDX86vB89X4DbGJ6aqsxxkG8S8sc1Ci1VRHpEERoMeUpL5xnHa1mEhDxvCkvubz99rykA,272804428,,,0,0
2024-06-19T16:45:52.981Z,5Vst6hhC7RRB7mxjDsYD9ZozsvsXJrEZQbcNKXFpN3KE4gF8ZHtNEkfG7WUaHCJSUGTAbiqSwPEoEoCNaSf7Xi3y,272804428,,,0,0
2024-06-19T16:45:52.983Z,5i33CgYD4UXHSDDLN33oV4GQeC6hhvSebXMEHaRVb7Q7LpKg3YEPcw1rrWfgtPF2DH98fVW5Rfnf5nh8XVfBRygz,272804428,,,0,0
2024-06-19T16:45:52.985Z,KvisteXMCeoFNuR9pYDhdwfRreQNds7u6xMrfHoixHUcoWx3QibMvmHWtNnaAavcb2jvd2TvCWKdAszJEJ2oWZT,272804428,,,0,0
2024-06-19T16:45:52.986Z,3GjuhyQAhYzZHpKas5qz9RdjP7A5R9Y2MTpvqKdov2fh1UDqJVXhCKXtvqUws9FGeWHCYb9GT69zUL9ifBQx7GWK,272804428,,,0,0
2024-06-19T16:45:52.975Z,HCbGVAcXWL121Z6sjSE3smxbKTJbhuDMvywofMZGkPdhNh4HRuXCfRgQoDY9mTcqQd6kF7xg4YdXdXJ76CJgrDc,272804428,,,0,0
2024-06-19T16:45:52.990Z,4HtMJ7pztYNyNqxMnSNYGMistVUXknAfLN4MBQvZHoxSSrZXGMjxfA8tdSLk9BDjfFgvDDF1L3emEzULD5Ai8TAJ,272804428,,,0,0
2024-06-19T16:45:52.992Z,24AdSZ96zLRKWHPQvSssSwkMsn81snpGuoyHJiFz1gRPb5SjMyGZnnNCKkdqWTSWerPJQopm4rqsdCsYFzYtUhQb,272804428,,,0,0
2024-06-19T16:45:52.988Z,3zumj9LVkPqbdVKKuYsHwxumyj3XF5AtuozoPF4Hch2ruoXY6NtGAxyLRf6Afu2Md7rhn1SEjLthYUUjRhdKuBDc,272804428,,,0,0
2024-06-19T16:45:52.995Z,2fR7SwSywrR3e8k3b9KCJaWvbbmPgv7JqfUSvV7v2Pg5w6dGTXHQePKA25HGb7eYoczpPSGarjM9eSYJn8TcxPS6,272804428,,,0,0
2024-06-19T16:45:52.991Z,32oJ9juVT6ECgms2FF4rSmHVeSPkgV37G7ezPimktYaY9FpKL8iYoATggxhMq45JsTBxD1FTdaD4TSmB2UUtEMgA,272804428,,,0,0
2024-06-19T16:45:52.997Z,2VEbeJZJ3RKf3cRTBAZE4d5f1Nb2MHNC9wo3vj6s9iR536zMi4B2qxxHLnvmL6YLvvGH4y7uK3hhFsv7sHNrUnFX,272804428,,,0,0
2024-06-19T16:45:52.996Z,2LzPxJXAVTXtmYSCaXKt7fuu45GNWgUNLLeeZ3hBgw1sPnMs7Z4KjQzTTaCN2t2BjRK32ByGv8pD3wsVztoFqodC,272804428,,,0,0
2024-06-19T16:45:52.999Z,54aabyQcDxdxrZYGkeBZ1Y7mqMSqdrgjfaAa65cNwQg2Mm8qvmENapkTqrSZVrGJR5jZAGvP15xCGpy4F79sKs7w,272804428,,,0,0
2024-06-19T16:45:53.005Z,2nAzo6bsHKZrp3HZd4JVowqF1JSmKi353ABNqDi1uGZ36EQHTo1mZCBmvNsTA2p3uJ3tU91isqCd82w8nZGLcC59,272804428,,,0,0
2024-06-19T16:45:53.007Z,5orRktjtfzFNUudJnyjQezCC3hDSfMXAmmJvMsJvP7awq3TypL7EdrNPriwrnqZVrSSh1aTX8BmzfLoGoVdMRqpY,272804428,,,0,0
2024-06-19T16:45:53.001Z,2ByDJa3sWv6MF6ynaZ1RiwCSpoeWWoYXt431SDpshM8vD4WQN3RHpGqTEMvo49zqfE37AapodQUMze5MbzjxxRvT,272804428,,,0,0
2024-06-19T16:45:53.008Z,2SjXY8VeXTidKhEzKjJzWbBqYAAGUgYkxr7hsKu6TB5xcfnnnyXFCwEC1FnkY7K15PJwBMwdnR3cxC3a3baCYgDe,272804428,,,0,0
2024-06-19T16:45:53.003Z,4Urd6HkkRFMmvZzG5zZ3CiCqUWaeaXdVSgYbCTHq6ywcK22f1ftycs7GK3G2XBUSpDQethjYT8UVy5SfeWQWJLSR,272804428,,,0,0
2024-06-19T16:45:53.011Z,4JTqzGzkFRB8iyCQ3xqnrVfnVWS5KNhVE1U13KBx6BXiZ2eJRB15pvqSJfYAtuUvh8WPRdPkjfKHcYnD3L8eHVPm,272804428,,,0,0
2024-06-19T16:45:53.018Z,3iud8PKHFRknTXMrLajFyYT2hUwnETdKGhvNPKb3NKAb3ozTtBbE7tyRdwU3S2ghchi6nzvHCAu9x41rdnaE182h,272804428,,,0,0
2024-06-19T16:45:53.016Z,2TbPZo6Jq2nkozZ2AMZNaqXQo8SJyCRbimG6HQMJLKGykXaw2NyKqY164hZEjmcJxyaa25j6qa9phANpxjbZiGw9,272804428,,,0,0
2024-06-19T16:45:53.022Z,3TrTs9pjNYm1W1zu9Cpxh6XJCNtu1VANipWC7TTRvvaQER9JRhHkwvJzAemhAwt9UXtxDrXJAx7pmH14Kj2KgXsj,272804428,,,0,0
2024-06-19T16:45:53.023Z,5zgQSjJBccCDg2C1jaqap1FnDJP4uswPDLX4kCpkqo5F8TeXfQ68Tg1oqVMHFBTkfg7bcidW8mNpxMcBuiXz5eae,272804428,,,0,0
2024-06-19T16:45:53.014Z,4dc9xqxaCrrdiaPXBD9At3uv4WiDGKTyp9AmLQdniP18kYK5e4wpfsZfij6ZtcR2bx2eVv1xdmgEHjP2uNNLkgYx,272804428,,,0,0
2024-06-19T16:45:53.026Z,5GxWjWGMo8nHAT6o2t4FBfHcv1ifahHvhHCziMqaoqF4WiVC7BZ9vpVcfQdqW9Fb6rNXN5bbTqcmWM12wH6SitpQ,272804428,,,0,0
2024-06-19T16:45:53.024Z,2q65Mpjw1fH9TRf4SsCSKxitQUNKRyjepteu3QWYGTY6eui7AKkZeAaFnwQWVkiM5FXqi9E5oHL5bZv98g2XAGbH,272804428,,,0,0
2024-06-19T16:45:53.032Z,3hjLB5NgT7XpW9KxLP2wDCZr9TUiXMyQcp9oMMJdcbarE3dv2AdeM38ZEyDKvQhCVZXzYmFN8xYbrHAC9ndaMNEu,272804428,,,0,0
2024-06-19T16:45:53.034Z,3u4r6cDhUizPvSJcRcB59iNwtSnzqLwdKja1ifP5KFoNaxbcvMPYzPdmvNSGVKpm3NkptJHGf91S6wX5xMSkRitZ,272804428,,,0,0
2024-06-19T16:45:53.020Z,5b8qDbTKyRW9Pu9DwB8SPK9StNNnr6rTQC7aXqY1XPA5ASV2fCCus1HQb3B3JYPft9cBkh6uBCkGkZKR5U5Lec4x,272804428,,,0,0
2024-06-19T16:45:53.036Z,37qrmvCw6FWP9v7nZZzuJphnRZcSDFX1nMwFTtEHRahCfULXZMj4AwTfYaNyWtm7zd6aQdSjTJSWx8wJmN1X9DJc,272804428,,,0,0
2024-06-19T16:45:53.037Z,KyjWvtT6fVjYTt4f3YUXZUXBfrv7vzyTGcfc1AH9ZwdseQrBWpUJ8hgWzhgPYBRXhGGBHPXvFVV1Wu4yC3qJZJA,272804428,,,0,0
2024-06-19T16:45:53.029Z,3pxCFLT1wyortw6sfQmSPJrrxUDq7awQ48Ngi2ZMcL5bY9rZfyLnXSikXzRTygBEUiFuyfXPEtKYb5r7ucbm8FUL,272804428,,,0,0
2024-06-19T16:45:53.041Z,3xxVqQmvj1rWJi8dm9chLQ3QzSuiu4Vf8N3L3owPdVYAzEk9zSDcMRDcYGBooz5es84eXfRckb3DAym3XasrByJg,272804428,,,0,0
2024-06-19T16:45:53.042Z,66SUXxQkUgvcsNjF3ku7TXT5FeGaihA2fAdQYFHGftQaFCzVZ1CDUV6kLPoQM8rxTY2Vn5pHHZ5YyW9ASWGXjEWR,272804428,,,0,0
2024-06-19T16:45:53.047Z,4NEyxNkmYC46wdavC76uKVYwsjVrBsSi6XSmscGwCR7SAydJU7wEnzpwNbWHY4ead6QCPxjVM39ERhJK5PJp4caV,272804428,,,0,0
2024-06-19T16:45:53.048Z,2e9RsVMkxC3n6nH1sURQvz5tPtqzvN14q9xMqRLebkXvPY27wmkCrTrojrNuoHptqVgBv79guQ8wmyzq5uytV8Vj,272804428,,,0,0
2024-06-19T16:45:53.044Z,2XNojZeoomR54JS4J58roAvvQe7sGdV47exxvpo99PZ2fLJuSxseJpT5R6bNfSiQMByZD7jsmnFLikesbYKKfyTp,272804428,,,0,0
2024-06-19T16:45:53.038Z,2m1FCxJ7mnLwQfqZtskM79YiKWWbQkkXBX1HAxBBLDqkiXDawMrULN2KVdTBtwF4WvpgsHRqsbdvinmgsDpMMYc1,272804428,,,0,0
2024-06-19T16:45:53.049Z,xAEbUKb9FQfsfwhFPhUKWXujoLrWR3BfovS4uC1PA8Mpie3RLBUX7BwitaVFLDGpooRuuHkyngzEYCG1YZHV71A,272804428,,,0,0
2024-06-19T16:45:53.053Z,3QGi8FeJmz2BXcKmoffgmskgQbaVio5xcsGucZg28Ya9PFatMp7w6wR7xXX8w4t9pyJchQ91Wzp4F6GDCuAXA3Qd,272804428,,,0,0
2024-06-19T16:45:53.051Z,62Su32ZnBYkzTAiLboo9qh7Lnz9Gs6Bz3whUC3GvBVY2qiFCMA5G1xwGwuSgDJ7pisZuKP65tM6SsBdpjQWZjrD4,272804428,,,0,0
2024-06-19T16:45:53.057Z,6NiCTCoXkuZtbp3UVjowRirmGj5NN33wSBU6yRaaJQDZ17VCU13xMs35wNCwURtieBRiDEzgJvRPGLH8xYarhvN,272804428,,,0,0
2024-06-19T16:45:53.060Z,2qAQLU6tmEE9ViGSRFv5vvzfr8HHyNR1X8UQaL8wdJYAnk5PHatwNt3jyFGBMnvdhS6671uPtE8MRShxsHt8JFh4,272804428,,,0,0
2024-06-19T16:45:53.054Z,2qghwBGMgcDjENffWGEK2eLLrqYC1ttgQX75NEsvNN9S35scwsYpsToPmhGBaP2svz33UtrLGCgnUxePLRtFL42m,272804428,,,0,0
2024-06-19T16:45:53.064Z,RmZYacUjvDcgmoNeHdFgjQHe5CX5yUXhP6BLpF3w1yFB2kt3KQRXuauoxV1LWvt5Ew8MdE4u4yiH9TQX2cJFeeC,272804428,,,0,0
2024-06-19T16:45:53.066Z,4kD7n8dqhPuNZatQstEAaxHxf76MFxae6ruEw38b9NvEAQP5gUesZShT6QqPDNES1kWg5nS9qFoFTTUqE15yMnma,272804428,,,0,0
2024-06-19T16:45:53.062Z,47cQYnYUMxeNnfjnTjH9X3qn5z4iVzDtCyMBv8mhj2Qej4xbh3hAcJnbQ5bpa5bkhRbo45oqWTx1bhGDP7WKjiXi,272804428,,,0,0
2024-06-19T16:45:53.073Z,3pPY3bCeapHci3KE86xFyixRxU4uaBmxcrkNwBB2WG2WcSgFPtbVAxz8VpUEuA6zyy28BDFDYf4JoPkccnRB94Nw,272804428,,,0,0
2024-06-19T16:45:53.070Z,3JsVsoa72bckWCw7swERdeAMZDb59hiBD3PgXtu6bEno4MxSvWeStEyymWormbru3RHsi6hvCJgS74hczqd2W5py,272804428,,,0,0
2024-06-19T16:45:53.077Z,45qZntFk49XLHsB1D2PfVMK86TCZfyVR2BLnbqMBSPz7ew7Ee4WGV7kzSJqNXmr2gmgKUGtowLasqjYYcQs2UQ5b,272804428,,,0,0
2024-06-19T16:45:53.068Z,d4Xo53w58eSyoC7Du9x8nGBtRMdHbQrQyVud8KQbUx9BZyi8fp9JmehptxomrFm15L1ch6KFFCqcRXDKjzViJFm,272804428,,,0,0
2024-06-19T16:45:53.079Z,4hD5CGaLokZixCBV7GGb9PKxWdp2Re39RZDa262tw3X3d84KfBtzjvASDn1vySGYrouW1c62bn5odJ6vt9dTaG67,272804428,,,0,0
2024-06-19T16:45:53.081Z,4drthzhb3xVxeRrYn1G21rDq9i1SDTMSDbsg3pTLGCRnjHAwwWHmtKfLjkCrBYtn6yt2QZ4YGUDEjQDSdvg7ogV2,272804428,,,0,0
2024-06-19T16:45:53.076Z,5syLgHGLCYzbCNQgF5Mi6HtV2s3Cwz3FVZWkrh6TRdFRNr6pPkecuTSmf7Z1CuVV6wjG9Uy5C6DT5q9DsPULR2tB,272804428,,,0,0
2024-06-19T16:45:53.086Z,CWAkLTNQsNF7VKT3isWDQSjebVeXKjGShNSppmanGcJPjYo7AgAaXjb2nJr4a29J86e82dRP5VjT9xfHLCEdmyY,272804428,,,0,0
2024-06-19T16:45:53.088Z,82dMKp9XetcvN4CD6yq9oTFp2uMMsjQDy2oQFxWTYTwRUcHoKqqE5SRWjf19n7EnNu4ECsRuKq21s2e2hcNJvdH,272804428,,,0,0
2024-06-19T16:45:53.080Z,4LNk3ZeNV18ccc2fsU6X5Fv6b1GgDJnUnKGyAaADwiDR7Rwm3Kjn8McjMAtwS1LavGvLu4isz38uwiZJBq5cSY5n,272804428,,,0,0
2024-06-19T16:45:53.090Z,49S3BsiPSErwEEj6ZSyUUVYes9QjXbQoWxwFhLRBPmXUYj6HqKEUu6iugBcxfcTCBJN1SfMWVXLV21tKPDH9Gio7,272804428,,,0,0
2024-06-19T16:45:53.084Z,Drobnr1XPVKtw86UE1Q8oU3wDWbhocGnV1RLBNUq41vZjjEMq8rjjDC5A7Bm28vLwDP1DTad3QgKU2s5aTqzh9n,272804428,,,0,0
2024-06-19T16:45:53.094Z,3x1BMzC73r34n8JoHZ7gPt5jMbDrjEJgbNopB1b5pu5s6h42xSLQtMx4TnVAAtShJSR72c8cgLL2wyDAik1kx8a5,272804428,,,0,0
2024-06-19T16:45:53.096Z,4yjvw3D7hcygQBde5uah2RHxfGDsgvL4quQA6n9X6MYaurHxYcKQeW126BYa6csMf5SrF1SKS6Q2E3YmMLG8FoDW,272804428,,,0,0
2024-06-19T16:45:53.093Z,PuzDQmtJiqDrv89y82CmpnadnogXZSMV1uFqAo4kPyDgeXGoS9fuhhjskLrvvnHCr6TawjGMhpySS4hRYfPuzcQ,272804428,,,0,0
2024-06-19T16:45:53.097Z,554ixMDxCzV4XXJ4fRZRCfoJAY2wCD6qUUfsWqTvev4LucvhhXgE2FkYqA9BQne3LPjZVYM1cyQkVEiR76MUnEfa,272804428,,,0,0
2024-06-19T16:45:53.101Z,4R7yabcue6javAZZ7erdhhyP1TGYNhGDHABUB98yP9AD1gH3aue9QhxAPcEgWvTWb7s1ubaGZjZ63nekwa6oZcDk,272804428,,,0,0
2024-06-19T16:45:53.105Z,52PFCsa3qJB4NcCn9bMC6BcSDw2kJhkaNgTBLUC2g7j7DZ1EEJhtuYFfZDhkhvce8N5jAAkg6V5uybyQzguBaYKH,272804428,,,0,0
2024-06-19T16:45:53.098Z,58s6f12JAJEMQmWS4fEoZuNnpCB52UkYLFLMcpu6QntvhT4aVc1TWdZKawbNcCAW7jMattZmXpgJyNeqs4cx66ea,272804428,,,0,0
2024-06-19T16:45:53.104Z,5Mo8Qf61FMfH9Wx7JWQ5GUV78b882Ci9vYiagiWgmGp7AkUaQa2eJctLmSvm19G9sBKFxUjo3t3QJqT1SfCCTSNY,272804428,,,0,0
2024-06-19T16:45:53.108Z,5uATidF8uzBnwHvWqoaEvL4ZLHQeMR16bH6zAVsXHz3q3Hbgbtu42TfSemqe9Hifnv2HMhEwoT4Sc2aeKRTBpxK7,272804428,,,0,0
2024-06-19T16:45:53.107Z,3vj29dwiWzWuvM1A9YjgUesYS8LQUhT8daGhLHrWAasZavFEagnbnLhjBxMZWWamkpqdCQM9xP1GSjJJy7xPVVR8,272804428,,,0,0
2024-06-19T16:45:53.111Z,3eY6sN4FZ7bJ51fTzGoPNZKUeMs4H9gM6Z6DVjYdtQwcG6y4kk5W1iB1HpBWwtVu9s9pxB2Rd526W6heUJgGUxP1,272804428,,,0,0
2024-06-19T16:45:53.115Z,2dV8Af8aWxjPCHZWj5GB6nzyKJTGJSWpKheG6jrmsQPDkX3FfoQT46rShWaRW3D4Yz66LvhMUV91W3JNrHBFMd24,272804428,,,0,0
2024-06-19T16:45:53.112Z,2Mg999nvo5wqieCMwBkeHVNy28zNVtifVnu2dEEjFga3L6ygH1yoPqhvsN7f25bqdrTeR6nJauPeGMA2LGys6DrJ,272804428,,,0,0
2024-06-19T16:45:53.110Z,4DJYsPEGM5pTci47RDUqCrs1XYk7TWmcs9tMaFpu8r4QUJxT8krSMHDf23BTrqqaTk8FLyGiUci7CLiH1XL8t2zx,272804428,,,0,0
2024-06-19T16:45:53.117Z,4XmBRkYEBCgd6QthkBXGGXDZYBnyjYMe9tZtvV3U8Ad7d6AnnRKQDmajHoxEe79D5qxyvawjw4o1W8N1PVUwsm8y,272804428,,,0,0
2024-06-19T16:45:53.119Z,66AMpCbtDxjjfsMhYpEAxAwJDf9fHid2v3B5MtY8XjLU8D9rhSGSNNAkajDnoHKgELMLnB51WJZPSs1ezcBP9tWd,272804428,,,0,0
2024-06-19T16:45:53.122Z,QH4fa9Soiw2ghzsn79HfJHv3ns2ZwBeUAriEMig7nombb1p9PVuXrAPqHFPM5NduW5p78Si67a81vUSkkkFqWZq,272804428,,,0,0
2024-06-19T16:45:53.125Z,4gpDcv5DaocmiFMVpHmyGHbczJA87odfTA1NrzfU56y3BLPfXFUh5YWqwi1DpqYoNckA6FkT4j3KBLiYFkig8Qbw,272804428,,,0,0
2024-06-19T16:45:53.127Z,44hzWgYKAoKL973M4wDHqXKBqJbeUqQhBNdRJyGKbEH34mSA3HezbzRj24HmTTSmqp94Qxpk5ntQPhWcUsr9ywW6,272804428,,,0,0
2024-06-19T16:45:53.124Z,6xjDxiEy45kTff82d4tsRiiWUAEEAD1QhK9padaZCtoFGBxUf6ZDhBAiTUyAPE3pppyd4ZKc71Vqg5mE8huJh28,272804428,,,0,0
2024-06-19T16:45:53.130Z,3svGYnYxUEKbS7uvCay2FjXncuoYUC5wcbBz6gSovs144xoV1ENPxCKTRUcg41sS9bjQLLRjprpQjdPXpctTXwm8,272804428,,,0,0
2024-06-19T16:45:53.128Z,4Dfj8mRBi8i38xbtkgk4VEGqYucnAytzyZdjRceMGvkaGioTMhgSrXh74w3wGWMaHr2XNDyumuyffbWcyJtE3jyq,272804428,,,0,0
2024-06-19T16:45:53.131Z,5dSRdrRrGHcKJkMH4QzMEfGp6bhVKqSKSn5Tw9boZ2ckJKwvdBQvnedSH5ZiCfLcy5qyBU7zcCvsKhcuAw3kQ8x8,272804428,,,0,0
2024-06-19T16:45:53.134Z,DrfZTjnZUXop16S8JjAUM6DcfTf9BBttf31xHb6Jz8WTuD5jC8yATEFQGqf6AqgU2Fo5RQnbABmyuio7xEwtm83,272804428,,,0,0
2024-06-19T16:45:53.139Z,49p47DLvDZiUgKdpP4KqQToPdJKc8N2suiVEQVCcaySKoBXFZN5kHhLjREmqwYidLHFKJdphGSwfFQ48tfEwFay2,272804428,,,0,0
2024-06-19T16:45:53.142Z,4d4LDegXfeKXeaQ5KRejAjQqDEnvAgTRdDbW3du8TxNDMz3iDvkYGbf7PGVPhJTkhAzsf7M1PXBTiMjKAKz8UxmK,272804428,,,0,0
2024-06-19T16:45:53.137Z,2QQkvSKEgtmLYG7cfAK8AMgV8s6a5YdJ4MRbBoRBcQ9nqPY4A9LcNeZC9B8KAoeBNdRGBuSWPFV93M2RGKKUB9LN,272804428,,,0,0
2024-06-19T16:45:53.144Z,CBuY8bzwVyUTEA3JudojV2k3jvXWqEAD9XKSeZnWiUTzrTj5ojBWwixKH7JKNAauaNqiao1iAW2qxzz6qdVpUUD,272804428,,,0,0
2024-06-19T16:45:53.140Z,5eTrjJg6nT17ugd2rjxRZYY4SgUP8CDHyXf3aYGWJYiKPvLJDh9Kqb625BmVsBz6kC5r5RCgm1vprhEannS3zAFm,272804428,,,0,0
2024-06-19T16:45:53.143Z,5PXvaFAgvPewpi24x8tsUew8DywiChdDuy5brATRb3QZSZsDsJ9HuKmdk35JJt1R1usATRZDvN8fhqYnNGMidfHd,272804428,,,0,0
2024-06-19T16:45:53.146Z,2mUM2LNahAyy412xLUXfrFY2oLMdwURjGhG9hNay7Lroi19Jvnbyuteg1WGxGPeVnEFFa67b8idQsJ1orqKSdRWe,272804428,,,0,0
2024-06-19T16:45:53.148Z,5v5QzNLEh9UhwAGVpPe4jWZEaoorRg1GMy1JtC8va5w44UA3cmJBf1mNWB4TN4WLGzAbZMJY8mhheyqLhwPun7Mb,272804428,,,0,0
2024-06-19T16:45:53.154Z,51ZydSV5haAhbjGGjs9WDT9zs79KCFyBRvHpbY3xP2sVF77oYtc51eBaZLfTbvCQeFvBsKxUpHxgbHEnXWW5Cu73,272804428,,,0,0
2024-06-19T16:45:53.159Z,3Krxsv1tuzkTzRzFdQKQGhyfXxpeJRaaKqcqXx9iHDXRA3sEZYrBj7uXtYfWVHmqVAbVsB2uzP9JGqJ25Z6C69L9,272804428,,,0,0
2024-06-19T16:45:53.150Z,2Ca1gAicKGMVbSEa6VxiUe1tTqXJtiSqvNm2q4Ew5VGs7JEZAj3z34cYVkM3EstHzz4aFnJzQWesHu7F2bF4DsrH,272804428,,,0,0
2024-06-19T16:45:53.161Z,2qvDqBsCecxAzphbyDHz6McGogYVwV3oMJRqN6xbfmHtbbT9pjLkVmMVV9SJjsdzR5bCVUtHpKEtv2SBCbWAThWQ,272804428,,,0,0
2024-06-19T16:45:53.162Z,37CEdSxQNUVzF5xg2rZGXK8x2wEGcdGLasSPSLBz13BpMfR88YHXQVZCRnJrurNfJJDyj4K1r358L56NoS2MB1BN,272804428,,,0,0
2024-06-19T16:45:53.156Z,3wW5NGBH1dHpYcSYvtajrVdGVPWW8zezVNvnzhVA1Uvy6HDSFeLZkVuzyfoW4hCiP9iXz43bN72usr1Y8ZEj3Fj4,272804428,,,0,0
2024-06-19T16:45:53.167Z,434caY7ZHz2uVsw2u4Gz1YwFyafUiHqghyA6E8eTQKkBhLHhwoheNfjVqUk6EBuwA8x3T9xVQSyAQN5F3F7gQMXZ,272804428,,,0,0
2024-06-19T16:45:53.165Z,JTY39JGuYYXprBzhYG7TU8Bxt3SFx8kr58RDC25Rzinf8TquQoVkwDXpbFibfgqCffuaqTmfZ1CHrxrDtFqi4Wh,272804428,,,0,0
2024-06-19T16:45:53.170Z,55viZCXKkPVCW95ufBhyTikMJZv4EBqAWb4gHW9ykAhRTasKJ4eWZdfnVaGHoamvnkJNHvHxD8jzcLaCPNWBijpH,272804428,,,0,0
2024-06-19T16:45:53.173Z,3t97AUXLMt57XREQc2AurBarJdwvundZfHvVBfLfBpzzMxf6T4XgHZw4QnULmhAkFpcYKwEofZpQoLrRfchq9Ncg,272804428,,,0,0
2024-06-19T16:45:53.177Z,2x4dFMk6Cd5QE74HHXXWkTxViLSL91bMHEJAJT7PxMG5NLjpfHJieAhfioUAvErmHYfRumsPXGp97zAhqyvuxSM2,272804428,,,0,0
2024-06-19T16:45:53.164Z,KPvVGJox8Z6WfCMcXkx5B9CX8VZu5WmnX4YRYn5vA3WztJwNc4y71CYabyNAm4SBdVRGDEDvwuJAKrkHHVWEHZn,272804428,,,0,0
2024-06-19T16:45:53.175Z,5qdRLsb2o2cNWoZ8VdC5RzhUQGcqK13rDnLFzRvB9AvrYpo9sf7R7nzb3L8Fzn6zZ5hdTrxAJoj2aPvLwXCko4ng,272804428,,,0,0
2024-06-19T16:45:53.178Z,QHjAvMjRKrXTTjQLkUdFu45Qkp8NPSNkX31HMx9GbyYsRDiECTRowTK6mifW5DwRdfd4BXoWXDAytnwEK4yctJh,272804428,,,0,0
2024-06-19T16:45:53.181Z,4Vk6gG7WnUgngG99U64bzcTP8Uj18bVxMGz2C7i2rAW3eKzAUAnN3JoWpxXL6E1SMrkp2Mg7sTBLitdFYXDVfcgM,272804428,,,0,0
2024-06-19T16:45:53.184Z,538iUDbMiY6x3SeW6D62hpTf4pn5B1bXD44oX1bfHiL6xz2D5bai5SVonmCH9cSETUjZcx64JNKqD2J9HProDTZy,272804428,,,0,0
2024-06-19T16:45:53.186Z,3usbe3iTWckKPfmvPf9zBrc14AUV2w2uqCaesQkVM4GsKTtm7qza49cbrFzFEHedjM4YGvpcqcv6ckUUBALNPp3L,272804428,,,0,0
2024-06-19T16:45:53.187Z,5umC7HBezKk8UBasDzpzKVgVp6fRd1VsBeSJZA9Vm6WL9m1JEuZDafobutqNoZfc1KmxpvG5e1XZZh3qHnvPEopX,272804428,,,0,0
2024-06-19T16:45:53.183Z,3u7pL5G8ErxzigJ28K3h2tnqeKCw41JQSuJHHVGbgDsQrnpMLshTSHeSdwf2w4ZUgGiD8aiYQeHYYEskADEFi9m5,272804428,,,0,0
2024-06-19T16:45:53.189Z,4ZRjd3CWJWywLRSdj48YUfPvCoYuD1dazbvpv11KYwNJBchL16LyLGqcAgYePrLQoi6smwdLLwZFnbL6bAm3Xssa,272804428,,,0,0
2024-06-19T16:45:53.194Z,3CCCovW1V4fdoomj5LsCVQXw3yRnbCANdQfRAmvTTK33NoByx26aM7f3dYTAfPU7ZGcY3yYC31WkA1e8n4wZHHrp,272804428,,,0,0
2024-06-19T16:45:53.192Z,4KeXfXpq8DZKXseLtdsJx9EPMvvnVs78yWqVvQdDa26bBbPLPwDkKfnjywLkghkUPYmjQa7wyWawYavamFhnJ8Jz,272804428,,,0,0
2024-06-19T16:45:53.195Z,3A27rJzuzbgxtC3MCW7oGKwgbrd2NuftkNPnyZNYq5XXwHXhF7MeMgV8L8vresNVGPbunQ8gFoGi6JmqKKZ8Ydvs,272804428,,,0,0
2024-06-19T16:45:53.190Z,r6tvN6LT54aFLhDx2zjHHBLjRGgqzNhZpcnJZb5ryp1gwnP8XkmzCkjvHQbRJimPZDi4PGxHkfunqKgtW3HdfYH,272804428,,,0,0
2024-06-19T16:45:53.198Z,qP7dgv4YCo3h9NTKkFBztcLR4U7xSNxayUVUpeiZEpZj81NJWaRoAYzGg7XQpENmLvaXQFYGv87TB4ex8zCiqQW,272804429,,,0,0
2024-06-19T16:45:53.201Z,5iFK2jw3rqmuwU5kz6kJk8Xten4284jn7BVfVTpKjjU8rWicJBicuyKkNp1onB96h3aPV9Dwv26M6nCWEqfPhhxF,272804429,,,0,0
2024-06-19T16:45:53.203Z,523AiLVWwrrLVbmFkK2PTQR48oF6Dan4GRRmAQkc1LapQYmNZK7Byz7kZQNb5Ee335oEVpesdLXKXBBu322gq2vF,272804429,,,0,0
2024-06-19T16:45:53.197Z,2kY62q2xYEoe7iWHzokJBPgtUotkaFUpsQqsZZ7kAuXHH5S28yhr3SkmQCHhR5p4XsxDcHWy3VVuQQK3roX6AXBP,272804429,,,0,0
2024-06-19T16:45:53.204Z,61SBjbAGg4kD41jeSZ9BEFDne9xtFzfy9MSm1yRBsMMe7zoPU6X9dXYBmtrxU8anapkd7bvvczNF1ZV3qjYuEaUU,272804429,,,0,0
2024-06-19T16:45:53.207Z,xPvg2BApyLTLjB2UrPbm4EzPs9DHMX49kMdQqJrwHUMeURqWKBWrcfPYtEswhDA4QzVKt3tDTTe4mAdaFgmcEtH,272804429,,,0,0
2024-06-19T16:45:53.208Z,3MFftu7s2s9VJRkaJLCaZ8UzYTNpFdeWTYE6L7fcMD1REbUnQuVNBdbLcPdgc18MCPmWN1JVf9p3VHsy15hgoWBB,272804429,,,0,0
2024-06-19T16:45:53.210Z,p2shf7jGSuNXfCqpwmnTG44wHTZhd4PrvK7zqCy4okeXdL1Gy5xZmy5yRseGB6PPxVm3d7o4uAZ8VGMUjcEnDos,272804429,,,0,0
2024-06-19T16:45:53.214Z,5xRAxiTUzeEbaS6VL828GKDuTXcfE9aCSRzppyd6dCXsUb2ENdekaL93532hwsVCYE9RPDwZwyca2bGMbYDaXaZb,272804429,,,0,0
2024-06-19T16:45:53.212Z,67PLSf9AgQFqZP8oKpFP9o4qMP8ZAnQPR4UK95zaqs8ju4XEFLwMgBYrSfu12LWsrgq411Ws13A1fkW3jdh2GC1J,272804429,,,0,0
2024-06-19T16:45:53.206Z,3VeQ74KRCH9LcB6XhnuimPSR9YSopAySvsBf5WwtudyyPsSbDRp43ZutKmVbjEAMb9ohMWgnzVUgeegBcregoBhN,272804429,,,0,0
2024-06-19T16:45:53.220Z,36uDfs8uYukzZMioEykocnroqMpKJy7Wwn13g2tFJgd2ngwi416aVFa9C8LQDCuUapeBzHCZRsdVyEsXKVxTr2Ud,272804429,,,0,0
2024-06-19T16:45:53.222Z,vnJtPvKoecoXmcUfoP7GpmxA2wmvgwScpdMbzCLLYUWj1o1ED9qc1Mb46yS5PMDzn2CVjBz4GC8hDS7DUBSkCQ5,272804429,,,0,0
2024-06-19T16:45:53.224Z,4it9RqiPMePAYXFyZT7GB7AxgMy1m7aruDyg7o8Zf3sWyRZUjhCfZaw5ievtBTdiEotDuNFiHvUdNPCCQR66oQS7,272804429,,,0,0
2024-06-19T16:45:53.217Z,pFicxWn9V9WVDJmshoaqsmve9UPwpN7Q9PNhJo1QjMwFE3snheFRuQu2C21mib4jaHjJiE4mbQSmnaFgsxV2MJG,272804429,,,0,0
2024-06-19T16:45:53.226Z,37xYscxMZ1MpHjEPKeJ9AEvN547o6YafN958BD5KWQ9ipvrEVHtVBbGgjuRBX45brxasYYmnDDCbWXBWDFFrUv19,272804429,,,0,0
2024-06-19T16:45:53.227Z,3fXQ8eak7Nk2Mctf3Fib3iBVwUm18956fn97UNK5bkLLm36F8acB6mbTah28bf112RQ7eqhpCFfDu2USoMkDViFL,272804429,,,0,0
2024-06-19T16:45:53.229Z,4LWtEiT3GJWgpfrjfCMVHXAxYa4Tvwj7UsvskdGV4kaUodvfgbyUXViKka92pH7iPwgUfkwPTv6nKxgmikoQKJ2r,272804429,,,0,0
2024-06-19T16:45:53.234Z,5RMNgH8syMGNBbgBkD4WMsMXpbE5k7ySh4ZgGajmbpcBg3HsBxMYHBUEyZ8ufSnMDTy2UREim5ZsYtXQS98ghT4Y,272804429,,,0,0
2024-06-19T16:45:53.238Z,5Lb21kfVnikhMX911NMNfhxvn3KEFLTvbnLr51EDG5icAFB5sh3pz7Xqe1PNnWJn8Z9A2R37s8UhUaudfPLRbKhz,272804429,,,0,0
2024-06-19T16:45:53.232Z,59uKA8FUcmVkxB34di1i1Sve5Ucgv1RMUcQSsUTh1W7NG3xzySGSykewg7j2kPfoNppufcY71m2HqHVChPc8FEhf,272804429,,,0,0
2024-06-19T16:45:53.240Z,5thW7GY8BGcsnRyV3mbVszBXgetFfuf1gCYYfn7KSZNieNAPX7Hk6ZqHVdjwFLK3e4nVVaAuRTMztNZDU8w4RZjM,272804429,,,0,0
2024-06-19T16:45:53.236Z,faMqHEdhzqwFLQh1ykAvEQ2TXvVCgNwRmEaynHxwJ8t3q8jQYVMSECwnzrCbCQdrWv8VkZj3KMqggW8ZR7w6HT4,272804429,,,0,0
2024-06-19T16:45:53.244Z,3PsG2tvvGnerY58QV6XB8e2n7XZ5x3mvXw7MbU3LVHVJjZycGaS3AJj8Kw7g8Syc5LfVfH5CSrwKKrSwfFL6aJNG,272804429,,,0,0
2024-06-19T16:45:53.247Z,5b44XousxLVqBuZ7QiGKNrfaFWTP5W9PrPdASFb6uqBqFrqhgqYijWNY9G9M228kMzEW6FkzjmaKEM9hLtURULaF,272804429,,,0,0
2024-06-19T16:45:53.242Z,46vb8YqwYRVUQGeHW4kDoQyXwQttuJQZVXVaT4DFW2JmuxRxtYJvAAYvRysVE4TXA3a6cQGTBWVoRoaVcmB2kauP,272804429,,,0,0
2024-06-19T16:45:53.250Z,g2wCseLbhH1gHDjZMwrv6Kw79HmmXm7EeFawDBpX3ALzp6gMCBckDnXbybUxvyjn74ioLhVF7gpFNbdaZhJakFX,272804429,,,0,0
2024-06-19T16:45:53.249Z,4Ymfx93zYZgr6vzB39gmi17wpbUNv67xkvAqqCsfrsH8dygo8qc9st5Dgntdgk1R5pz59YDd9wF2TZvr6yjuJzZW,272804429,,,0,0
2024-06-19T16:45:53.245Z,5DRpngaGxFQXRWVgcgcyAE9BN8b7GxVywV4YzVafSfA2nBzRcHRwwDNuM6bqp3vsZWdwadqBK6z2Z4faFEx3VLdE,272804429,,,0,0
2024-06-19T16:45:53.255Z,Ez6pX5m8zWJkY5ek56miccESzDoX3DqSFU6Gf7UE91p1ZVMcsNtfXERCKF2P36HVFJ1oDxA2kxj57v3GjcKrtPs,272804429,,,0,0
2024-06-19T16:45:53.253Z,4WFU2uVDLMBDY8iBPYcULye2VrxSAFP6Ubsbqe3UAkxt4SVYPZ3R2MmUeNkxuLk6SyFUEEDE44UwicvSKp939zub,272804429,,,0,0
2024-06-19T16:45:53.261Z,12jXF3Mb2LWcuoZXpRn1y3XkkC7vLvvFfUoqoWuprNEoEbTLiGAuam8jizxwgCdJ8x9bYxZHSRNn9raPPkGqrZS,272804429,,,0,0
2024-06-19T16:45:53.252Z,EEUoP8EAw8nyYkaa1sq44svD9ZaX4eFhPprZrT4hJVwiWFGF2EUqwGuv3WX5v1BvjrSPMyETARcwUge5Sz15vK5,272804429,,,0,0
2024-06-19T16:45:53.257Z,3mZKe3oMkijteWX6edkDLYCGoYgT8JfNbxsoRAjAXEQhhyPUjRqLBEUT6kJ7bjrJ9uTqZUfb4VyvYdyJhUG7qDBL,272804429,,,0,0
2024-06-19T16:45:53.268Z,2ooVTwiT1feqwbLhtT2Y9JWAR2qMCBKjEm6DKRKSecGqdS4jopTdjVPpGLfUwC7JSyXQpGaUpHD6Cogg1bVvpTb7,272804429,,,0,0
2024-06-19T16:45:53.265Z,2yySDUExXanutufjY8MRPsBEX93nG7QhtDX9zxMgUrxUeBZ2bCFL1Vu9MyRy4jwy4zJBvyF3PzTZYYp1CJQf2vJN,272804429,,,0,0
2024-06-19T16:45:53.270Z,3xck41sAArjbAzXxJPhN7oAtfWUnhrey1FbBerRM5juu7GTu74aWsv5MVbfwKBhp83xLE4Md8KnjDFrMukY3NvmK,272804429,,,0,0
2024-06-19T16:45:53.272Z,5oFQYeXGdwcouLWKKtNDLQg4wxiAvVQvVtg3ke97pt5oUNDNpTWAAnf19KfE6MHhe2gDeELgqXZvT2ncZs6L1sPu,272804429,,,0,0
2024-06-19T16:45:53.262Z,3SxsjCYPpVWhHUBJpbr8HqKzbE8XD6hCiKYDqj2JThxSxAgqjtaQvxZjR4MEghTHiSrfHqSktPd1YobeH9r1oSMk,272804429,,,0,0
2024-06-19T16:45:53.274Z,3QCfHZXcxCUL7tZFs2iS6MasZ3fNb1vYktqcqyxGGHtQNjdpm7mTbzHnetnHQt4rX8o56bKqjroufPiMiEfHuH65,272804429,,,0,0
2024-06-19T16:45:53.279Z,3XeVQT8A5MGKV8hJDaWEhbNnzr1XLGajGNrY3sWCjdxGtygBd4AhyzLW5sU7cPAJmmmujhBFpSKfpZTJbPjTKJo,272804429,,,0,0
2024-06-19T16:45:53.281Z,4vuzMparzSVFWvWyAWUCA7Ua3baR1RPCWhjZjXPbuS7LbMUVHzC83NbFfjvtoaymNhdjcbM7ZWooPKQVkmuhmtoE,272804429,,,0,0
2024-06-19T16:45:53.283Z,49F4i9FFvcYk1ruDQ3wMYxF5V8DCi1cynsg2EwhbfNFvGsZSt6xpAexgZgghmHmg8xcSu76XENGt3eYWJGUM949d,272804429,,,0,0
2024-06-19T16:45:53.288Z,4tiWJw1SMHW3d5q4F4aTBCunzswhXsRGQaACyWuKZ9XQSn7RzK7S48pYeCrF4zqBoaMdssopGLnE87yBEgFJKzhD,272804429,,,0,0
2024-06-19T16:45:53.286Z,63iB7pgWAbfsv9SapufVBkyR2iBF8kdpC5zoLT5vbadeWwtjKegmDDh79UUoV1FQp83fP2sWzwpjg5CdTbB96LBK,272804429,,,0,0
2024-06-19T16:45:53.276Z,4Mj6puFRw3iuWnQ12T2s4GfmxBaDw24G95neXxe1hAh5ZvMG6h5xLpVwxgssiEjSuSiLWQvEmmVBY49zYB2VBqna,272804429,,,0,0
2024-06-19T16:45:53.289Z,5JAAXXyKQVssE5nnDXpiuTGzrsfdS2y1kL1msQMfmgSboB9kdTtVT4jMDKycNXMCpASxvUoycScGyNtSnYjmQYX2,272804429,,,0,0
2024-06-19T16:45:53.293Z,2Mchmuv5eMkKNR9XoK9Mt9BKSz794xdZM48Jvp6RKAoR9aiyZXKJSH34S11nDEbFCD9UEdv1bRvnXEq8Y11C9gPe,272804429,,,0,0
2024-06-19T16:45:53.292Z,DpgDAg6fQE7gPkzwWvr2wuaBHzTzipG7kUsgzNcvb2QDSfXoHC492FX5EadES2h3mwgYjvXXFwYuixqmDCxaBU8,272804429,,,0,0
2024-06-19T16:45:53.295Z,4o11toRK65Vq1izAaK4c6B7ST5gFo2eRe4BCHm2UguBAV9oBGDHZQ5BWvwXT8xhw8Td9GrAB9y2v1abV3s9ELBs1,272804429,,,0,0
2024-06-19T16:45:53.299Z,5eXmtq6qbTZnVHd25eDwCyHQV6Z5vHPGR8XYHR13AEKc65au2oq2UHmaMnurzm6hSg41t8xGMCCdtehvMJs7gjvX,272804429,,,0,0
2024-06-19T16:45:53.297Z,4EuSsXyFapPMNhCZUS7oBtymLfFhn8fPqbMZSVQyeiu3RDVrW74sQ6CArPX8vSvgsroCKTwjBSkQKbE3FmQZNk6m,272804429,,,0,0
2024-06-19T16:45:53.305Z,5zofFWrYcSpoHUUQx3WDgSpxdJj63UrxRPRrwv5rapRN57HwSvTt5MX9ibeT52EqghpaNH6nyKbVZP9GbVKyHxmR,272804429,,,0,0
2024-06-19T16:45:53.284Z,JJ1VS47v4JeAb346NQ4aZK5EB9JGuPDCGTWoJpaoUFt6xSkr4sxJhd7DBwwEDMFEzrSz7p16spUNCbaZJh4yrzA,272804429,,,0,0
2024-06-19T16:45:53.302Z,63dwzgzw9sLp1ZunvvHgon6k1brJudRrYceLfrnma8Xy3L3ffak4DethgWeq7vrDCGjm1TxYQTzisTNemJFeheFH,272804429,,,0,0
2024-06-19T16:45:53.310Z,3npTUtuL8ZKUm4BeyRDXPwtNzc7hJtaHBSKajSUGwaMVwnAE4gwwwTZYuGU3SSaWCN7GAv9cqGus627Prr4QhbgQ,272804429,,,0,0
2024-06-19T16:45:53.315Z,4PoMDL4XyxXbvbpgCFUeKvmuPEaHYLQVCj7rtX43p4rxSdD1R9XNQr8HPQZsKWHsbU1uk7prPuZ7oTQwd9rfsjUo,272804429,,,0,0
2024-06-19T16:45:53.317Z,3xd3Za8ZSiUY7pbBxfFeqRGhwxM5SHbERrkrt5EUPc9nVc2HfdF4ch4jSNPLcCFJx9qsoFXEG1i1VCcqrCZqbhSq,272804429,,,0,0
2024-06-19T16:45:53.312Z,4Gqm3z47ZvrV35GwtWaRX8y4jnVNQ2bAF5ZaKuptiHc2NgQjdask5VvMhJrxzacZLSDPEQow1huHWge92K9pZTwn,272804429,,,0,0
2024-06-19T16:45:53.307Z,587KztEM8D7LXCnSABrzbd2LPNyKsXwq7p3Jw1gRpH3fo9yKqReuaprk2yoRrGfbEiZ5TNdU6bLXjjNu43dmRc5q,272804429,,,0,0
2024-06-19T16:45:53.319Z,gPhi41WgCpjbQeRvoeRcXLS5ZWNdKVoc6mo81481pYzvhY55tTAQ54Bhhrj1SApkHCowHZcqqDUoehXekGRvEkL,272804429,,,0,0
2024-06-19T16:45:53.325Z,4xe7GNQ2yxXmyQDEePZx7hWdHTJ983Mmo14Voxco2GQ2W2WJHXBA9bc9yf2JWo7Xyn3QZEoTLvnniqdY4Mn55NCM,272804429,,,0,0
2024-06-19T16:45:53.322Z,4HFh8CAiSv8hQBXXEpYXRKo1cErkWcVrdAdedW5y3JsLZXzw12FiefztztKLjoRR1LqVmCYWk2pSbjnh3ynsv4Js,272804429,,,0,0
2024-06-19T16:45:53.329Z,66Q2W8dRwRsuhVD35NJbanFyujqC93TjBe7Y3oeVPMPWVN42vS5KStyK3iuhd4BJUKc1UswpBSy8sNcWnbVY3nJX,272804429,,,0,0
2024-06-19T16:45:53.326Z,4ZidYKBckjzAdXoTTUKk4K1ADqwEgXrLdXxzBjyAYNwHyTZPaCgPKF7wxdjv4ocwGkKjhjT7Goh5FeDaxc58eepr,272804429,,,0,0
2024-06-19T16:45:53.328Z,4JmLU2oDjhcZzHb3PAYBusvp29iW5JoPDtKg23nSSs2EoYY4v7z1Y6tKq1rD9oo7Nh7jNrnRaF2PkTHzJYhbkA3w,272804429,,,0,0
2024-06-19T16:45:53.331Z,4xkctf5p74AdHkPnLx7omv44bFwvBwptT6YpVVq92zVJAHZ2rTBhcLSyvdY5AKT4Vrso1VkZMDXPYbNzoduunpov,272804429,,,0,0
2024-06-19T16:45:53.333Z,3KJUKkrkaKJKyY9ikvqEnhwdeAxU6arXHvJkm1P1nD1NUJia2yqCXderSVogDbFc7AMWmhHJcVFshBLqsGc5bJVT,272804429,,,0,0
2024-06-19T16:45:53.341Z,42hTUfCsC1FRbX9z188C5PE4eFAQ67kkc8Hz39RYjuNTpyUCJdn64K87r8Uun5VEyNzwLrkWVMQdKMSJTtRJG7v4,272804429,,,0,0
2024-06-19T16:45:53.336Z,66H1vrSVGt6TveKAj8LcuJ3fN7yQigYrAagTvCEwFzaUwLuvkqGZ3AhKeGrFLhibL744MvAwbqvrAXJB5oMLBj6z,272804429,,,0,0
2024-06-19T16:45:53.340Z,4sMUzuFzhpsBAQA2MUCefXyf2xxZAvkj5xE9Wf6296VeewZXNN1zGihFDecMSrYr9mz7XDkaa9L84LMUZAGWKBe2,272804429,,,0,0
2024-06-19T16:45:53.345Z,5iX7DBMFEhe7BeiCgFm6SW9dY3hZzsDEZXA4wpLQMk8bgCKdvfKyhE6Gs6xHShc4x4z3MJtADePCgAWWmsh6pmfM,272804429,,,0,0
2024-06-19T16:45:53.343Z,3PJRraYbuCQx3V5fYPiqd44pbkWTCt7gp1Qm1F8etnapngEkazY6Qhx27NKi7n1S3usr2uj4XvyMG4z6byBKkFE7,272804429,,,0,0
2024-06-19T16:45:53.348Z,4eXbU5SHSyotPnD7cYxpdDY42SYHGvtnAwvNUQyj3EekC7KRybyisKRG2FGXc8DRYM6FbEW6xV4GuBH7UpRuuswh,272804429,,,0,0
2024-06-19T16:45:53.351Z,4ut1csoTg8FfEU8kbtFaqg6GLYaLdEUfdYWcxMUrRbgbPosZG7NVWaG288sBNAoaGPWvbWD5sGgtSo4H2qJLez51,272804429,,,0,0
2024-06-19T16:45:53.346Z,45D98nrNFELpeQNgpZor3p6tFxUx9gK4zoxbGv1yzUar9atWSBkEZK7aijEek7GZypzErb7P8TwXa3dkhfFfEz2f,272804429,,,0,0
2024-06-19T16:45:53.355Z,63eNMAQY1pEyY2AtaR78anCoMsgZUGss8BM5fhB1mUwQmWq6ijA2DbaKEsoTADE41GJbGS6DYMjt8tncB718799x,272804429,,,0,0
2024-06-19T16:45:53.353Z,1MvNZgSi5tqKheDfitWke2ewbDhLGrLvj7dTnmymuYRTajyP84vx8m4TAZWfZkYLjttq1oEi1341tGiDDBdD3LE,272804429,,,0,0
2024-06-19T16:45:53.358Z,2Tx6GfM1smor8VHkLwwsFXogXgohJjAVzm6STDfCYLWpokAjMzEBcFoZeJ233EHykwvX6oabLd566X41ZVqCetnv,272804429,,,0,0
2024-06-19T16:45:53.360Z,2L71z5f7iwVPnTVc6v4hby6m2JHSBHfQkqvm1LBvcsUaq5JrXVqr5rJFbyoZC4kvVpd2ebKv1iGd6CE3qG97xXAK,272804429,,,0,0
2024-06-19T16:45:53.349Z,2crQpwSFFFNHSuNx5dpCsRBWEoJgbFEcTnD7wpBpX2GNJBvwXgHWyq7YwknvSHQS9H5dZc6B82gYRurFEwh3c6yK,272804429,,,0,0
2024-06-19T16:45:53.364Z,a4VRhPzjtTWT5zjMXdcQmsv8WqwLuWT1ofaHagTuuWpU7Z5o9vXT2QkxEJcmsxURmeT4vipBWXDFUjuS5pQKoBs,272804429,,,0,0
2024-06-19T16:45:53.362Z,3EcUHtoZArFub3WbvPc7jLc78Wz2GMB8S1aWETAxNa8ERjXi7EaFEcH4YSwz1GUH1T21W35x5qXm1KNidZGjyMZs,272804429,,,0,0
2024-06-19T16:45:53.356Z,1Je3ZGmdFTgrpLz3JQXjmCQ9GGt9ycWi9F4xHDVD7CjSJ6fqxrMKwMK9k16PbebKvK8BRNJteJzpgwN5dUJBqWq,272804429,,,0,0
2024-06-19T16:45:53.367Z,3DWRyhqjZMqSXsTTyfTze6SnsH2L7MgMc3y54XqCdBQr5FbEaTSDAn4R2Qan3993NJyZiToV2cCd4d866umjapam,272804429,,,0,0
2024-06-19T16:45:53.369Z,3fiZPU9AKXTRAh4MJxqnjA86FhyCo8xShgRcxFe2LcUzh5pmfAjFPDNy73g13BfU6F4uyn99hQqHNHtiGuz8MND,272804429,,,0,0
2024-06-19T16:45:53.374Z,4Uk4LSe5FgE52DRK2LDVcTxzsHazfMikRyNvsq9tgK1SDc6JViVwoEJ1LgFHqDesU9a2tsFqHZ4vMxKHyHyMCX9F,272804429,,,0,0
2024-06-19T16:45:53.377Z,4UiQU7gv6Mzj9AMZjAvbTKkY91sm4jMcA2xm2MkJVjC8ZXNQCvmttT968RCWGmhTpHJHK53bQuTuykw18g7zHeyG,272804429,,,0,0
2024-06-19T16:45:53.375Z,3EreSwhFLfPkJ7wiDXkNJhJwjk3ogWsvkugfpbGK2kJ7NAnatAhECpWR3SnW5YMrkmvuLre8jPuQZn1SZV6dRLn7,272804429,,,0,0
2024-06-19T16:45:53.378Z,26qqvnpKupe1FfB322JwBtAizM4k3unVK2p5yEoMHS2JS1GC6uzWNT2CYd5TymhP9WTYeBEdamdcY86ajFydmVa2,272804429,,,0,0
2024-06-19T16:45:53.380Z,3R8EYcAC1EMszSdeFoNBeZiQmU6t6mqNuWK4CHdPLeBGQ4Eq88d84tzVwdujfiqBhukUyCFD6WvFyggKTTFkve3e,272804429,,,0,0
2024-06-19T16:45:53.383Z,3Ne4xECfmLhj9qFjQFAzGnoFKnSmkVPp3rCdtQpWfpSRj2FF4MuyJ22SC8JxDvM9KaUh8fyuVMeiPxd7J823rBqS,272804429,,,0,0
2024-06-19T16:45:53.384Z,4pytxDG6mRs8QuegqYFWjn16J8J68hMHyrzm8rDEBy9yVxGUTZm6namoRE3k3Lf6yCVep6WuJiGgVorG63eC8sA8,272804429,,,0,0
2024-06-19T16:45:53.382Z,2tJ2wbQVT5viP3wFifNW67zA68rw8NiG9TnEty6rKAGmLkhuy8qRYbwYU8a8qdhsD8supqwyVdWZPvq9nXEbMYUs,272804429,,,0,0
2024-06-19T16:45:53.389Z,4LiFmY7cGT4rkPU2Qpa4fdLSRJxs2pe3Ac2A8NpSngPRQPWPDuozoMyy6VZGhE2xEsttUfkVqv8hBqc71FzGH5gL,272804429,,,0,0
2024-06-19T16:45:53.372Z,5nKRnjvK3UqyuZSNmDEWU9T8CG8RReWwqtCmor3W4sWqNhRjkJYRQvMjs8iCFYmk8nY3JdHU4Ab8nuvdqFRwgweR,272804429,,,0,0
2024-06-19T16:45:53.393Z,2oqcjEomUfyF31omLM91EzbcBjEmBYBazkkHt1nCTQTbcuox2oKcgNhLriica2jJM6fyhji98doLS1T69oadLJnN,272804429,,,0,0
2024-06-19T16:45:53.386Z,2XAcxVi7aG9akV6ERvJKAWBuxGqcoyYzhQFw3TBDtk1e7ipdu1VtW8B6jNoERMXBbe2R5ktAgxnNXvsVBupTaRVZ,272804429,,,0,0
2024-06-19T16:45:53.392Z,2P9Wgqhj1wTwMiLUL7impQEqLEpjpkiVhQU33Uv5BukrqJ1PMaHss9AVuZLZG6k9fCV7dANhQk3qPZoqPjYLfhQk,272804429,,,0,0
2024-06-19T16:45:53.400Z,3RJWUQRvFvrFxHaKmEtWinj8zfJJakQg5yPxDgUD4w64vBGMTswcsUmup2kGG5jSUicA1iy3yRCYchdkPaGQCDCD,272804429,,,0,0
2024-06-19T16:45:53.399Z,4ZfWVM23iRmHbMxm58AgZvbc6HD8JD3Mgkh6QjDFz7nqAmxRpzEcGwQh2wC8g8FUJgSon4Sp8WNQqj7bGVAsberc,272804429,,,0,0
2024-06-19T16:45:53.402Z,feP2faEfWgXfFdrGvXcYW5ZQmjircgkmhWdP8rVVgDM2xWpRA5kTePRESQ7gzaWJKZF2DucgwSeT12PTZBsj6e3,272804429,,,0,0
2024-06-19T16:45:53.404Z,5ctZaaP1EbJSL1vDzU9YPcKeJvsBeJTAVXvFQ36rBkQ5xKuWAdFgkZsK1cp2DhFRjhEk2e5XE6uG43E3vwkPyz5X,272804429,,,0,0
2024-06-19T16:45:53.406Z,2eRoBSGUfPBWp9FB5A6pa2i8XruNj43RqMXL4idkxVV8uXddnUvGkkUrE4XuBG44CdnKp57YuuEiLegPATEvDDEJ,272804429,,,0,0
2024-06-19T16:45:53.396Z,4iSrBANeni9zAuxVL5oaVtoNBoUZ3AASnb7fkbdhBCFrmHhWgWQFsLbqBprYKe7eqw8PQwDH4Et5ZSm31utq1Sf2,272804429,,,0,0
2024-06-19T16:45:53.408Z,3XGoBfHKB37tLrvX8M9d3qojMj4Lfz6TM39hbHCMF8fJXsjj2soDPFLUp9xjuAm7QggLUT3DHnSZWCfgiktZZYen,272804429,,,0,0
2024-06-19T16:45:53.409Z,3gNdKfoaWndWPkpCHhJk4kXUyafME9HNEh7kEdLgjk1knmzrvQNokFMXaQFfB6egPweNWAmVp5yioo237Y3aSdqY,272804429,,,0,0
2024-06-19T16:45:53.411Z,4ueEWhLQFR9vbuRppF2VhPgMfNduZ5ofLDBB3bVNMBe1qG3ZwmhsJnoEAx7PkXZSetSDVLmrLp42kzsbT6RQf9f,272804429,,,0,0
2024-06-19T16:45:53.414Z,3idP7QLZuJKYJrpsC9d7DQ1PDq8KV2ti8riYPpnqHMhMyvy6mdHcpngtUBMEArwtjGz6fkWwZtLhFJNtevyEwtg3,272804429,,,0,0
2024-06-19T16:45:53.416Z,52yEMqQx3WFzLUUf2SLLCtP7AthAsuWZ9eAYzZVpitKR3i4iDVbaXxEJ3CEkzCj72ysETYV6p6rZQDvkruBy9X6o,272804429,,,0,0
2024-06-19T16:45:53.412Z,dTTTHNEfmjvY8ipifD8NhobqeUUUFMkCxMEb5G6CATkGzWefDtT6nh1uiBLDGGH6Eumygc33nbAP3Zv6Crafinj,272804429,,,0,0
2024-06-19T16:45:53.418Z,4PW5jNL2h8GaLF27MA1JoqqvMrB7gFRqS5YM5KQqiX8Vuo3eu9M95h9zC9xLz1ZLD1xDJJqXpN9v6emtaw1Bxi1K,272804429,,,0,0
2024-06-19T16:45:53.419Z,5KPZ3muWgaB3k39rRKXdpyGEvH3DqMQqdmod4QvTeztNjqMNyvTh1c2SUvsffAAwcJPcPGhLWbPviPyZ6LmPk1Ey,272804429,,,0,0
2024-06-19T16:45:53.426Z,5yQ1cJptPkXS4TgNdL9ktebq6ADq1fUeY6ocpTFSBfVKKLcf6k5gk2tWnw8eeSKozK8uXLEqBNVhiwMX4uPouRiX,272804429,,,0,0
2024-06-19T16:45:53.424Z,9SigeUzg5ech9PK7Nrczftyvu8GJjGGreWsthBoMmRbUqLts3gmiHzPH3ALpUSRMzxy8UjhyJ18U54kNew5V61u,272804429,,,0,0
2024-06-19T16:45:53.428Z,3Jh7GV5CicqFWqPZ5sxhTb98QCAPaA3U47veBVJ1KYUSVjvuPRcZ2N4eR6aP6Bk3ZC7L3MMoMV6tYuWRFrTdzL4B,272804429,,,0,0
2024-06-19T16:45:53.429Z,26YxsPXUWPpdmtLf7vdEGj7BY1CXXkL7pgvfLd7grBrDJxj8mh4JL2XtT7GodJsZXq1tqkocLq2bgrAMV1XLNYx5,272804429,,,0,0
2024-06-19T16:45:53.432Z,2u1BFuZLDnuErEULGXtx3WCm8jS97pHBorEGsvc2su4kZfDcinPHnkW8XLf7FZYXbpR44co8qvqw68ZrwqMEKvwz,272804429,,,0,0
2024-06-19T16:45:53.422Z,2eSb3XyEWrkcrfvWi4g7Tpd5coXsNMUnRzn3gfTn6hxjZan3gmW2euPaKJJdPXCcyA3F6JJWJ4Mi1Hks436xMreD,272804429,,,0,0
2024-06-19T16:45:53.437Z,5FbR6tYnHaNdbDP5LDrMFUqVVAH8nuH8fgEnDUJiqhSHu5H5kDUT5NN3ne5UXzq8D285ZpWxZYTkRqSD8awW7iqV,272804429,,,0,0
2024-06-19T16:45:53.434Z,2HEovKZrWtSFG9egj3rMmcSvzmFGwJSjdXsn2zy8J2XsM7NnPmXHsQZu9jbCndvmG8Uzc7ra9XkqFfeHTyDSgLdH,272804429,,,0,0
2024-06-19T16:45:53.443Z,3tcrvESRkyKLmAXUBBeiaCBbAkSzL9GPMZLREFTQEb3J5Lfs2PZD6WscasmcJpyMkkjRZyiK8W6ywb7NhAYFfBUP,272804429,,,0,0
2024-06-19T16:45:53.440Z,5mh1VnV79JGPotsRtQyybhKDNRe5Yr2Ug93UVi5kEHSfobzVm3TAT61dgMYdTFotG7zTZnUfmf5Nj1mD9V7tUX3q,272804429,,,0,0
2024-06-19T16:45:53.449Z,2rK4pq8YCQ67uN5LSC44Qr9Dnud832t3SAousxDQJGoQrwaLQYEEZbtjiPsV3Sprq2193uNJVDCeXkB2FcJFEstq,272804429,,,0,0
2024-06-19T16:45:53.445Z,3sh9UdHUXLz2GY1Kfopfy9t3UWYX48pEQm5xahp6jH41F2arAcBm3yzVTjKxEyRNtTdQSCSk1RWUzXhyUGYvtEQR,272804429,,,0,0
2024-06-19T16:45:53.450Z,2gzTEkgUxYHmeUkhqRHzY5McWMwQG174rqToLHV93JiRpEurdMKUPqus97QNT6MwaPN5y15rTB3Mwj6EH3tVjn9q,272804429,,,0,0
2024-06-19T16:45:53.454Z,2MwPzvBBfHtu7H6PAN8kapZrWDf72ZA2uHzxHJzd8kmhSfgqUYxqo4LJtM5pJuGMvEKmq94TfGi9LhShKY9yXe4w,272804429,,,0,0
2024-06-19T16:45:53.453Z,36Rg6Tq4UyVosSjFDhSfCNV1exyMhESAoBMwTgEaHNAhsB81tWeXgD3TwtG3y1cJ6BPECeLcivhf1e8yw3UGcrwS,272804429,,,0,0
2024-06-19T16:45:53.439Z,3EFWwtCVZ5kwTmcSnQ85gkuQQ4x2v2TeYYb9jYAok8JRk4Tj5Kq59vnQ95ui65bv474KtsxoNE1BZ7bSY6oEwvDU,272804429,,,0,0
2024-06-19T16:45:53.458Z,5zv1e3KsPbnQBETbcFRKpMCx1yMBdF5B2hsDVPDo6AScdtGjeYDK8N4VkPJatMEnDFjagtddVJ8huh5j6oqxkDF2,272804429,,,0,0
2024-06-19T16:45:53.461Z,5imEyNdJ1rAvx8yMvvdRUA1L8QJxFyCJtgQSRpL2oBVsjro1buRkuw47PtuoWvYfEtr76CwLqd4vzvARhhMFGU3P,272804429,,,0,0
2024-06-19T16:45:53.459Z,3KHbxHJeqoUVVtBeXESXKJpTexQEmc6NETg47hsnEmr1FYpvQB27oPmeSsHsg2WbyAv299AS64SF634t12y8hchc,272804429,,,0,0
2024-06-19T16:45:53.464Z,4F8Nmr6BkoP7K2GyvRwW3KKmC99ztGkwyu4yUiXx5bZVFdMDpDgJJ83Vrqz1XMs9c3rDjNY1rM4GqgRXaREtXHn,272804429,,,0,0
2024-06-19T16:45:53.457Z,3YrhYnpYB9p9DC6RXKSkVgUNouAyWfZeKsoBnBGssaoPr37NpzBWLVVUnQEvLB8edvJHHvnERYzMkLLtgTAyMb9n,272804429,,,0,0
2024-06-19T16:45:53.465Z,4yc15s9KyXYcn9KEY3o6GVLXfpRFV1Zt2VFQY7U1PKaLgAzfKnKrgW6MTLSdoFPaxFWb8murxkgKtyA8rDLUW5NX,272804429,,,0,0
2024-06-19T16:45:53.467Z,iZ4yzE7MMfrrFA5Eg1cg8dvGpAVqT3PXg9UXt97xQyrCKyyp7g94HjWjZ59hYUVwn1ZkTRTiBdva8L5frehXWV7,272804429,,,0,0
2024-06-19T16:45:53.469Z,4iq17ZrQ1XoTMko8oDFLEsFJS455mjtjo6q8mxHDYhw3dzMcW6qs2A4HkycgsHm7M2BYmmWDx83fq6Rku1Eox4cW,272804429,,,0,0
2024-06-19T16:45:53.472Z,3TdvudP31hnCpCi2pe1rqq5gTPRVNsHRnsuDmtTrTGsym6UxUHBoXV9TPXjBFTGUTogzV7vTSaxgcg6KGRkYzk4K,272804429,,,0,0
2024-06-19T16:45:53.476Z,2rPPL5DTCXtGWJSWATYbi5Ke8JWpvuwzU6iFsakSAFHzugFb4efhhSuBD4QNrfMS6nnM5A7p4i1SqzGEurE9DP1i,272804429,,,0,0
2024-06-19T16:45:53.474Z,27UQjUvqhZvN6tDGzzyHBm2WcusuRjFvd9gZu3Cr2g3GviEDfnBi9ZCVebDhMnf7iuJSoU96vNczv4ywVTAMSsMr,272804429,,,0,0
2024-06-19T16:45:53.477Z,yTLGWh9ML8cvkxPdedLmhzRx4xCN2jozWwDjZ57tQjMxNVvHL7F8pZa5ePWFECJCDX4EhEMAwg8ZYGtg9H7w9et,272804429,,,0,0
2024-06-19T16:45:53.481Z,3vtyfK5f3kcxUAjdnu45SUerAgVwUfWCHDrHHqw2XeWoPPXnisXdhiNtS8qt1bk8DXifv5Bc7F4vkZKG2WLTmEvL,272804429,,,0,0
2024-06-19T16:45:53.483Z,pGdHnwMmEXyNWnXxG37DV9yE7vo84BScPxuSmV4tbRf6smDVCqsYaoGeYR1yMxiiCXQzSg3NPeqF8HBWoPBpHv8,272804429,,,0,0
2024-06-19T16:45:53.479Z,ekj1jq7dCdBbtxMz22VwXubGvbjFJFpYhAF9PsbPsCZ1JjHDnd5sMsJvDtQQDNzfY6VYEqbr7Z2YucvvB4CgWnN,272804429,,,0,0
2024-06-19T16:45:53.484Z,4kHcUTSCy2HsWAUUmDddHMwdLKZSSscAhDQGBxo7cjLZJCjnXs3VK7ZSyjmVuGQY1xo9LLYz7cU5Kjk8tYHRLro7,272804429,,,0,0
2024-06-19T16:45:53.463Z,aEdkr7TTNGAuQGC4Ba7XAS33RT196sRMpPX7jpH8Dq2bmMTXCfyvmkL6zQJ8D9GFHzPqPrFkLv4EMXE4UEFehZZ,272804429,,,0,0
2024-06-19T16:45:53.487Z,5VLktBetGdgJyH1UG9Gc4qLyWJEqL1wiDqvEfs6tsiKDiznqs94ySEfjHEizKgvLwZYyshVfBXT97Ts65V3K9mKf,272804429,,,0,0
2024-06-19T16:45:53.492Z,drb8MdNNWSPAVXbDRLcsbE81gXyvC1mzm6fycjXEJCp2R94c3ZCprJ4eDi1CgoCpv8aSUWtP5s1ySwyFmyjuDCX,272804429,,,0,0
2024-06-19T16:45:53.486Z,3qZmMLZ96M58yxS5fBhccYXfP41Bn28McCebcpdTEGSRSx4AnevW1qQjDkdL831vSsdqqrFKHgt4SNzywR3kW6XP,272804429,,,0,0
2024-06-19T16:45:53.495Z,2b3G9ykXCQpngqKt3qmWaX6BDEqWDHi7WMHrrMsF3nttYq2gx7bhpHMgefwGyszvuhg35Bobp6ZxPWJK2wHFNuoi,272804429,,,0,0
2024-06-19T16:45:53.489Z,26kGeLFQZqHNJrbu9yJuuupd3iCZMscGesaARvXSRhREiPaKpAxQNEMMyCpGJkQFEy8cqKPARgSrbT1LJzzCECQi,272804429,,,0,0
2024-06-19T16:45:53.498Z,2zMMoNXrCmDj9V2JetA29AVZfgVS6xQYffk6RQRVtpVTZ1HRx57Qr5r4FSsmAPK2VE1JMk2wbVmrG2TgUJyiNxy2,272804429,,,0,0
2024-06-19T16:45:53.493Z,hR4aHYntKcUvgYFJvwqkqP7kLMvWEfbvwCyu9pLrGnrF6m5eCd2sZR2qgoKoPJR1RqGunfkWxfW1a6PCgPAajeE,272804429,,,0,0
2024-06-19T16:45:53.501Z,38RoHxGtzfy7PCpK2NsZ8N6xB8WBP465y5R1qMmu3TBxb86QUEnu61YKp8gP8koU4JUXYbCAS9AWSDS8qpshr7gv,272804429,,,0,0
2024-06-19T16:45:53.504Z,3SGabEvgVwVtrrj7sU6Ry4X9wCvWaP7ceNhDX7ReE85sn57BSgwWnaxbfrYZjNAKGe4N4ZdhcudcqwA9x8PwXiQ5,272804429,,,0,0
2024-06-19T16:45:53.507Z,553o1kETmaviBCGjfgLG2fxw6Rh6sRdrcUuL9LTTNMpK1Mn8LmGHjL23YZckv4Li6zJgf3A7G2ZpeL3CGdpVry9P,272804429,,,0,0
2024-06-19T16:45:53.499Z,2b3By1bKx16qYyxf16dT4BwsH2LicPmC8vAWsUetT23ciKAXD4FeE9n3gyJ5CwvzLCZXXkd6FgUXP2FZwVPjWXt,272804429,,,0,0
2024-06-19T16:45:53.508Z,63MkdxysV4WZMaiKrQ6WMNQDW9Z1TWt5wvJrSLp6gTQHkD1XJC62Faz1JQxMjfXDwuKdR7amnCdsmhmTWK7vrfc5,272804429,,,0,0
2024-06-19T16:45:53.510Z,2pi1skfZvnH1WYU41CdFhTAPX3wAnaHQiwiS4Wwf7ChL3ooDJegkJmjQmoXheB2qdHSYsHNWbb5JwWNEZf8NMPH7,272804429,,,0,0
2024-06-19T16:45:53.511Z,224wEoL3h6sT1d89k9ojzBGHV3AcQE4Y8dJ8JtCWgQtPdsjxWFiKB5GNiScsJyRPAdc5xti2WefG3vT8M1yEmL8L,272804429,,,0,0
2024-06-19T16:45:53.496Z,2Rdd6ffoUq3H3vmuPcPWbqkxarxCjqFuTChCgMqMb13s9HEVRDHFFnxaDctLFraz4fYvfSjtCimAavSjqpBvKn7,272804429,,,0,0
2024-06-19T16:45:53.515Z,5s6uPWp7vJXnkvRmseGEHU9ng13YhMpa5aYDtN6nwum87GBL4JuKwrQqHVNtAetv6siPZqYCfbGr4v9MKkmH9CP3,272804429,,,0,0
2024-06-19T16:45:53.513Z,6q8qANgKrC9S6aYM452Gu5LZeBiUBjd4bubLsucjdEVcn3mGsaEW2SubHrbcXY9eGh8cB7AT85w5qxCHqb975bP,272804429,,,0,0
2024-06-19T16:45:53.518Z,5JWpQ4i9Z9vBzZ71dvz6HCGMJqVAbHhd2DP7fmxtQiLsVPi1LEKHCWZWS72UTp4VjaYTn718RJaPA73jcVue21sw,272804429,,,0,0
2024-06-19T16:45:53.517Z,YWWi5XnRRJtCBFqLZs6Q9m4xv5gWFMFAtxqZHU1fMcL2YDRM1ZP7jTtZAufUtACAH1iDqWht9MX8JF585eBv73p,272804429,,,0,0
2024-06-19T16:45:53.520Z,4RQkuiggWoPAn7iunNya9Ho5zsSid4ewiUzzhSREggdNP5bSZf13FuQTBCRenzpnY4Y1Z3WCggXCeV4FYmBToCTD,272804429,,,0,0
2024-06-19T16:45:53.526Z,3axdtCuY6uYWZBPUswP3Pq5BSdjstMTKfQ3CXQFxzjCQB44VCufL1c146kxCZYU8hWysK6EsmxjAFbaQhFKuhMTT,272804429,,,0,0
2024-06-19T16:45:53.527Z,t68knj7A46hcvGZKrS4BEYjpB158jb5EpsgFULLdK4epnpwQ4K4gtgHjvxmAu5EJyQFQGW3xiZY9dSuyKD2qJTi,272804429,,,0,0
2024-06-19T16:45:53.524Z,5NrRG3xVFmcoyhsEy6XQ6PVfVc82kGo9B4CjojPny628no48HkL1B2nUXSg1RfKYfemUe9NHayvQuh9DieRwvQLH,272804429,,,0,0
2024-06-19T16:45:53.530Z,479nnM5jAvjoKQwkK56Q8tU7cuPHuF8nyrQD4rfVjt88h8UhNE7DcspUzRrJYSJ4f4dsXy9TbTt2hy7r4Wj2Y4jr,272804429,,,0,0
2024-06-19T16:45:53.522Z,5d8EqRutmxtunps2tG5n51oGBY3XiJq14hFA9pif5j7Dh1DX2yvnVrw3XyXurXbwwuLuqkFAo9ZTYPaMzrAoJpsn,272804429,,,0,0
2024-06-19T16:45:53.534Z,ABxfnDBvArA86LZPeyyNdKbCWk93Z7ddPYAP8U3wWd7jQZH7HPZM35vSxkKKcVS1z16KQKQgUXKkQUv63xeJKhP,272804429,,,0,0
2024-06-19T16:45:53.532Z,5EJWd8udNLPEVxzWLb1wFcnvXH8DkrjXzQo2BwUQ6NrG59ZKFSGhLop2m5Yi6cxik5AMu6QJFutj41SitZh8bDhD,272804429,,,0,0
2024-06-19T16:45:53.538Z,4EqtGxmgWxQkb4UShjtf85Pd74V8u7AZMDpMuS9q2qAoWbGq3TU5won5HApoK2rCKWi5T5qtvFNXQU42ymF2XU4H,272804429,,,0,0
2024-06-19T16:45:53.528Z,5iQ9c4ziPC9uGnY85sjFvG7VWjn5CgxXufaugZ3S7rezp2A84P9CHWVeaFw3v3P3g8LoiQMh6w5vtsn9cyz2QNL5,272804429,,,0,0
2024-06-19T16:45:53.544Z,hobWKXSA1a6qrMJjnQvGmamj69q7Nbsqd4ZNFpucERmsqHgbndDeJLEGxQ1UjPBgqeFzi3HntnXxdvkC5GdQGhi,272804429,,,0,0
2024-06-19T16:45:53.536Z,3HcosaaffxbpuuxEZrFx7SXEEWqws1RSYUtGFHov5RNFKYT2CeeCWgAi4atyAZ3Q1sWJe3rG2Angsc3cUHfHaJnC,272804429,,,0,0
2024-06-19T16:45:53.548Z,21fkFSkw2YZa5pNJ4CHb84CuWXg8gaHDAYHqQ2uiM7jBUiThrWfaf7DUjS6BpucT3u4hVPUc9VvFo85ZWpeZiiBr,272804429,,,0,0
2024-06-19T16:45:53.541Z,d1Ykz6br9DqtKc7pZEopCJjGYAgdyq2HEKqmGG7JTUxHbhkXNcGYnKWMJQsMn8Qw7kfejAyzdbhYc6nDD2z2x5G,272804429,,,0,0
2024-06-19T16:45:53.546Z,5TbCffZmMEydo7ubMypB2rhYNi8M2crGj197dPKdVzG13rZXm1ui8o2TxPF6RKft36SJPc3HCqq2KJDmnrtj96Sc,272804429,,,0,0
2024-06-19T16:45:53.553Z,4PDyKip9GQeCWwfjUSsX3hHo8cLud6rzwW9xX1SNS7FLZTYSiKpaG3bL8k8tbAyaAr3FHxhuLKqLpK9P3bxMzp2q,272804429,,,0,0
2024-06-19T16:45:53.556Z,2ndTxhfDdhtsRHig2MUibEc2fWqSAHTh7n9gtnYdVNehp59j2Jii7Sw5gXU5BDXeeBGfGLTUTLtE2PjgWgs5YVRC,272804429,,,0,0
2024-06-19T16:45:53.550Z,4rqDQPRVcZGrYF55DX7FXYeLALzJi1BQ5TVsNGtKqE5qwnGvsBdjd3sE27yVn4X2jnqtQ9d271Vqbw4zsftKC4nx,272804429,,,0,0
2024-06-19T16:45:53.558Z,4RBUWvbZqMJTzodmGQtP9zeZam2HBQkZmh6X68EGyNQ8JkwFSNXh6Q4RFVbjcNfkiRuyyqmyHJkxivPz2qcvVg3E,272804429,,,0,0
2024-06-19T16:45:53.562Z,6htVzCgcZsTxYL53Tukiut6dkrdW3eUVky6jzjrDyYNhM46WMhDP7eGUKPFLiZv7aG7jaWT5i9XrZQ53qSx9Wxu,272804429,,,0,0
2024-06-19T16:45:53.555Z,4rxr1dB1wnziXWUAnfZkZPWL3hxMcBXB8Vnk13i54A161yBabBAS5pdk7z3gxQTqjicNUmKkafEEGDyhtiUa8th3,272804429,,,0,0
2024-06-19T16:45:53.560Z,3tDqoe95Qob4tw9WiHsrNED6n1KPVp4ow3KrRnams1tWxCnFwbW7u8pPgdMy4C1ijjWkXv8VwrkGnkUQGKmrTJzW,272804429,,,0,0
2024-06-19T16:45:53.570Z,2Wvf9RQQ1QsYc4jxik5hNR719aVbDCf8rLzLSr6s3YfXAFcMrbMBgTFZcRwAoHH73Cytd4EwwAoqYgdTziycL53U,272804429,,,0,0
2024-06-19T16:45:53.568Z,3aaQ69jZEiFbA9uJXAgz6BZrXgPAzzkdLEZLqkPXf7N3BuWveN2kt37hGDA6go1gZUhRJEdzbWUYespi5QgiqM5b,272804429,,,0,0
2024-06-19T16:45:53.574Z,vusLFa3pHGoDJLrN2W4iiYLrBA3z2gEN5iTggcChi5tjR4JXT64NZ4SAwGPpJBHtfq6NZJxoFBwcwV4PYHE4L2X,272804429,,,0,0
2024-06-19T16:45:53.566Z,5QfuXKUXsHkvsgevCspBVc8ewXC44jo1gwebDsqhgbaJynvQZRyZtqmwiDZ9YkN1JzxBgwVw9uv5s2b2yTj2AaYa,272804429,,,0,0
2024-06-19T16:45:53.577Z,4yQYpqqctwLbySR3L7wNuhu5fsf9XwqTAvjnYhXkYqDxNhqjejzo2xX5UkE7sUFut6kBWepd4bJnZDdm73aPSAu,272804430,,,0,0
2024-06-19T16:45:53.572Z,2TVhCFq5uws7vKn8cjgVNYnSqAboVeoprV799cSCtTZy8e23C81hN3A178Qski9Kzb6CNiN3dFH7BVqHywDsFVk9,272804429,,,0,0
2024-06-19T16:45:53.578Z,21CZoR7DBxbratLT2XdkE7QBnEBDbcCo7cPwLEamg9NoiaA8HD19UmRnHKbCHWibo65DuaRtu3TosstqMVATpQvq,272804430,,,0,0
2024-06-19T16:45:53.580Z,5wco5VouEfQocGBgsKc2VjmoJETuJ1yxKcrf9xWeQxJBD71rtLPikS7W6bqJiSDn9Y1EHNakeF6fVRYjPqjtk8NZ,272804430,,,0,0
2024-06-19T16:45:53.584Z,3uTup7W9gsWgsm376dFuCKzTRZgaFqfEvgFXpDh1fEZr5hRew2n5faYch7JFjWXQLXg5CYcum7P5H7rDx9QVaQ9p,272804430,,,0,0
2024-06-19T16:45:53.575Z,3m6U1hsBPiaZzScHcAhBvRZ95AHBsaGdXPf7m3zj3uqm34BrzEc4i1F5aJi1UhaVgCEWiEMJRNCUx34rpBDdbjJv,272804430,,,0,0
2024-06-19T16:45:53.587Z,4xVxpL4DcrAxUCQkBMq5ZhFxiTHKBcDZVyCF7nFYbeJ3fcnA1uE44jhMPvdd7ZyCyxHn9bvD5ifEGxDsyh13PWdw,272804430,,,0,0
2024-06-19T16:45:53.590Z,4Wmb7Gq4BpBu4Ji928DwPHoq6K66Tmc8RWGvMsFF2gdGon87vHE4eDJ3ddNofGZ7wyzGnePTmqQHZgLf5X6HyGof,272804430,,,0,0
2024-06-19T16:45:53.585Z,zhVhvNH9gMvqyBYmRdz1FPZJwMLHK3RJJW9qYkidRCiMbQvYiJAX9dWcxFLyU6BALWqiauCj2FYy2zmffArpSNx,272804430,,,0,0
2024-06-19T16:45:53.594Z,4cpYQ4R1zj7V9mHxWbuwct7aXcCwY69mjPvvZCz34n6B5ZP7tbj9rWHjKWXTcvPVmcmiqmY68ESb5quCkSDaAXvR,272804430,,,0,0
2024-06-19T16:45:53.595Z,3JxX982oJqXQ1qAXv2gGAQU8WdeNHC89XJXufUeR6njrdXLbkqzF7nAH8oEuwbWUJMXf8CLCToCqwyqyUEx3EodS,272804430,,,0,0
2024-06-19T16:45:53.582Z,XpBwLGeLJdyQ58c2sWP94nwYYq5KHuCpmnLkcTgKfn1PxHPdtszf83hjGLhSah9s8ExfY6vifuofxdQy1TGGQrc,272804430,,,0,0
2024-06-19T16:45:53.597Z,5QjNtkPfEDYibMNK6YtRGWr7Tbw1R8hpRFxfw6m2CBqTVdxEVkfNFACFsLTf27UVEQ1avBs2du1YzEfvBftqvSXJ,272804430,,,0,0
2024-06-19T16:45:53.603Z,2vzMuHiVqogYpF6PhsFUcrgijegq7NjVZzt3x4XRU99LBLXmPv6xrSLzh2xuYqDrxjGySTKGvj2oafZ95rAtggwj,272804430,,,0,0
2024-06-19T16:45:53.605Z,4T5iD2qnFScEUjM6saZBnh3eCrBrzvZn94nJnbSA5VMa4ETsrvq3jotr7Syd7vCoUYDF7es4KcG8nNB9id35sYJ7,272804430,,,0,0
2024-06-19T16:45:53.599Z,2gj3krCsg5VqzjvjoJHiaYtQCoFgvP2L3igNJ1cbFbUuu1B5XsCqKGX2kG56Fv8iMztEnENDWxKD6JjS7oRNi4nn,272804430,,,0,0
2024-06-19T16:45:53.609Z,tbNxqb1NwqsLrozB5axbJuZXSA5DjocyrYULsxeURnpFCFD9LTvHYdjgBB1goNJiQy4kvuXGuorH3xhti2DzQkD,272804430,,,0,0
2024-06-19T16:45:53.610Z,4Xk7HWzoA27G2TSA2qC5HyPLWTpEj8EYwwFuK6nvv5JZbaeNriCsRy5k69cc4hcDRPMqfm1cjxWkMt4FskqMr26M,272804430,,,0,0
2024-06-19T16:45:53.612Z,3fvk3gFL16hgLei5XvoBYXM7R81h4P1V5ZTK3n6X6nS9MA4eBkxpAnR63tYef2BcfkPeuRvEKYCxS9KYnxdjf4Us,272804430,,,0,0
2024-06-19T16:45:53.606Z,4iTCeAQurWzo3r61MqbPM4gfPmucTjZoN79EmWfzpbwPnJCwUT6XKMeWNUra4d8QBU8auhEuJQx4SjrAkgR1aCTu,272804430,,,0,0
2024-06-19T16:45:53.613Z,5xbANhX3pgpzrdHgx35Uj36dyYemmH1agYCqkT5NbdsqYa4NMrhkGgMqXNeUCHTsFFVzMie7ER3R6qtxpSX7fjdo,272804430,,,0,0
2024-06-19T16:45:53.601Z,cvECECR3iX1M5UA9U9bTmVhRdU8dE8ed6uKFQug4frk6gYxGy1jBq6dScBFQNJPj48qwrty5eBVrCCjoaH8bUw7,272804430,,,0,0
2024-06-19T16:45:53.615Z,42y3Hw9EvpiZj83EuZPUA7L8kvHLf1hgvGfQTA6DTx2egzaqw6n9jiaQHpoh4H7wbgBtR4Ci6p921MTr9fG9ZVfV,272804430,,,0,0
2024-06-19T16:45:53.621Z,sBWqq8RbRNxVc1chZCc5L2qThFHBP7q5GTvgu2Sd4Jem2PtoBKiH7Yppa9sN3oL2EpsgrZkPsAu4MvhACHP5pUK,272804430,,,0,0
2024-06-19T16:45:53.618Z,3fd7mrup76dMn3WDJmTYat5caKPh313aAY8267Gxrob7wsySeHmSKYhQq1eUrcNAfwVYtViYHy8wwDTzh6UpG8CY,272804430,,,0,0
2024-06-19T16:45:53.619Z,4MHoGDnfwPbyE1zXCpbRfZ91Lks8LFUs5sDZknuvbXvwM291jPH15CaM3aoFNSVrTGFGAAvKUmaadh4ymXVpzKMb,272804430,,,0,0
2024-06-19T16:45:53.628Z,35UHfUGb4BBANJkTjXxW6GP5G2N491yQZ8LxG5nbB5Y6auzCmTQxDVubQDYvRiG2SMW7ps1dbn66phkjfC8J3yCc,272804430,,,0,0
2024-06-19T16:45:53.623Z,128ijttWjUWhdEGDFi2UjsEnbViz22pbq39Tmhsu5KzhTnRR6QJ3UppoJ5zM8ViLUwvQE38vgrfUcM3mTj81atbe,272804430,,,0,0
2024-06-19T16:45:53.627Z,3oEBgLVJ5cYLXpPf2gtGLP8vyCffFiRPf8afTqgrCKs7dhhw1So2ncsZXTtnbofHvYAnfvjUFTeXmzV3nrzvD6D6,272804430,,,0,0
2024-06-19T16:45:53.633Z,4N7XuGiY9RdsjGvWn5KaPKdw3rVJMZP6JMqb7w94dF6ZKvt2XqmdRNy2p7ARuPx64xpQDtbdmKXYVbht9v5V3GEi,272804430,,,0,0
2024-06-19T16:45:53.635Z,4Gv5Yp7YCn8iXFcfQSFuZfMHoW5iRzgJmbGFQ2dmcVDTBVwAsBjUwxLLcoBfpzmrWKuKQTZwySPzShvxsCx7fcRz,272804430,,,0,0
2024-06-19T16:45:53.632Z,2tX1yfK8e7ETTHzjjAVKjXjDvPio9wQHKZUzVB7qF25r83FCkQb26KMU3o9Sq6jTCHzJZnbs2pqynRLRLWFnWbe5,272804430,,,0,0
2024-06-19T16:45:53.631Z,3rHYwx2UFoCB9nfCvZd8pehwVwpTkHavAkvSimqYFrV6ksgmaL5y86tvtk5SGkBkX2Ln1dtebgd1FoomRrk1HfcT,272804430,,,0,0
2024-06-19T16:45:53.642Z,3MB9vVe3pKvRYnTgT3WWqFp4xhQCzgcd7ocewHnpKtnCo3BbhbNAqsVZVhww3E3yrkFedCizDzUJmDgwEgvGKAtS,272804430,,,0,0
2024-06-19T16:45:53.639Z,25uqT4sirM2v4tcUyQTDySykKCYiGj9RbhmbwkgSvsSkYHndYCbL5R2WRSN85C8xFKnNcU1K5yHM7wxx8CnADY9K,272804430,,,0,0
2024-06-19T16:45:53.637Z,22QoCS6A2pYZcsHuG6tZrXcVjJ6oaXgkzFd55kbvSfENutou9whxByAhx2rwezatXaVR9qPc6oSXA5NvHq2pYRQH,272804430,,,0,0
2024-06-19T16:45:53.643Z,527BUUkzSnAzhGd4T9Shbp42uzFgTHzm8PWzCNrvAG7BXgJ7L1G9U8qhRk6KasRPAaFszNfHU7VpBndVPNKC4wfq,272804430,,,0,0
2024-06-19T16:45:53.645Z,3v4dCrtmDoZ7jhyWtnYC9nh8d9bVstswKCWemnDrEnTNi26fJYH6qXDhxWZTcM8B523QPHnrjmmn6xRW5NbP7Y98,272804430,,,0,0
2024-06-19T16:45:53.649Z,3MkkDAWoXJAXDwW3qQpR5wCdmNbexT54AvAkRaegFH4k6kNYVt8JpWdgSMpoDW96NFrvt9Rg4gULWreRj35uRepm,272804430,,,0,0
2024-06-19T16:45:53.647Z,4zunSDSiNk7k2AzHfXXVVHji2aavEMsyXJRFGJUPFMNvQxkKaqFejBpKdJTHowezKJLweLyQeT1gRZPKQkZkp6PL,272804430,,,0,0
2024-06-19T16:45:53.652Z,4q7MYeAGBuMSWd9tmKyC8C9wQMuATavRJsEAEUjjK6hqyQisjnjxz2Jed4ZAyTJZsbo6nw1zct9NHocwju3bHmcH,272804430,,,0,0
2024-06-19T16:45:53.656Z,r9Z5ENctQXba9ttiAkD3K1JwjKo7up1Abv7HS7UESyMvgpcXt9CzLQwbUfU4GASEe3oYne7xfkmv7UcXp38TvmM,272804430,,,0,0
2024-06-19T16:45:53.654Z,5GCPuEj5DYjsuYWqyhXfKCzWZYQV689JzdBmM4Q5exqfqKepdTJaP7t63QmJaDRcerixtyQyQrfAwgF69CwjTCFU,272804430,,,0,0
2024-06-19T16:45:53.664Z,2funCGw792ZbCdEXawwq5He1z2QFahMFqMZrh7GjQcKD2iGAkBdrfpATXB6qpdtwmj6uajyyjFwgqRsgqotE7oe9,272804430,,,0,0
2024-06-19T16:45:53.659Z,22d19bD9EpLMjYKtEfrjAVPeUmkj4cX2eti584n8BbR3JwBJ76eAzZmdw8F5vhm6nHvfFRNwEEfPzmCxAE2xDy37,272804430,,,0,0
2024-06-19T16:45:53.668Z,5j7wNotNpWhsLbh7qFsQZNDkzbjizdJd5YWLshaoY2wbx6v7NBPuT4w9kDyBqTejugvPyxTYe54Z4gzKj8zrdSeK,272804430,,,0,0
2024-06-19T16:45:53.661Z,4S5ZHjPPuR6SZ1NydsBpAcr9vSqojSK4Ya2g8Hp944vxseVN1WQfzyHtaQmS2T6pdfwd8HKhkLbf1TwpfkZBSLgz,272804430,,,0,0
2024-06-19T16:45:53.670Z,3xSWLJcwpGhnSc2GVTUNTBx6FtCeCZo4Z3Jr28zapyvLbUgS67umMaC5rRhQMdPZSBiF743oFCYHkj3fA6KvyFv1,272804430,,,0,0
2024-06-19T16:45:53.674Z,5avamZT767HK1LafRhXejnsy8MVN7QA6ZKLFPJAdnmr1xYTT4czVNgHe3sGHE4gm8vjaHcRWpzE118DhTM94ebdW,272804430,,,0,0
2024-06-19T16:45:53.673Z,BzKv1sTJ99gmmFJbPCAGFh1cX4bBfXsxxaK5i2cTcAiqWJnmacM5ZA8v2Pyj9p8wUAcs7NXN423aq5mukRoP1TE,272804430,,,0,0
2024-06-19T16:45:53.677Z,2HYCTVUfeqBJZPc2aFKiJS3ssxjseY9e8VZVRfyJ2vY1i2DomMRunMsHhw8qZpeC2YEsDh1tHb9R4Ho6c4jfCfzj,272804430,,,0,0
2024-06-19T16:45:53.678Z,46tt9CEALdDRy7P2j94bDQhBeBt3ZBoEtkNTFJYqNw47AmmTotq8nhFBV63zDYzdoJViFFfkvFVzYeN88rgdxhBj,272804430,,,0,0
2024-06-19T16:45:53.666Z,gjRf5tRgaURVDgA158P2nX5adBhoW7krWjZNdAKKHvZ6dJgLGa3ujMZT4W5ATGRGriusQGMtrDRSRxFJBqJoz8u,272804430,,,0,0
2024-06-19T16:45:53.680Z,3nuNFAtjW2oVgaiqFrN1da772UvsJWgWaMoXdwzASSHVEPRYxoKPeciGhcDtMct9D9YxYijuQ9PsZmuSoxk9PmFN,272804430,,,0,0
2024-06-19T16:45:53.687Z,29XaoFR7YR8G26N9LdSsa2FVya1a8JfAoDCkLvYPNbMnqAq8iv4pEsGueTT86ZKfgJRopw28Y3ZdpvdHBJkqQznR,272804430,,,0,0
2024-06-19T16:45:53.690Z,WPHr1wyiv79q7D1xhD5ddqZqgYnmn2uTu1FQp75jCqQgN6Jx828sBqvEeKpaSdm494smb3wjRwWaMBJGDb1jfQo,272804430,,,0,0
2024-06-19T16:45:53.682Z,5jWK15hqfqqqM5HxP7NYcFmmao4gi6iGWoJGm1pcAvhopb6vxu3mdBKyq6CaRGe7Xx6YYKs7dVtaDDTsAxtG7anp,272804430,,,0,0
2024-06-19T16:45:53.685Z,2Dh7xs9R8Kqqh3TkTCxwvUg7w67JjgbCjA7yeMHxFxtCxZWVLVna3okzwYcVmMMUACQ9J6Da78pAz1kSVVdDtUmE,272804430,,,0,0
2024-06-19T16:45:53.696Z,RjMKc8F2nqV2cszxsf1M6R7C5yeB5Uk94kYnkR8gWb5AHo2AK8okeTqx63GVAgmSSK7w7ZgtE6wd2fu6yEt2ZxU,272804430,,,0,0
2024-06-19T16:45:53.691Z,39wqLrFurKvtd8HJGPjFqnwujH6FZzyHwByJTAzgk7PcfLBh9d223SxeikJDiKt7MQbDN4R7uzw71bjv9zDNKp3M,272804430,,,0,0
2024-06-19T16:45:53.699Z,34uLM9JLeTp4TDVEMBVUB28E4jUN1hpwVTH71HidM3URLttuomEzBNQo2Lq4N8XBFZYpVT3xwXUceEG3vCqCPKPX,272804430,,,0,0
2024-06-19T16:45:53.694Z,JKp2EMbAu7TzFk8WKSvkC3Yh1j7rijXGSbmYcHUn7Lv7piS6msxYgDiEX8dVihypmJPGvqBjhF86c2zXnXEHgUU,272804430,,,0,0
2024-06-19T16:45:53.702Z,62B5JWYgmzbc66Qc5x8W6c7ztg79MXqGnDzidzayBzh6YzSGi5qLVmpC8JNCURhXNwzVAc1ZmfuHPHQF8oq8H8cn,272804430,,,0,0
2024-06-19T16:45:53.709Z,3QVARDKssBgcEEtwdrGwDjwX62xgAg2yabV1CyYHtXXm2MdDVamBcmgw8b68GXVEWigevUdRJyV51eT2QW5yYbtR,272804430,,,0,0
2024-06-19T16:45:53.704Z,XnbUYJsX2pfo4bQpBqvtzxq4SmRscqZFmhouz1dWrHxXeHCFgAPCmAB3UxUSFrfKPvL8XSn5G9R7f6WrWJW9soX,272804430,,,0,0
2024-06-19T16:45:53.713Z,2r11jiVQdPsimVV1odu4SGJBZaNaq514JKQftUabpSR9kHUFwn6LLk6hrBAKAXV1P5rve4eqrcRKiJEM7SA7KcA3,272804430,,,0,0
2024-06-19T16:45:53.711Z,4cfTnUgdFrid3Pnf8gCtaNAEqXxwK9sBh3gnEv6TQ1p3UBJexLNSqz4En2x3Kjdd2cVPkQd27X5kicoQNT2khTkB,272804430,,,0,0
2024-06-19T16:45:53.715Z,QUqq4mcDHs1kKuQLhDqqcXLsysEL33Qc7wqhd74jDzEm1Fx29HsK3zWijzZqbusBUAYiQU44bRHJKvv1oeQC2vW,272804430,,,0,0
2024-06-19T16:45:53.720Z,61Y3kTJwe19vnnTghDPHUkDnVfAyAZfE7SFxUusrawBFtWAmqmJCPQQcJBG1AdMjAKVksJqwzFC3nYddZ5jGLgQn,272804430,,,0,0
2024-06-19T16:45:53.722Z,2dCE6zSarSC6zC382HWCNHfKPJcywEhs2WUTK3Nu8X2Vjd4H3HGx834AjdcviQRYQi3qGKkV44zde5ZDfLzN8Gr6,272804430,,,0,0
2024-06-19T16:45:53.717Z,5mnkgVd6qrFEvGj9QfL5TKpfjExrdgZ5sm8n81afCkXkWEc53UHpqSF1d2wbqi8Z4rpV7d2nHYdckNCXFXmcJ6Bw,272804430,,,0,0
2024-06-19T16:45:53.726Z,3wns2i4BdMRqZAraVrv9KsNESccE6gaosxN3tv11tJjrBYjKoJoUZTq6eLSeRQseiFTEAJBVd9BpCo4bd38zZvvi,272804430,,,0,0
2024-06-19T16:45:53.725Z,626AwubCcLnmF8RMHwykYJtvLEpzZKFY1cS9uHYQpafd21Rdw2C7ZKtSunioGZ8ocBoSKdPo4hNsWTdjWcXN3Hd3,272804430,,,0,0
2024-06-19T16:45:53.728Z,63khbTM6XFqHJT6QcnUWt37NvgnXo6Dp7h7zRFXq3Le9Kqe8AiGTzRbDhnC9PV3YSXcK6kqpobUtk5GagKN2pouy,272804430,,,0,0
2024-06-19T16:45:53.706Z,9rWMxiCNcDzA2FbrCwWAU5VVGB9ULu6d1rY8pgUnieuk4vuMummmKPzCjWDmXCuo4vMFDp7rvYStTkvZmfU8iSC,272804430,,,0,0
2024-06-19T16:45:53.731Z,3RRSqe5iDiHFUTktzmWUT8MfHdK5yMvDiLtZgEgdXxryfDNteQa2x9xu1STktcUEw4M7euVchLVcGJdBtbwcaw2T,272804430,,,0,0
2024-06-19T16:45:53.736Z,J6fq6FxhhDLEZxHbTTypmMMfLEEx67rSeN1x9ZTbuy73oUVHdyKVAngypVJsy1NEihVBnoMmXQ1vteR5bB6MsND,272804430,,,0,0
2024-06-19T16:45:53.729Z,23niENwtgqdoyJjXJyyK6FxwKz5PU9XHVhiB3eeHGF6MSE6moCY7iomcLjQddmtBgrSi1xhuAuypptzAJaBGDZtc,272804430,,,0,0
2024-06-19T16:45:53.734Z,B9pZDQ7afu5pRnjW1o3ihtGyfXwv2TpCku2KPbjVCVfKeDenf5YWVpBX65bBku8khzVJy34CzJ26m3tXhXMk9vq,272804430,,,0,0
2024-06-19T16:45:53.739Z,5UkkEFVfFCCenAJU7K64RCJWU8DiiNzJ8xjVpfZ6Ti381FvcasDaGm5teGvqLbtswULdyiyQDqmYSRT6MZKwwpV5,272804430,,,0,0
2024-06-19T16:45:53.744Z,1jrZsUnbmxWNSpKQPeeqxuBZWVSEZddHmczad11kDiFpxxHj5mGKzyMNAATY63P6tw9qDpaNYLLhyVbRM5APVWD,272804430,,,0,0
2024-06-19T16:45:53.743Z,5rVLri75nJJUpda6MmhnzjTPuL6kPy7vqBfU7JoXbZingVHzDJnMreKF5nSwnAcHdn6Az5q86JuztRvjMyrrDcRW,272804430,,,0,0
2024-06-19T16:45:53.750Z,5d2SFXsBMaY1vB7bJvceMiwf1yAo77LHzioDnQUSqSjAqb7qKrkKxcBdTyeVarF8FmCoyztqsYYt2XLvETrSWpfP,272804430,,,0,0
2024-06-19T16:45:53.747Z,3qhW5JFP2cAdaqjoQjHQMazQcFEM29dxGFmWrjQE4vVvL3niRetRQTrekqqyu1yDA745WZnX4iatg8BtQNxSsKJi,272804430,,,0,0
2024-06-19T16:45:53.753Z,2mMeQoQHzq6qsW8WfRb8usJKwK7GKt912keECyxKRVBRHLHMwP6ENNuFKh56ZeVppDPjz12v1cYqGR9U93s9EVNE,272804430,,,0,0
2024-06-19T16:45:53.741Z,8D8gVGLNTedMW62ShcTVmTRBYCWjPQazfsYJ3e5Fk75vkGj9LJpNCujjhYh9nRNDEfr7LuLm6c5txVVmYCuFAy6,272804430,,,0,0
2024-06-19T16:45:53.755Z,2nj3yLfYCx9o6j4U6SWJM32MaPZWSRcpyYhd4HJsCqEfuz3UEHQQwP18cxBxf9bA4yfGZB95jLs22apJ6TQg9uag,272804430,,,0,0
2024-06-19T16:45:53.759Z,3acmdG6rGT8G94Ly7Wk1TG9AQSM5BPNop1AkgT6NPhXe5BjNd9rPxdmECw6Noe93zbji7xzGCPFqnbMBXZi4FscL,272804430,,,0,0
2024-06-19T16:45:53.751Z,4QEGhrFGGD3Rt5SbEU1B5RWHpxZMXzhhRBSHXfz8W96TbzKGaiSrhRz7JEbNmPS7794o7VHAiDjCppDuYwiZvPcZ,272804430,,,0,0
2024-06-19T16:45:53.756Z,29iyehwjbzLXH8MM8eATqcnjzhXyLr11jPqrYe2zob65m3tPHCKKhsAf7FYQALKQecQji1aq2mJ4UdhgutEfgorP,272804430,,,0,0
2024-06-19T16:45:53.764Z,3eaSxhhPisLKjMsEU9VxGMv2WFGnjNwMQqLSZHRfk8NuCq2Xz3ZKrVQUdPqhVXiGsj3Fcj1K9E1rwPsss6Bqq6rx,272804430,,,0,0
2024-06-19T16:45:53.762Z,4nWKQ21ridVBWELGrenMR379jsrkX8ifBa7vjYuEtsqEAQbMp1ZSzmcxu86ndNHCM7aEPRN7ySeu4FRTVuR9VKab,272804430,,,0,0
2024-06-19T16:45:53.767Z,Ez3HfnmThYxZ9cnJBKxvFFeBNv9j89VJFznN3AkNSTUCDigUkEhaXsAW34BW9YuaZDhPs682Mdtn1UVggYCZB6i,272804430,,,0,0
2024-06-19T16:45:53.761Z,5KZ2Ue3QCPgKq7SDMNYpg8GGZQ3tvN43LPQZcGhMn167UCcxAmUR7zUYEaf5c7BGdn4jLUKWKH5Jdc7HzC8p8vzA,272804430,,,0,0
2024-06-19T16:45:53.769Z,26Y452MEVFSAVQcbfZUvvqe4N9eM81pzoCcqc5xBGtwqxqXeZfxVxBeuXcJby2GEyLUKHvn8mP84NtyfmBTT9vJQ,272804430,,,0,0
2024-06-19T16:45:53.771Z,r579gWayXNo5hLyvrNtNhjayxqoiYNfFaG9e2ZvHTvJme4XDD3RcTL9XjPk1bX41YcnjtDGAJ58gczE29h9EsXi,272804430,,,0,0
2024-06-19T16:45:53.773Z,4ZKsxx5nztBjNrCYCzagBcMZwi9bgsX43WemcTtWnE7hANhG3hM2LNycgE4cS8ivqD8HDTn7B4NqYy9cHG2GZXBu,272804430,,,0,0
2024-06-19T16:45:53.779Z,3PJsJWEv9rkM6GeyahMi7vBrDrEH6nzrRMgVzAU1Be69maxCpsm8XUKTkJQd2zkK2t6PYmmvEdPEovMSdcCWuHYt,272804430,,,0,0
2024-06-19T16:45:53.776Z,E7VhcP7cwMv2i8JfBnWyLEn8RWz665qbiPUPqrJU6tRGgw23bJsyoV9CtNsW3AgMFxYnDpuye2N6e5EkVnd88YB,272804430,,,0,0
2024-06-19T16:45:53.778Z,4PgEPB67nU7QERt16UeL7ZunSpFHiudPSJAZqqj5Hyi6Vh39hz5gh32NA39RJ94PDXVQwpJfhDpS23JkcZgaQLyg,272804430,,,0,0
2024-06-19T16:45:53.786Z,5CxFMDgpprxgQB5wraSxj6c8DqQ7HUBbCjNuGjA3x3TPDf3a6kyrhpResaeAACDDuZZX3e9ajMzSVYG4vFyeNuzr,272804430,,,0,0
2024-06-19T16:45:53.787Z,dN2ihCQ2zQFxdcGXEH6nc7bjraSLXE1Tk4on8r6ZJUpaAWrroymieXMbVb5GfpiQamgnhtGGKzPpcjU2APt8WYY,272804430,,,0,0
2024-06-19T16:45:53.784Z,4HB8cqA8uQe7bjGUxHBQdASJLTfKtYGGVQ68LND1w9LUQ1c9yGyDK1jAVu5oj4msadTRzk2qyjr2GvFEQwVoDwrR,272804430,,,0,0
2024-06-19T16:45:53.791Z,59zc4v2UYH42fXmpbKePy7x9EB2H1usBdhRNe3ptNZXnUamvTik2K5AjUVqDAp8UAwy5B8U3SZP7A5jpGDyRxq3u,272804430,,,0,0
2024-06-19T16:45:53.789Z,4aGoD1iye2USd1ivmceeyHZbEMprNM48wPqhVYu38d6HA8Vp8hf5eSpGcvTqd2eNE7yHnZTh7Ws9TGCjQHpAt2GQ,272804430,,,0,0
2024-06-19T16:45:53.781Z,5DUU2173FveGrR1fE9DgBESBd9ZJ3LVdVeZrdbddtEPmDTNM23VQit1NBRyoDTd1ymfxZmW5QZivezWfENM1HHcR,272804430,,,0,0
2024-06-19T16:45:53.792Z,4AZFK775qMiDE6jKB3gvaorZ3QeuWNa6a1Jx7BHm2VL2ZCBgEEQqDXd82GRvLqWihTNB123AfAm1UBq6igM6sqiZ,272804430,,,0,0
2024-06-19T16:45:53.797Z,2d8juCFtfTxgyGfenNaLA8Gve8NpRBnsPBuUQjVqy3Epvr9baP1aNJvnp4uxUSfF6z6oZPHNGzHvBnJFpHYXD73b,272804430,,,0,0
2024-06-19T16:45:53.795Z,3iQivgZfzREZ4fYjNwqz24hnxMjFh6DCuZf7HAsDmTrK5GY1j2oMeSAVu48nsj7nzCcqniP1tk9u8wcnXXd3VXQa,272804430,,,0,0
2024-06-19T16:45:53.800Z,4xPDUuGmYex75LdL1XqwMavoqPixVsvTCyWFyTF93jbC2YV3kVS9hLgU5XUvz4iojmchpx4AAAUmmRS3Hr9hmHmq,272804430,,,0,0
2024-06-19T16:45:53.798Z,GJHyq1SZnMq6zSb49ERoqVNJ4BY7bNvw74Wzgq5wj9YDUTbkwqqtaPp9Ffs2q8NJeuwKLc6PtrMzq4kRa6VmbB4,272804430,,,0,0
2024-06-19T16:45:53.805Z,5YFvEtWdxCYwA3NSo7R4KFp9mz8qFCVpqqNxxAoEv2Ter27kH3qS5Qq7ndHaZpmVRxhrDaQxTzWottipYXZfCjgm,272804430,,,0,0
2024-06-19T16:45:53.803Z,dKAr7FNvuXYJzDDB5YPEfREpPTL7MEyVsATBygeceuVETgzXdPRuXEem8oxQ61jsbuvSCmAq5f1hdsQyHrfimsa,272804430,,,0,0
2024-06-19T16:45:53.809Z,49LjEg9t6ZCP5r9V4EBiWesj5oPUJoe6bpMntrFQMpSkKEhQ8Fh4sV5JcGWufVDd8fSynk4MKHrgEvJfgFQqNcZo,272804430,,,0,0
2024-06-19T16:45:53.808Z,GFEx133smVbn8DTa1KiQxB3oBbaeH9Fe9xGackM3wepi3aKz5iBgbMrrqcy8uszrgimyA1H4hjw8BhYs4LqsLTE,272804430,,,0,0
2024-06-19T16:45:53.811Z,53ebMcKk8gnTQJKYgrLhAWU3eMrUu3C76tii4UuXfGxVmT2Bfe2zuS7oYpWEcPcr2qgjPWjMEXr6QNAZ3gWfAysn,272804430,,,0,0
2024-06-19T16:45:53.815Z,Wou2Z8EzKgrVG3tgBb6sXhthP721wYZPwEoE7EXmE1zux6MRnsdATdCjaLKG4ckMCxk4734z42hzdd1J7x33pRg,272804430,,,0,0
2024-06-19T16:45:53.814Z,3t67DmW7oUER8tUtLLvpjLNP1ogGRhS44QRyux2q2Pd1W3iEUxNx6wPz8M7Y7dbpn3rEjRV5H7CZeBJ93b1niNdv,272804430,,,0,0
2024-06-19T16:45:53.816Z,29dxM7D9zTCwagni3g8N9qaoMKze97BxHSx2oG3CXA2kpZD5osLXewQmQZ2Wh6AEfgteETfdvoKptLGtjuf7oTqm,272804430,,,0,0
2024-06-19T16:45:53.794Z,fYr8VRwesagokVJVS792umYzzEp3mXnCRFtPBirrZVkpqmY9y9EJ9KwzezZKaUVwJmShLhK53bWLFiP3wFEbtLh,272804430,,,0,0
2024-06-19T16:45:53.819Z,3gJmLscsrnTgJ1yPrRFVVnaYigdG8KdjgucrNx3b9zZiZ1VjySvVEnujTwW4iRZYosbaTYhe62XgUiD8p48q3vou,272804430,,,0,0
2024-06-19T16:45:53.818Z,3wDb3u5U55p5Q2g2ojnjCDjNiVxDMkE1uPZfQwDa9B3Gvj598bv2NvikEmgSyUAoE19K4ZQb95ixLyvu6rRJdmeB,272804430,,,0,0
2024-06-19T16:45:53.829Z,2hGVHa4xRM91TJvsVnS4p1VuSFGeCpmjvXnrfQbDq2XQKhQQsNbbYoZpnsAEddbEncLwcxeNR9zst29qJ56tAMzV,272804430,,,0,0
2024-06-19T16:45:53.821Z,3fC2QUtoRffoLfNDjLyLMHJGYFjqQUbZe7sDCjF1DaZfYba352yZ9GrEEwJNMxkTeD2bNGaF516rbma3vgQLZWvU,272804430,,,0,0
2024-06-19T16:45:53.835Z,4exzQejzbUrN8ZZSxbtzdPEJ1ASDoFwVdyh3KWC5P98HJYsZyiS5THo94KaA31AJsQfnwgKX92tPMEjWS4m89Ufh,272804430,,,0,0
2024-06-19T16:45:53.831Z,3q22yYuTLpfDcmrS52U5b6EwXvNfTps9Ufd5gCp7KzXA5FRrQUBwhgoyewDPnnE3WogKebaMP3YyCkg7vr5qmRGZ,272804430,,,0,0
2024-06-19T16:45:53.841Z,4bTtWaMxwVi5JcpF5KEcAKYzWXWNHau2kqFR5h3odovpJmTBDQGow1FE417uCGyVFF7UJmTyxXCTRRH2vteSki8A,272804430,,,0,0
2024-06-19T16:45:53.839Z,2ZKcBaH52FDtZL51mqjLGyiTsh1vimeALJrJJqCD25pjr1W71Ybyinri6mU9CApUzHvbEef2Fg9Ac95xLP2G4TFt,272804430,,,0,0
2024-06-19T16:45:53.825Z,333o4ejzwktND3YWEQgZHSG3XqsknhsN5ua9nDLfi5a75vUytdkADVPLAPpREeCYHHYTMaGPGMGSux1tmDJuoy5j,272804430,,,0,0
2024-06-19T16:45:53.847Z,4DwdKgK6ViBaE3uqQM4YMox6StE9pdZSvBqTLtggGyPG6dGynoieJCXwKosaHGr43M7cJdkqjYtnmYm1sbJEfFUF,272804430,,,0,0
2024-06-19T16:45:53.843Z,5qmB6F2LNS7Y4kakVwSkrWot9ynfRgtSMo4UeVbPquecwoKeJuRqcPxhTwX7rjieRRpLhCoeaFZLcsJ2Myef9krX,272804430,,,0,0
2024-06-19T16:45:53.851Z,3CDKYgauPgn6RY68eF811dyT4ZjvQ4buZCsXTHRCkacBGgsKpR3H7xqmvP1Hcm6xzzaVdqfzV44Y5gVJKy1eaq4f,272804430,,,0,0
2024-06-19T16:45:53.849Z,4kVKv7kQYgJmQmFfPM7JkNDSPVXdH2jaGmbd2fTmgTnKNAGu4XFeyjDhKnCayVKQSjnVoius8Xfa8to9djZyiZEs,272804430,,,0,0
2024-06-19T16:45:53.845Z,4aK6PbYYgbeYsUDnXEPCTnestYU2PzRaEZrs5ntq7Sdfofej4bXTEpjH37js4JqtsgcZRUYUfji5RZ4bUmRjjhjo,272804430,,,0,0
2024-06-19T16:45:53.858Z,247pFwDghMXvhJ2TQdWDdgmTmNzgA4MenfxAhsJw4dhFG1xcsVEKhvdcNeRFPLNjf2MWeCDeomgB5M8M19ji3V5N,272804430,,,0,0
2024-06-19T16:45:53.857Z,24wkTx2UdX5cxu27r2KJY4rWWovstsiDuLqQGjmYW8bCjZsT6n435UKaKKFYLMx3FcB8mxPBfM3JcbMCTQ5WfrPc,272804430,,,0,0
2024-06-19T16:45:53.860Z,2s515HVrTPL6CCwtwGdm7LvT2kTfHvPHUoaptsAdV6jsQeWFQ2UktLcKhEwKTobHo1nwgb9pJhsD1p8sxvbLpQx,272804430,,,0,0
2024-06-19T16:45:53.853Z,5uXCn8oPcPgZ8sEyNrVjSxetzJ6d4C6b8zaPyVHsaiscLYNN3h7pMwiWJG6bSKij9zzHBXpLeB7PkEG7TMdM664U,272804430,,,0,0
2024-06-19T16:45:53.863Z,Cjww8twvkp2JrPcJg2hmXSxpH58j5UZjR6b3TGbtDSL1eLEb3qzoWyD5Ldh7RtMoMkKytDKWGhzoupCaoyTyALP,272804430,,,0,0
2024-06-19T16:45:53.866Z,5vEXP2YmFxxafb5UesznizzodE5DCV9zo6pj2iCgYvmUD4zPEcZtTcyjcBts1fNmT5tXKUb8raKRsRb2J6cCTAwn,272804430,,,0,0
2024-06-19T16:45:53.864Z,SbMZRAh8RjbYyEkNyqcJM1MBGigYGbd8zhR14ru8wAKAh8ZpkJRi61Vw6GEUMnVuZnuQTqXPYPRXuGFwL27t7oB,272804430,,,0,0
2024-06-19T16:45:53.869Z,2a7kD6CJ1JEDbSJtYnMBQMPP4WmxJKTGbtahSrZqB3c8HuvjwGGTtDyC86SN4oVts1EsHP6Fq9eJbM3nq9V4oDeW,272804430,,,0,0
2024-06-19T16:45:53.876Z,4dHXboioTA8NsjLkJ8WsYjxnCyoqPcHh6fiTRkbzLwiR5gjhE43PYkzMcSC6PXySUfSDNQj3eYYQep11WfFDf5cS,272804430,,,0,0
2024-06-19T16:45:53.873Z,5Xg2K7DeNyf9vGJNaV5VoRJWPJ2s42XXwt4a1PieojkMyR8QvL8jgBF1R2QXafb73aCedRumffrYqqtjyqT694bU,272804430,,,0,0
2024-06-19T16:45:53.871Z,41LTRfsZuhZxBPRzvmnPAgbdHRyeiYkHz2hUGttqZfCH2pMJpiPz6CdG7wzJHy2jr2uPAiV2vBtqGrjRqP44Hc5a,272804430,,,0,0
2024-06-19T16:45:53.880Z,5xTWyK5FTqf8Anbycu4VzppNFhcBEFR2yxCZrUqkvfbiX1Qh7Z4gfgtr9ZMAT47MQpsYXhLYnvU8uHMGsrcEpvZL,272804430,,,0,0
2024-06-19T16:45:53.884Z,2fKpnYdSRiRuKJp1sT7o2jJpGgzrT5foKjmWpNvD7Z1npN3bYUamhMAx7MuvTUu3JKDwCe9B98Pkj4idp1zMCs4y,272804430,,,0,0
2024-06-19T16:45:53.886Z,9Z4yrxRDtS9PznfVnXUHuf7RL8aoZEugSUMuqKUkRXahuuNre9ybXpaAGLTnPEYjzLj6gCmVGT8oofnpFSCnnV5,272804430,,,0,0
2024-06-19T16:45:53.882Z,44pmyr267kKu8n19sy4JXkxzmHmu2vBKaYZk7BTC3Fkwvxd8G3Kp2mRZfEJrgGit9ev5smXtcqZk92PZHCgdqXXa,272804430,,,0,0
2024-06-19T16:45:53.878Z,Nx5AQYwRyC48jZbmHwPX5zBcoMiiW4wJekRGqdRGfC9QBh3mCyagXDHGbvoLontr6JmMUrbVUrAWx1RtiB3CywM,272804430,,,0,0
2024-06-19T16:45:53.890Z,65kia7BtLCms3q2X9WKNAWDU8XgHvkoFpTNTDSNVVZu8VfjqCWu2z9cvrnNPHdNHvULNCJ8vZmY9hLquqzwLGGVE,272804430,,,0,0
2024-06-19T16:45:53.888Z,ASQxVLSu8G1JBLWpRrAc5fKuyUk2J1goWpud7dg7qXWtWdDMM78Fc5mA7hKGxTXpLXsBpTh55DwRM5JygLFyf2r,272804430,,,0,0
2024-06-19T16:45:53.894Z,3akmYorUjigj8R43wzAexniSdTkzZa4G9TG47ME4pPwyufMCKb3MWWzYgMHy6ignRhFw9jYHPxM5PXTfgpSmB56g,272804430,,,0,0
2024-06-19T16:45:53.898Z,33mE3dtP7oaCKd2Lt7epVXjVizCpQEsujYxm3rYTinmXoMSKMKdpFVDbjfhdcnU1QbYq3MsCCPhS9Dtk2gLGUMXh,272804430,,,0,0
2024-06-19T16:45:53.901Z,2j5J1jzNso37vuG8T6CFgri35uu2mzHhGZe7JetUHKJLDQqsvBdC8DBir1BFafiR591PCL4mmwZK9vHzSfNLo6Ht,272804430,,,0,0
2024-06-19T16:45:53.892Z,2MP7njVkbgyUJT16iVLRQdnigGhoQw9ZjhRSgdFKhU1rUrP9JwsTrbQDt1jQ4rGhts77783e6uZ32jncpnQpNWCX,272804430,,,0,0
2024-06-19T16:45:53.905Z,3aWQJJ61LR3sjUzZgpoGFWx6S4c7F61ZcY8RexzZyoBse1jcoS4CQNSLfZWQDHjsZ7PL2DWgniBpBD784mTwrw8P,272804430,,,0,0
2024-06-19T16:45:53.908Z,3F1cvCQJyxLo3sBzgvbrXmKvzBxvQCfiji67KBqFzTyYu1jRVKf7MmgxNHBczcDgnHwc3H5Dbw2RAHKJi4PHSJbB,272804430,,,0,0
2024-06-19T16:45:53.910Z,28cgWvMd8Ccdzv5kjHVvznSFarmoVvMKvxN8iS3Fi3NFHuf1tV9nUfKRkxQyinEKd8Eknd3z1dmgiFgF7bkLKz3r,272804430,,,0,0
2024-06-19T16:45:53.912Z,4ufDQv2hf8rXVH1NzmSHzwrmoeNqfgNF9KSfFJuyx6Uq3JwoWuw3c1H2k4o8kdC7KoJSGaSnsHYhfaVZbvAtFJQj,272804430,,,0,0
2024-06-19T16:45:53.903Z,bAB7aNsw8Zcx2ghf5KnGNieZs6ZS1CyJgJN5FWrbNkgFZpCkUTbwbwTNXFsELB7ukgG6USFJTFcGArLkyoDfMrs,272804430,,,0,0
2024-06-19T16:45:53.913Z,49kSMP7mE6rwNvEiwE7XH9zzPbgeMbW9sergVGqJWuCcdXGu3nTi8kygsK8q27vvgcYDfztVQkiwR44koGrCDwLw,272804430,,,0,0
2024-06-19T16:45:53.916Z,5dqJw8sGWQrBkVedKytpJwQE1ZNc4bLmwNFdeqiYd4UvA8vF4jpT5etx85CE6h67NNpqynxxGubHJzo6DLgR6pY1,272804430,,,0,0
2024-06-19T16:45:53.896Z,2R81JAujkejrbcmXTYW7TyVV27dd3GxKgTeLy81zFERxZjjamgXFvq66nEhNGxSEk5azaYk8fQs17GVB4wUUyPH4,272804430,,,0,0
2024-06-19T16:45:53.918Z,5c7URDwk8VapGGXL52tnmu2TAvJPb51Vh9TSKjatzchVUMwrKzkrMd9SzU98FgLWzqTwxfoN6QnHjrFXxaST4H2S,272804430,,,0,0
2024-06-19T16:45:53.922Z,4tELGU8Tcqq9LQhAF32GXkyw9dRUjz1y4dMnczfZck8SuGohSPmi5bkmqGFvkGwZv9F7dbkFGq6HVK9ymYzRMBMU,272804430,,,0,0
2024-06-19T16:45:53.915Z,5ns1WodwWzbDWm4LNEMni9CgPF2HAAAwoKHGCEDksDiuLRbPZfkqgp3RffXfQkpbAPaoxYgrDM19nUKeLjii3yS4,272804430,,,0,0
2024-06-19T16:45:53.924Z,4RV3J2LqT4Tbezw2PwmYQ856CxAgUW5X6ygVd3EmvnGcXUFh691wiE6MY8EoVnpytpeGyPYtkevc5ZEEheA8wGhT,272804430,,,0,0
2024-06-19T16:45:53.929Z,5TddmLVeHsbYVxDWUMhKgBcUE9XaSZcAhE3YDk9EjazEMnnbiV1a2c8UETpyAP4x76MYjtuP4XnVDTGkFNPNB8hQ,272804431,,,0,0
2024-06-19T16:45:53.930Z,34SMoNREY8LepV2jnKrAKCkP2Xv29Vp4r5aCdgquMqdM5DqC6dBU3MXTDL37dUZaC6vRVJDTdA328Wf8eqhNQ74P,272804431,,,0,0
2024-06-19T16:45:53.920Z,2cvhMfQHDoWi4fF2rjueqsQAz3tqD9B48k4H9oRUsaFoeVq3AA9FFa1LCqGz4JBpbXU8Emu32G52X7D1uAN5WxYb,272804430,,,0,0
2024-06-19T16:45:53.926Z,4Jai8QBWVhdhb4SmkbPJ72f4D6hZbhTEFsiof4pw8MSJGn8HsviroKqbJRY8ssjgpqV3mcyZxY6zrur618SQCQKn,272804431,,,0,0
2024-06-19T16:45:53.935Z,KcyYCkdkk6WRAQq8HVZQ9gBhNQWgEa9cJB8zo2TeoqZcxgEx3Pf5P3QPi3GJUarKTLj7E9i5rfqdV6mQ9QX5nds,272804431,,,0,0
2024-06-19T16:45:53.933Z,jYcAQ5QJ1L4Jrb5RoBQG7o6TfVTXjvqWSdMfJgiUAFq1XETpeKiz2NDfaJDQCRwPftm2L2QXfYhsgbARivcYMu7,272804431,,,0,0
2024-06-19T16:45:53.938Z,2ULdgbAuPPQnZpqv3wwBNag9gLcwTFKfrzp7o9Fk7S9Rvo6PnN1noyaFFZMv4o18cNxQP3Z4TSq4i9iuZuzNyRuk,272804431,,,0,0
2024-06-19T16:45:53.940Z,2wCNEw8gVv6hFDCn91QVFpnB6zW9RGSm2UTstAsvuw8AB7koBm5rRhmBJNS9BByMZBgc7WQNVbS8hXgvbkqNgBBn,272804431,,,0,0
2024-06-19T16:45:53.945Z,oK1ytrebNHE6kZyEUMK5xZdA7xKjDt8PbV59UA8PNmccxEKbXWJyidXuRLUH1hyy2neAEM1cPXZXPLHYLh4w5MA,272804431,,,0,0
2024-06-19T16:45:53.950Z,5c7ozcSsjvvMfneMPtT5JvRfTb4nnBTYydmSXQWvQKcLfVLYaWjsu4QtgTk72n9cpdxKKAKNRUB2xXzN5r9wuaCd,272804431,,,0,0
2024-06-19T16:45:53.942Z,2buk6QaKrKF7DcfkAPDWXVDHVdqNgFJ2BSjHVV2Trb33xNhiHYAawJc2UTu979Dun6bRn22vpfBaDKM8Se2NPjq,272804431,,,0,0
2024-06-19T16:45:53.953Z,dvWCuYyMuvotnituBe4RrGNo6HA8eq9CHuqYgsvf1bGmyFWMzt6PmKBDf6kT5bxQnxbSPV7kfXSFTxUQkxqZp4Y,272804431,,,0,0
2024-06-19T16:45:53.952Z,5Nz97TgxcRx2f9KHQA3Mnv9SBKbavSozdZwN1wBhdF3wpKykqaomhpvizb79zVYZiTt4DttwxTT9itChNTPZ6nF7,272804431,,,0,0
2024-06-19T16:45:53.958Z,62y3R8mM8GrqCppTCDncVHWwXHhULnxURsFgLZVBHcD3nDrL1GWayLjJ43VUqvjgzwMrL9x9LHEHMf82szkR25pD,272804431,,,0,0
2024-06-19T16:45:53.963Z,qVEj9Gk5kVRbMbpAFvG9YQ8LfHZv5YfhLcGMnBRH2WDvJFNHPrZJ8t7HAwLPF5Xcp6ZqJKBiDSaYguiUNDAFXXB,272804431,,,0,0
2024-06-19T16:45:53.956Z,5QZVevMmKQQiVfystrq6Ske6V3fgQ3yEBHxMdCQe3ndsBZv4VPuMy2JTYPSnBQG867Y6VE5w3T5SR18C1FiTvHHe,272804431,,,0,0
2024-06-19T16:45:53.965Z,jhKgn32cqKwB3Xg8uQyNhMUL4Kyav5PV6t1wo2nTRq4xf76cQKubJT4oWoXx3Cammr1zxmnXjf8tVgz4vWQoCNx,272804431,,,0,0
2024-06-19T16:45:53.970Z,BcxmbZNGv8HSx1z1a4C7feG62PXBLxNwGhA2jaMwTiojesMtRT4kV1J4SNu4b46c77AeyRFUhVKezkjYsy1Kys7,272804431,,,0,0
2024-06-19T16:45:53.960Z,V2XnavPr8LqqpLPivULjMuuKBHAmPieh14KATLdmZaC8uCYcLJUyZ8ChCHTEVYpU2Jjre3fdXUPjk7Dv2WyRTnA,272804431,,,0,0
2024-06-19T16:45:53.974Z,4Vt3HUo99XgawDvqTBqmNg9Xk2QgA9JVhQfpByxyN3E29nPuZUerdxqq2MxNiMRCJvjThRsdP5a8SQAhRsM8iRWw,272804431,,,0,0
2024-06-19T16:45:53.972Z,Kgj4yBBiNGxNhUJT4ZwdeyUakdb7bpFLBxh2Pd6491qqmXwxYg1cmS5k5bRxXowcMoXhpyex2Ze9TNvhSE2rGX2,272804431,,,0,0
2024-06-19T16:45:53.978Z,4Tp9ae2hkvT84XgEP3xWjUxwPhcPMMwjz6vNMWwRe8YktPSYpbesJHERuK5fKPyaFJbdyxDLwbUXtRDeFF36LufH,272804431,,,0,0
2024-06-19T16:45:53.981Z,5ydFMoEnSF9AWswVGdpWEztmCE7HxsLAEvAswwJ5D1t2pekG2DTFJTT7BqN3yshXzKX7vhtnkKtWrKjgFvEjtfy1,272804431,,,0,0
2024-06-19T16:45:53.976Z,5kQa4vFTcfeiJEFeW5r8Zpkk8xrUzkiN4ZbQ2KR2FfpCZdwV6mziwXRqn5ASz8fPt2VLKYJrJUTzoxaazt8dAV4d,272804431,,,0,0
2024-06-19T16:45:53.980Z,3nUiXRsVcXSRMmiEBc8rp9xZhc9hWmR6gRgpsNqfc5MmjuL1nVvU55kV499hDKudK3DjkfArGmAd8r1oCQB2UzYr,272804431,,,0,0
2024-06-19T16:45:53.984Z,4eHtEancsGzJuNkWCRCvzxeVFx18c9mZG3s7hU6itkGci59hMmJGVE9CXDyCMYxxQEs4BfpARFQUjarBWPg794Rd,272804431,,,0,0
2024-06-19T16:45:53.983Z,2LR16SAv2QVkaM3TujxnphcHzTmP88oAg62KRs3VB9GnGkmFEUB5bbNBvZBju61cucvKFuFUVSHzJXhC1ECpTy5S,272804431,,,0,0
2024-06-19T16:45:53.987Z,588ceTSgbM6DSr1CMyKQnuUF6GcauYcdTXBYzK2VjFzRdkVZfM24X6odnK85cL8Cz38Kk8KqVTQs1wqHeBAq295y,272804431,,,0,0
2024-06-19T16:45:53.988Z,x3P8WRzH5y34pm4MHrukfoCXm52aF4KsnqPyeteQSFXu92KK4PRHFjHDSXJGeNuAsQ6yer9g8HyPfWicSDqs4Gf,272804431,,,0,0
2024-06-19T16:45:53.990Z,4KPwV7AeaX42MF7yzacDipAmG9Z9QzyszUqHxC6ZyH3xJTG5p6EivR1pdTmtCmEwUt9zwgtgNLM1fgU3aMDnEi7C,272804431,,,0,0
2024-06-19T16:45:53.995Z,4zwVJ9inet44s5RhXYN7CoyubrMrYccBLMEwJ9UErz9bbAE8b15FszNxDSeaXokJBTNkussnpJhvKwgDy1HUQcyZ,272804431,,,0,0
2024-06-19T16:45:53.997Z,v9JxgK1Suox8XMvvScd3kQmbAfPKCANfwnzsAtjLPLaEaSQ7WEpivedC9cQJcpwoqtUcPX2BUSkQJjFKkbo895D,272804431,,,0,0
2024-06-19T16:45:54.000Z,4E7hu8SLT7d7JqXmkkmHXPEfu7UdHJpwZguERVsk93kgCNdhZq1BE7RcMsKC6HbyyCku1bcZG6S3gXY9PK2XPXwW,272804431,,,0,0
2024-06-19T16:45:54.004Z,4DrCieXGXADcMEsDGNbWb68Zy2guETZineQ9sVJkuNH7zZWqyWVquSX6XNx134LGbiHQGjVh1SMH54FTR1pMezon,272804431,,,0,0
2024-06-19T16:45:53.992Z,XQW1aC2cdezgkJ4u3jYzvu3wzm5YFtpFTzxThTTScv38LFQtrCCETAQWT69gs3nZYVsRZpZM1xaRazJPnHGW2Po,272804431,,,0,0
2024-06-19T16:45:54.002Z,2qSjyj5TiuUMYv6vqKLxTVFPZFpHivKcJ3z9c4yc2kzGV4Kmqevft6NNyEFhNbJUxg9GmBXBc3dNXDutPyRVC4UE,272804431,,,0,0
2024-06-19T16:45:54.007Z,3tqtNSMAypGbkTgXkLzh2fPdX2dz9X3eurFQrELbHYokapq7afGCmisasAaryJd2VPxr9HM2ALSNPMSiCWA5bNU6,272804431,,,0,0
2024-06-19T16:45:54.012Z,dT1sxrysrPFnMDGkXMzhS4L1d78cbDuT2LFChWXAd6UUSBQ4wDq18yhDjG41EHiZQvDkRmE7ZqZAwycZnqYQ3qU,272804431,,,0,0
2024-06-19T16:45:54.015Z,65EZDDTJTidjkztYB4s7YbddTwwKXGY7vUCLQESbLzqzhZfsNkR4csXfaMrw8g6xuBeEAt7suC7RUiY7QT6i4Ra8,272804431,,,0,0
2024-06-19T16:45:54.010Z,2akwTQHdiuQynqxvRrXsRjvKj7FpLawzLz7PfNxjAJunQokwR8iLKPQWMTkwg9BV617hz3ZTRndiDsm673mWXCm2,272804431,,,0,0
2024-06-19T16:45:54.006Z,tw2TenEoAi2SKQhkvN8kuik61XURt6yVubV57vF5ggku44a8KU1E34rup1bQT8Tn765xSzh2UchmHFZiaSFQ48t,272804431,,,0,0
2024-06-19T16:45:54.019Z,4NGeWaQPzdahYU696jrD9aPyy6nMM4qACtxdTuZiRbLwKn1sdVdC26ChTJegp15cJg6D8HmJKHDpGH2yu8cJjiqf,272804431,,,0,0
2024-06-19T16:45:54.023Z,2Ry9YpQF5Dp24h2Ahmiwr7FY1ztE1iDC35SBn3PoYGWbeZjSMD4NWfHpw9DKdGRtterNVB4cvsY6ZJ6bXkZBNhSQ,272804431,,,0,0
2024-06-19T16:45:54.017Z,4XXKkxQVQGcXmaJ2rLW3gLohpG3T25kv6vyX3JK4FdkVkjjkg2iYtzfd9BXt7tZYbX5Rhp7DLKBExg6xmqkpmwjz,272804431,,,0,0
2024-06-19T16:45:54.025Z,2gywfsTfHCoW4CTQrERdDrmo5mWPwp7ECZmgxzTMbgzmFB8sMgQrjEAPifdGon71Lk87DobzQntCbxMPZ5nqVHw7,272804431,,,0,0
2024-06-19T16:45:54.030Z,2BVEjTYgof2n2EnU7YaKdSL2wBgFHSCEsXU6vaSCXxSk2nhJupUiWgPb3WPgRQ1bkoAqNBELkcmxFxN6KMzGWjzW,272804431,,,0,0
2024-06-19T16:45:54.027Z,3TapECAs35L169cZ5aAfUocRKWkCZfMrFuGmCYMVu9UdcxmHTzDqSnnobWvP53cuXRujde9FE9PdBSyP8Dgo9J3x,272804431,,,0,0
2024-06-19T16:45:54.021Z,3JmVZF8KxeTSiLKB9MtxKYZpaJoXXdsRuqu8axc8BwFPKSw7mWDFL4U7XkL4t1fu6AKEig3xpWiz6qJJXTV5bpgB,272804431,,,0,0
2024-06-19T16:45:54.031Z,22k9dfBAwoXPrBoFMBr8B48CkdazQiVZYrRSvSnHVvripRBg6q7vJfvsY8s9sC5PTCjf3MKojWLH6hZShBVVhVTr,272804431,,,0,0
2024-06-19T16:45:54.033Z,RBL47JHDFhfR1Y67hYn6Z9UrnLzA962v5UWTw7D2Kg3yJ8YBLhVpyAfFuC2xSkJpBV2UQaUgPL6w78xrXEf1Ahy,272804431,,,0,0
2024-06-19T16:45:54.035Z,3WmxeQGbVS7pZRr6j84kEPYXEvYztB86nPjDKTU3hJudjLwLGM9gfSuPKW2k3QB4uon3UfmishbbRkMj8spmHvTH,272804431,,,0,0
2024-06-19T16:45:54.038Z,4vuVbnuUSkeXgiAk7bENBket3A7hXBrSWAf5EUHZvpAkRkQa94QZaDvCZ1CxCDMKyYnjLrnWBrrqi76paG4TTPcp,272804431,,,0,0
2024-06-19T16:45:54.040Z,kNnE5GjcZ6qAbmfQLZHQWuh1iceEuND1gUGN28BVmmhnB8WuQv5b4L8rengrqqqde6jxR6JArXsZVYWj6j6caAD,272804431,,,0,0
2024-06-19T16:45:54.044Z,2gUeHC7DwrKAbvT4AFsq7r9bq1bfLag52LB5189JU5UAKMAYvSZQXoEJXnT8a3TiQBbqFDK1vAJSVuEMbJcYByRP,272804431,,,0,0
2024-06-19T16:45:54.048Z,3wiSdoyADMhe6HBXhzwi1mCCgXtZYc5LFWZeJGDKvCBkhewbk4VMv2hESGWNPQK6HMQH4YpAQxs41LBB75YEBGmz,272804431,,,0,0
2024-06-19T16:45:54.042Z,hRWsjBNKdhqgsjr4Y5MKFfNFqjyE4cSnsRtN3F1MyZfj6RfJmVatEV6uwj7sGwRrCBteVCUp47rA1D4kRxQDef1,272804431,,,0,0
2024-06-19T16:45:54.045Z,2KH7p13i2t1Hhh8jwFoa6E9bCGo9gNcvF3V6JFUs75n1YVX1aXCM6uoeaMkpau8ckrgDZUYRdjeCN2ZraUZENNWr,272804431,,,0,0
2024-06-19T16:45:54.054Z,32EP5ML52ggJhLquqgTdND7S965dka6cFcLjZrDDhLuvH4YMRnC847A4KUJcHPHBUd72ejKsjTnNEra1UEyJEh7w,272804431,,,0,0
2024-06-19T16:45:54.052Z,5J3FYktUapx6jPUcbU7Fs8m8s9q2WWjZCwdQJzNDmDv4NPGZFD83T86kpmrRsowDQmBgeagpiCAVRvzR5Pq2LzVg,272804431,,,0,0
2024-06-19T16:45:54.049Z,4nPfFt6DVMfpg12TTcbbffHN5xEeH2cc6wcPyAC5BHHkiv7rBZSPpNriAcGAxHxe7ri1HvuT6UHhGjRjZvXgQ4oh,272804431,,,0,0
2024-06-19T16:45:54.056Z,3Zzm2owpxHJs19NcbdwFTGwzY3ymAs6DqxvksDokt3ePuxztAcfTG6XkQuNf3NddLQZ69oxcgW38KReb5EfGnLsF,272804431,,,0,0
2024-06-19T16:45:54.061Z,66ymEq3YJpJeiEX3NZEqKQnmNfjzeL2ncvuvwmS12YFZ4ymFvhiSLPh4ymVBcXWhCvhcTQDZgbofi2A2dx9qBd8B,272804431,,,0,0
2024-06-19T16:45:54.063Z,23pkgRHSxRLuZMENYA1C14B2zKR3Nq6wPA8T5P6K5R6tQefQDr2CaHXHabw96U9A5v5beJwpVR9VCfCcQbdj6LBr,272804431,,,0,0
2024-06-19T16:45:54.065Z,5qFnbS7f2stxrGZGvxekabEngi2JDXnbWpsTixofNzYmZBc8jhDFcPPYo3zbvwGonUYixbi9GgE5ar1t2fuVRbAq,272804431,,,0,0
2024-06-19T16:45:54.069Z,3nEsAMTJbh3A6CoBJyTkihu3BNbyLCnDcWNMKpZ2jJmuT1UKhaxEkchjWCNTu2MRKrm8Me7QUE3PcRdmqHAmW5oc,272804431,,,0,0
2024-06-19T16:45:54.072Z,3nYAoyWhB9xST5xAusu58MG8jDuBSKgStPGtXK74bLAajCTtBbpqnyKGzUVcW6DvfTGuH4Cv123BoFc2afAFNXER,272804431,,,0,0
2024-06-19T16:45:54.067Z,8QnDdQ6Lxstudv3naegtWy39SkfUhVmGL7NDGC3QHwuoyYyUcDBjgBVgk7cUBPfNhTrDQLTCZdK1vMDMvmXiNvF,272804431,,,0,0
2024-06-19T16:45:54.074Z,36Qeaqswym9qvYnQMq1SowuamEHRb9TQEpicnzQw79JdCiKBZtLj8gkP9xE8DmgAHdVugTs5JgGejxozjLMTPkoy,272804431,,,0,0
2024-06-19T16:45:54.058Z,2AWMSWAkhHfFUbfCRQfj4ei3ekzSUT9cAcPvb5EqWxZZL7HX8gnVsN5g9NV4YWHmqP6JvBHnLBBRu5QLpcvVKs1J,272804431,,,0,0
2024-06-19T16:45:54.077Z,gjjHrkDubQkrbGDsXd9VekfJVaBzFuCPkRQisjUYgN2XyCHTJoPMpeWJWqWTzW1Npw7Tq1zrhjKsMJacspgxqgE,272804431,,,0,0
2024-06-19T16:45:54.079Z,2C6XyRFdgDvuryJw2TyqN2JNUD17HdC1HKHGC9fY8RH982VMy68YckdzSF8qiaSbQxnJ8Rzk1bJLbLdqq56MFaNG,272804431,,,0,0
2024-06-19T16:45:54.076Z,48z4xtWcBWXsEy6N7xtD4XDrpFvFF3Hh5VQTw3hCnQFT4pntnGg4X9yAhqDDt7jB7CBwRtieJE5FngBVaCHeg8BW,272804431,,,0,0
2024-06-19T16:45:54.088Z,3dmVjYyCc1Eg57rfNB4MgwdNvC4UG2kfZnnwa43rAsQix5pBsJZBBCYJTJsPcU9zZ7g9kfx51qEnMhLojz1fj6KC,272804431,,,0,0
2024-06-19T16:45:54.085Z,KcnSzSCDXLPYU2Y2Xa3KeDqKm6ZQjKtaHE2W7ygU6BLqw6pTvSJgEsnvJPmqvJMQta9TaZpKaGRrBLGAUTYNvkP,272804431,,,0,0
2024-06-19T16:45:54.082Z,4XE1ZVMEPcy5S7qp1oxnP8nLnJMv2NMa3qgnwTdCbkiSaXhvNcuLLS5RzpEjeBAbVwFVjyiDFPMmt15iT3h5w9HT,272804431,,,0,0
2024-06-19T16:45:54.095Z,4yZfzNuXEuxWMg2XNQjPhxxyMtznDjgpL58Ty8aZhbznnP2NnVw6L33LNigVzwbXoKE2TFormURFVegBjqJmTnFP,272804431,,,0,0
2024-06-19T16:45:54.091Z,37PWMahiRVSyFQCMPnGLo48Zn8cRzrzmfZXMg8gcRgkhfA1szuCkLWc15q3B7WVxP45mjj4SUMAxsNJir1Vu3ov4,272804431,,,0,0
2024-06-19T16:45:54.096Z,5nNGkoEzzFAwDuQSiznZMer2o4scMzcS92B3XgntH5gPEwLjTsNpKmveqpyHDaGmgzhZvh1kmaSQBt9HwHzKQvFB,272804431,,,0,0
2024-06-19T16:45:54.101Z,thjqajmpvchDkcbpxC8p8GQtoYZd9zGetd8pPZFgPx1g9JJb23jJo1ShN7iG9vtsFADEAySeUmP3xmD6hw8u4DD,272804431,,,0,0
2024-06-19T16:45:54.099Z,2Fe64uTSBvcq1HyLoF2VTKcgKLmWx2dTMMtocoBvec5iZW8jp2VRynVTrgBHj7WfCHQCPWqocnvSdKcPrt52iQxU,272804431,,,0,0
2024-06-19T16:45:54.102Z,2LaQoam3qbjRjycWwsRvm59iYgR5cYMDi3ZhqeMzAyYfqCkKeRF62587kV64aG1eejwebdsMoJM7CgXEyGg739AK,272804431,,,0,0
2024-06-19T16:45:54.093Z,vz1h9fSu3ipFMgHQq4dh2NCyBRajvtgHgVWQXHKkUH9ufsbMtFeN12d9dgHvkhNLhLsvndBh323Y9Jgn3y86MEM,272804431,,,0,0
2024-06-19T16:45:54.107Z,5o36KHyfUvpYuxhYC3NhaXoTmU7DQPm76aGWeSSAvBg1ZUtr3SNccikdXHWFfiLrWBSnx5MaWqsbCWfrWpPVbbYh,272804431,,,0,0
2024-06-19T16:45:54.112Z,5PrxWm69ymzgFvFvrbzaZP24q3NrQPKJdjWcYMVn1TSPNKoy9Ybu8UHrXde2D4ucwArZ6PvSnNHpGtHy1rnKthXg,272804431,,,0,0
2024-06-19T16:45:54.115Z,3XFTvq8dcaNmYsKwkiNcyunB2F6Ujw9iwYV5vwdygXrkYpbYnwwxXPvcpKKEjWJXJToPjE9yyNF9AW3LYWPMKVGh,272804431,,,0,0
2024-06-19T16:45:54.117Z,5ngtJUJRYipuNTLu7wd1qimRDo8CmEuQSVTFkDv24ZugBXF3qyqoaZGPFmvdjQwS5ZMMWheydyLqkfxcg5aMwVnS,272804431,,,0,0
2024-06-19T16:45:54.105Z,32c8KNa6jrxQY6yxSEQ32aZ93kxEBBHxybFWoiCGRrCLWa5Zn1VU5M97wmnuFXbpoBwLTTgGRsWC2pmuK8rFYpKy,272804431,,,0,0
2024-06-19T16:45:54.109Z,2aQB25cTh8Lj4D174XJ9WAAyfZNLtoBAMjT5GrrMcEgiNBGbdk6V3SxnmsFk54xETV2QKShGWL8WuUaTceMWJMx9,272804431,,,0,0
2024-06-19T16:45:54.122Z,3WGCbKxjqiaNRoVxukT2fT91g5Bb35suBgNdMHNEPHMTBMUjUo6XMpqHLy6mpbvJyLhyMDQsVbrWPkiBHtSbxhiE,272804431,,,0,0
2024-06-19T16:45:54.126Z,45TTfzbYdJj3WSpTTgv3NPUW2GCx8ncV2u7J2DU9Uv1iRbQgyxZyJizutkFPk7NM26uxBKNKUQm3TyaC9Pupuanb,272804431,,,0,0
2024-06-19T16:45:54.119Z,S4qLdS23Smg2oAWm5Ek8NuhwMR4xQxKzQmJpuHNKUE1jbDrVGyfdqUH1QLnZkL7SboHfduT7jHjmoaKvjWQfrtU,272804431,,,0,0
2024-06-19T16:45:54.129Z,44upYw8utbHPZvQcf5Sn2zrs5H5B1P6xfK4mNFve11jJTg7mv1VWyu4ihet8P3L8TVbW7Nh6mM4Bv8VQeEYrWben,272804431,,,0,0
2024-06-19T16:45:54.134Z,33VJB3jQ6s2KPbSpRXPBD9Wz8rnttD2Q9BcwNUUEiAfuPEZc2usFA9DEEoorZcxZ3Je8qVzkSFZkTngzcTiKtN2W,272804431,,,0,0
2024-06-19T16:45:54.139Z,GeidEXiqdi7beKDQo2aRtFWpRBtPp2ph3v6HwkMYsxCTcs61TS748Qv9jHE3B8TMq9vCn12yjx6aqSs2Qujdh75,272804431,,,0,0
2024-06-19T16:45:54.128Z,4BAZpM8bh5iBMNzMqttqKSpuoakPKZDdH6zcCXsYb3CWnSq2raCSvEEyYgcWtw1XAKaRLFAZM2WjzgGJetYEZqSm,272804431,,,0,0
2024-06-19T16:45:54.142Z,5S6XjZr3hhJbhzde3QKfkeZLw2x7GuwhsyjY6nWfcjrio4mZSD3mgp4js8GPqEeUVS3FoJbSX1LkhXh6sT2mhs9J,272804431,,,0,0
2024-06-19T16:45:54.144Z,FGzyoDh8DL8WTYANnehbj82bcSgdCMNuXSmSEzgeL1oeq6ctJ3HrrUnhS2GyrZygZc4N6AYZnmqfxn1KsvuPmj7,272804431,,,0,0
2024-06-19T16:45:54.133Z,9ywcmPXrY1zuLTjm7dapkK3B4sdGSRgyxL3NPvapVQkwvHvrqbyfxCoCavKTcFYV5oAYwdY9N4vegLahGWcCL7t,272804431,,,0,0
2024-06-19T16:45:54.148Z,25xuqG9qRsKjCWDugw2NQgk5rJgD2cDujJsauYKy6onDQAH1CC1F8xXS4wpkyJVSAcCS7Hx3A4361bcMYNawoAyc,272804431,,,0,0
2024-06-19T16:45:54.150Z,yyM3vZRvFuVVFt43421yoNRZXDfzU2deHqWg3Qpe5DVU22T2BLRqkidfemH14apMTERrMtX3H5EUGrH7h9omzdc,272804431,,,0,0
2024-06-19T16:45:54.146Z,Rzzm7wcKQUvJivTuxzF7JWrNcuWJTmRw67qfT99z5VapBsdMmXXAeXWAguiPnG6qtyQy9StHk9pnw9Hn9GUsorT,272804431,,,0,0
2024-06-19T16:45:54.155Z,5pZVsaYuCYtdSST5HxekKVC8e1irELvjAfbb23vE84Y1wdD5mhBMv8bXfsonbTQox5MREMJ9PSBQdo6a2S3X2yTx,272804431,,,0,0
2024-06-19T16:45:54.157Z,35UrmCAaSGC3QUiTuCCaKekFqX6cTrzDUpUNB2goqD1ZSFZ49vRi7APagTBZNc1D4Fr52Y7ZARPVfPCYFCtgWUjS,272804431,,,0,0
2024-06-19T16:45:54.161Z,5iVZZF7KemvPDprxc1SNtwhhZwZvWvnuzLJ33mZFJh4n9HmUUEvBC6mMjbstnddRkcVwubZuAD17TBYcKdGAva1o,272804431,,,0,0
2024-06-19T16:45:54.152Z,5LxxvGHxb5b4r8GaX5gZ1re7nfmmjW8b9ZBWrQ9SAsMCemu3eDeZ4vAqDGvRMPN6ZSPXEC9vSFrwPRww6ZKpirv3,272804431,,,0,0
2024-06-19T16:45:54.167Z,3q723ZiSjJQsvDGn8M7pcafK1JFmp42N6qk2oCdWHUTAtxBwgKXX2jRoXnyfLQNohvZW4i8FZwBdGFEg68r35swd,272804431,,,0,0
2024-06-19T16:45:54.169Z,Qb4wM1KEvFY8ARn4YPSJT4MhU1drEhHvXRSqPBg36gc9rfFi7DhfEWwPUWfrhn7ZDan4PdtgxYXm7FSJae6ZzkR,272804431,,,0,0
2024-06-19T16:45:54.164Z,4VLGZ5ttteVTLPjPKrXxJaRCPkbt58JSxqyV2gpLzVy7cKYhrijZX3hBTH6hjXDU1JTyq7ch6ZAJLUBHN52cE562,272804431,,,0,0
2024-06-19T16:45:54.171Z,2KNW2B5vqRMGVoKWGMvCPcA2Pzx3VyBvJ24xaVbF8AkdXYUpPF6QFz56eQX5ii9c1duZzZSpWSGkA3bqxNhABHz6,272804431,,,0,0
2024-06-19T16:45:54.175Z,5cU4KkW2x5FB3bMd4omcpdPyjCk4i6X6he3ASKe6TB45gLr12uuzemPeTiNU3VJrQR6ytAWidAMPfiAn21W1Q2oy,272804431,,,0,0
2024-06-19T16:45:54.174Z,4fh738Y1dgtag8Ce1FeGFGE95uvsGD8iJriXrPYvdbxPEENvFpBatYrzFAzUrbx4eRy9uyeHpTpnUwrqFFdReeer,272804431,,,0,0
2024-06-19T16:45:54.179Z,prp5yjjmt3PHjRvLHesWdqNr5T2m2MzeMrqfEUxh4ExNazH6sxCzchf3P7ghAJdKm8mCqipPbsdtLcXRtdcKvQZ,272804431,,,0,0
2024-06-19T16:45:54.177Z,23VaJeHKyomeWZbXn6jGJC2pF8V9VE9jYYAxuSqb9dsVkkm1XDRNmP5M8cXisbgeiTdi8tHMWKHxSubG7Es9XAhC,272804431,,,0,0
2024-06-19T16:45:54.183Z,2RrMHBNZBGBFgasEg5Mfqnsv25UbkyBSVaJRxYB64qnTQ6Yd9zS3VZKHWeT4UjuWWRNjnwBHhJqsm53dHmjYLQGz,272804431,,,0,0
2024-06-19T16:45:54.159Z,5qbKmCfXBqp1b93Wh2QQwbCqZAMdzF8y4t3rQzCZyeoM4KnC8LkZq83SJUvY7dwDnjsZ5BAQABw3L8qezDasCJfE,272804431,,,0,0
2024-06-19T16:45:54.186Z,32eTCVTwfFU3ySxN3rccuqDnRWr6YsqsUajc38qC5JMDKSMBAETiDDwvQ8EskCCTAL4nbRqUq1hpEwK3e8Pp9pUZ,272804431,,,0,0
2024-06-19T16:45:54.181Z,54TgEvqSZi66GeBu3MFSLEefM7WgEftWJAXS1wcGAAfaWM1489ehdYyEd1x4QsDyMwZdtUneymWDyyiiSAH2UZGZ,272804431,,,0,0
2024-06-19T16:45:54.190Z,3QevEJz6JYuPK7Ej3NEvWrYjaMfbCejxhKkXme9eZXKjJapxDnAPB7Dtbheiy9gSKEqq6RQ2MWQJwDeoHmqjkSrK,272804431,,,0,0
2024-06-19T16:45:54.184Z,2dKBmv1dfrpiP7YnKtAJ8p1b3syKWrm7avFLzYK7WxhawiFPZBB8TB9mREmq6HBH5emz2Wg9KqeBkBwYAiVDCQce,272804431,,,0,0
2024-06-19T16:45:54.193Z,5zwdnNE5NdAjJbAhmqp2e4SAjsPH1yyY2bsUxsMZfGGsc73Y9aaNR1PpFFmR3g5zYNZB3MUTyKncb2jFeZQyFvJm,272804431,,,0,0
2024-06-19T16:45:54.188Z,3f6xk288JXzdFRVEGUgb84rj2G6eNan6WZcYvoWt4hV7NjFdMYnqirzZpMJGe6qFuj7hdAWyW2Rd26epJcU2Xvaw,272804431,,,0,0
2024-06-19T16:45:54.196Z,4bj5kHXqi1uJnRRFMwSRcB1SRGo5oXeMEyQKoFuSRY1dQvhA5JktczPYGSDnZZZrXPK8Vf7F2dHzLNG1ymvJ4afS,272804431,,,0,0
2024-06-19T16:45:54.192Z,4PRttjFWPvsYNdkJVS1thXEN6pc6zc6kyLNgQNEq1gpjcQgB6qxCBu6x22cFaTVfFNZEAoTVADbmMcmr1xhg3j3h,272804431,,,0,0
2024-06-19T16:45:54.200Z,GiiZitsP87f35F9FX8a1wgRtnFX7dRooQKq6ZYExCkzjUeuzZrStvzuvDD2zidonAhJW4evoUFb9KrsRvPfqaGY,272804431,,,0,0
2024-06-19T16:45:54.197Z,5ZnR2KU6tXwT93pQfR3VbkTuerVYEYHChqMmcgxZP5vNN1wDrGDqRoBqDfQkFxwxA7hwSuiCKeXSDenppaCfV46N,272804431,,,0,0
2024-06-19T16:45:54.204Z,3sj5tU2RLeeDKSrm8hbeu88SYCfYiMhvBoHp8pCgwcHDMJNzqt2c5hW23m2V37xW9w6Xo3s6xPLD3vKeJZRRFFyj,272804431,,,0,0
2024-06-19T16:45:54.198Z,4QkZK42Eqgy6YHNciNGk4BSWLmmYaPMwXar6cvpJCXuaB5AZG3rM1TYg1K5b5znYf2TTnPhEh1AXNq9Zk16bezZu,272804431,,,0,0
2024-06-19T16:45:54.202Z,2VTLRHscqHimXD3yJWdBdzdXjLuwnz2BzaPWKzyyAWH1544DEi8yUKLsRFVPfNvaMRHe2MLeUsFobMoR4edtMn63,272804431,,,0,0
2024-06-19T16:45:54.210Z,4MfTs9DgWJdDMtaBg78NcCFSo6De5BSKduXbrC8qBp5N4cgcXCzyYo1qLjc68ZFn4GW6qHv2Dg7vs7vRQXbNRQsk,272804431,,,0,0
2024-06-19T16:45:54.208Z,4Ukc4BB5VT4RRPX5eiEoTL7ZpbpECLcvKoqPwYQesPabVGeRhiF9o4J9PnpggkQXWGXS8A3nkAxkYaY8kqrW9XRu,272804431,,,0,0
2024-06-19T16:45:54.206Z,21sF7gHivYGfxLLXeSqzJs3FB3wU9fzmpVTQ2CWNQ3pmVmK1W3x9g38VCWVkamwVAsmm7vZYpQMrR9GsqcLCB8KT,272804431,,,0,0
2024-06-19T16:45:54.216Z,5bN2apsjwrMzhetCfocxnA98XD1XT4ViqqBHJyvwTiLZ6Pce7desGJ7rxaYH4WdziiEB1KfLw2BTZdXVuYP3RVju,272804431,,,0,0
2024-06-19T16:45:54.214Z,5Qd6wPdwi3Rm1YYn9ebcQbMSvcRXkqFkRZSD9HpPWwPoLQ7QWWyLiPjMWyk5W3ySypmREL1g5NbgevxWqheLcvWy,272804431,,,0,0
2024-06-19T16:45:54.218Z,54vAsnu7kAYMJSwuXj88Woabp1643CSsMB4VHzFQAxrKXFoettN6Yr7wT5LZ5VT1A8f55BfYm9VghCAWU99FPVBC,272804431,,,0,0
2024-06-19T16:45:54.223Z,3M1g3R9bHCZNyU7reULrHfkfnK7nXbmLKzHxwoZzVgnYaCY5a5iyuY2r8fV5JysLXaUjJcJ2kAwsk8X51DHYPYUm,272804431,,,0,0
2024-06-19T16:45:54.213Z,2zLXwDzNapuD8SDMWE8SSXhzxi6iL16EEGGTcWc3Yy1nFfpj8XsQWQ4XWZxQ8hmskcL2A6FB3rMfgetwHhofMT1b,272804431,,,0,0
2024-06-19T16:45:54.220Z,4PSza9L8q8xpP5FtJtyQZ7CnXkGXvKB1qf7ZEPRrryybgwHPRk2x7V7XErFdeq24YbspsBAKuTkmGyjThcHiXV1Y,272804431,,,0,0
2024-06-19T16:45:54.229Z,444ycCPu4F3eqWmxZcMrxhsH75kJXhMwSSqRRZLdbdCYYv6eNhQbaWeR9btkCj1XFw4qHCyvMdaJGq7Kw5ykTfDu,272804431,,,0,0
2024-06-19T16:45:54.226Z,2Va84UwdUrm6zVTXJPRLWxsr5LGxaaLSnrCumoXE3gbsXUwbZGYyemoEHprzKJmbGCQmrq9nYW8QbNqq3m6HJzvv,272804431,,,0,0
2024-06-19T16:45:54.233Z,26zTaSSw2WPDopwyTr9gQZfE5aAfgcqCXhRqT5Va4DJGTdWdcPhcTw2HHYfCHD5UFUy5PeSBBJySSn4vrNjgUyeS,272804431,,,0,0
2024-06-19T16:45:54.225Z,QpLwGgJgXbygkhAfZNCMoRUyqb4HysiZme4Pr862sKtfy4YgzpBfDjMyhEpSruVe2d4Xq9hEj4xQXfYv9Vykx5k,272804431,,,0,0
2024-06-19T16:45:54.230Z,5yqg1fPegEUDWjVvhGHUeupPca2fonzJNcozNd6fCkh61Uv8ruwHhkZYpzxbZEeDWPWiX4NvKQvYmttWjPoJhVaA,272804431,,,0,0
2024-06-19T16:45:54.238Z,2Fn8EGyS7BsqN8WzBTBN5cN2crFRTUuBtLmp6rtQE4pknLq181rVQ8d2nG6VYoswU1jSShufaEPCLnBoeLXCCewt,272804431,,,0,0
2024-06-19T16:45:54.239Z,3dACkHCCcJaCkva1v4pmLV6f88dQSAW7Qv2EwKGvpe9L4kQXEEdQ1YQhatocHwnPdhRgqFi9xYyvE3WtA77DNkd9,272804431,,,0,0
2024-06-19T16:45:54.235Z,5ej8gGUFbgGddyoJhak7qbdDufMeGUKZFucg5vddq83v78y7wgDabofLTiX2QoEpGEYmaVA8WK6nVV7Nr61CNPnE,272804431,,,0,0
2024-06-19T16:45:54.245Z,4DbsrqWi1n5DbXUFU8JtqZAEnNAerLjeotaiYAKxnTKbHRGExQHEdQGq3YRWLw9jT6hxA7VeQo37J6Gych1wxY6G,272804431,,,0,0
2024-06-19T16:45:54.243Z,2jRviRGfkhnNmGdfmnh9zmjNF4PxFYK7mZz5wqjRf8tv28AwJgD5wpKLWJQheuMQ2cZnvgoQKFpChX9rLMgN1WfZ,272804431,,,0,0
2024-06-19T16:45:54.241Z,4id4fHSQxHoW9FC4tUX4gu5NWVbe5mDfh5YpxNDQhYK73UJ23NbJYqXZczVtMRzdyRMa975gEuur6Uyvs3jbRDpS,272804431,,,0,0
2024-06-19T16:45:54.249Z,M8E5i44dv4F6njwFi1qpfuHnEHDZXakERSAAn7AYSHezGCVJPQ6a4XXX9r7e9RrE9eZ9iZ4Ftaeg6cCWKjgxGfE,272804431,,,0,0
2024-06-19T16:45:54.251Z,585zwzyVtG1JtRYtiWTntEjiWYhJFhYq3sDxiXUQgAogZpcNa9vBzho1K3qm85UZ4b8e5GYhehdHfZesuMtxSx1G,272804431,,,0,0
2024-06-19T16:45:54.255Z,FjN399Byb6ptWoejKibpMgbgBNWpP41ck9Q87ZhgcqL3H9VuYCzs2wuMH3yEhDmu29C325Ddig7FuWqHKfakcgz,272804431,,,0,0
2024-06-19T16:45:54.253Z,4FhPSiApSYiPjcYhz5D4PUpL6j5B6YR8DRFNw5czLBAYPaqjGJwCpMS8TVmS5cK9MjsgWZv7PgfjH7F5o8s3TWfj,272804431,,,0,0
2024-06-19T16:45:54.258Z,2hi11MqrvkKgPzbg63ftL7cRRko4joKwqVaFZrFqbkd8o2ckNKbsjJFCsZcNiUmCwWN1BKEaTYVJxP9ewjLBZsz,272804431,,,0,0
2024-06-19T16:45:54.260Z,2SCxG4ipcDJ512VMVBJogE8ubovmNVGt1mZjpKRnMwLKBq4mVChpPYoWuEbR8ijbKomqdK4jPSF7WVuX9nzqB2Bp,272804431,,,0,0
2024-06-19T16:45:54.265Z,24MTnFs4NLM497HHvsJ62PyJYUGNxmQPLTU9EgU9epZJVkUd5oD4iwonJ25mA6bG3hezjt1tqotAq3poGrahWfKy,272804431,,,0,0
2024-06-19T16:45:54.262Z,2d1B9Te1kMpfU8v63rbTE7fybH8LzJ82FKNbKEHAh12BSS4Z2SXU15PxB7KkqVzi6Yw1fsy9EcJrKhVDx3WxaqaL,272804431,,,0,0
2024-06-19T16:45:54.267Z,3skivtSKpCnY5ahPNWRUw77s3w21QgZh6hJi9PahebVW9uEHMda1ZoMKngvrDZtTEExPCB59c3z67MWzXwpQi6eu,272804431,,,0,0
2024-06-19T16:45:54.272Z,3hfGe4Qb45wmDDRNNbSKPh7gmhWurntGSHZHJa3YjzVNDTr3U5bMynWodPW35uHuSN1KFojphiWtJzPqSYKgHYQ1,272804431,,,0,0
2024-06-19T16:45:54.270Z,4H1gxZPnb3U2Q2RitHVircnnH9N5xjZcXJCrAVKib6kC7rB7rKMm98sSKeotmeiAPcrXK6TDj59D4qWEF3DE23DN,272804431,,,0,0
2024-06-19T16:45:54.276Z,5bTCjwAz4M8dNtXQrddc3gMFNDBAGTfbHAwBkHvnque7b4VeY4CWH5xbXXcz2dgaH9A9XDNsCqknJYern5htTucD,272804431,,,0,0
2024-06-19T16:45:54.274Z,VotNr5D5bWkNMUUnpY1AwMx45Ah2S9YdtJqbWTrAF3fB4rztxVbnvTPWQnfSXb9FxMhQ7JsshxAJtW9jsScTR2H,272804431,,,0,0
2024-06-19T16:45:54.279Z,3gPkHSaFpVVzsT4w3zqmoFYZx8S3HLu4wBzozQfDpSN6F8gEeqPF7rWWMhmTLqgPpjAYTzAvU5UYtTR6t5sX7L93,272804431,,,0,0
2024-06-19T16:45:54.282Z,56wQkhnDJRM9fvdbPJN86fBe57cM3Qs1jxLEAm6j5vKwz5gdQzNcyh4k21FyvtUD9PnjRqcpLRv7fAF61rRBPRUs,272804431,,,0,0
2024-06-19T16:45:54.281Z,BDSeiMTJU4oXH6afQhKWfojGThxUZwjqdv4YagTL718iscwDHgnkiXkwhm3F4vcfMNGuoTjeFQSCSyoK4bWSqt3,272804431,,,0,0
2024-06-19T16:45:54.284Z,4onpXYmTPSeECMNSvppvV5zwxHfTuJpZdjfRxxC9xetTsC9G432vxaco1Am3ENKNWWQCpziMczByH44i1amgAiH9,272804431,,,0,0
2024-06-19T16:45:54.289Z,3tqbMiiPMrbAZP9gQ78ZuLsc2ktuXxt4napNbt5zZAqWE7JrmQ6qzf6NWtnopNtibvNPjsLCPadC9hQu12xcn4fd,272804431,,,0,0
2024-06-19T16:45:54.286Z,5mKQfDE64tSNQrdzUi4RR4tpZZqNdPPRWS2ZwDo1mGig6fXZUTQ2nKjhmPhLDvEnecVJhWPQKdFLVcFgU6gJSV5M,272804431,,,0,0
2024-06-19T16:45:54.292Z,5PUB7ZMMZ2ne7oneLnjqSxaenX4vZVWrJDncbFDeZ9nPadNFXdWhi96TeUN2UpUReo5Np4ZYfq2aKNUpeRYM3SK8,272804431,,,0,0
2024-06-19T16:45:54.294Z,TcYvjNg1wkUdrujVhr64C2dikWFKZ3SdNMLiYv8s2QUcg56c5obHJYLC2nnzpqKSDTCQzdMobzroDPgqCZi5Sev,272804431,,,0,0
2024-06-19T16:45:54.298Z,3tmFWHV1TTztTvxqfX6HMNxBo5qztoNKv6jTF1vM9eCbkkpsv7uf3ThdS7cNoPguMLwiK1UdpqsLWZQe1RWPk9p8,272804431,,,0,0
2024-06-19T16:45:54.301Z,2XsAumyMLugCGMwvuCkre2oJwChe3ymgwnCSbBdtFtz6be7bgJiWnhEixS3H7ae4QYLDGPWkcA6G42Ne4xiPvxDD,272804431,,,0,0
2024-06-19T16:45:54.296Z,RFpQuEBA2VjpZTTj6rZg2hmaBtLzAJzj7WhYVg9uScwDWABPQvzxzTWfh8bJXpM5H6NV8qGE3NzSqMPXvNUg1T1,272804431,,,0,0
2024-06-19T16:45:54.305Z,2C217uSbZ3EwhvY9Lf2eSfgE8Qr26mR1FS2BvVtkc1iG6CYbDEyHbnpVVnXGCpaeqeRLbpx3dW5jeK3dADX8h7rZ,272804431,,,0,0
2024-06-19T16:45:54.303Z,bGxpWT6eKcfFMSfhsBPuFZV8pqvxytWp7vYFY7goBVY6ttnazumJw7oeispwe7DDd9QGBmwCetqu2nmyaMUXYeg,272804431,,,0,0
2024-06-19T16:45:54.247Z,fbo49viffEH4iJva1iha1rAouZNYWMMHn7QRY2VZJE1xuqsCWUDudvnFoT7zJH2nMfkdJ8FRVX9s83iRYMzmevi,272804431,,,0,0
2024-06-19T16:45:54.307Z,7LUWWcCiTwwydH8FhCr5afZhwYwfDDDAXYzPhm8qVx3aY7YyrwrCdjQkogeH8jNKsHFCVj3NA3ajZ5NDBZwWBmy,272804431,,,0,0
2024-06-19T16:45:54.311Z,4sem6uDHq2EiQVV1jhrD84TYdrVcXC3B1oYmocgWQWXxoEzDGy3nrtqZZnnFz7mBY6Ca9bttozusEAdYfqMuaWqo,272804431,,,0,0
2024-06-19T16:45:54.314Z,YmLQgfytg2ABLJm6yTHYCAZbp627WFbrExcby1RLgFvaY592NoUUoCd9FdDqGgdke4ArmW1pTLCeBVmHErvvfKi,272804431,,,0,0
2024-06-19T16:45:54.312Z,2RvfVUExXAE18pBSPuSiPpqMSoDHjTocnbwjPFTTqezM9WG5j62DYwGguVuML7qNdThpZYpEwkUPetb7FvpLbeS3,272804431,,,0,0
2024-06-19T16:45:54.318Z,5ZA9iVwhe1rQGcmdWihU899aixZT39oYuahB3FRFqTj11UAX6EqSWaXUiUKojYbTz5QEs31kUsCe2RhqB1LdiN7m,272804431,,,0,0
2024-06-19T16:45:54.309Z,2gpoeXUvFsgz4MJP6ZBFW9TBLf5F1s9zmDC7kJdAgBhy4ThK9hfH1iVgMgNsfXoZk5PtjQFJ1JyuKDc7q4gcPzFN,272804431,,,0,0
2024-06-19T16:45:54.315Z,jnR5shceoGEuHwxJmjaje9rC3o6Ch6tNDGdwJNmY9be6f4fRvDGFB1rbq1dFZ1vvuB4Mj4CHqNrVwU4bqPajXGC,272804431,,,0,0
2024-06-19T16:45:54.321Z,4gfVyHr9cucHjK62Hvywy3Kk7ZX7GYVakeefRSrner25heCG3xAVFuUZzA8fzaQueSK14yzVKtn1MLF1Pp5RTCtQ,272804431,,,0,0
2024-06-19T16:45:54.324Z,4Gg6iJ9j8An1L4ybVq9Ka9ytcXQkbaeKeYU4a1VXhpQ2pGMZTxwEv873ydyoWv1GJD5buASKgMGmsxrKLKXnjPkS,272804431,,,0,0
2024-06-19T16:45:54.327Z,2tUwq1wmSfk1v5TC5CB1JaJrKhyWCeVgAx8b2V7sSvGEJdRg7VoAu8tMvqFYXu4BZas283hw9ktrpSvUdXC3Hfy8,272804431,,,0,0
2024-06-19T16:45:54.330Z,5kc2QgUfAFAJvttED8anhorEFgjXy1odi8A2FgkaqnQuJXfAZDyTnjbgehwrCbrXBaWhTw1cx53SjQUmq4NSbEGE,272804431,,,0,0
2024-06-19T16:45:54.329Z,329nLmSoA42BWU53HRHQBXMd7RD1iqFwXcgsyJNShGxgToyXMSzEb8KQ6arALjuoszSa1G3PECwRXnTeoACwZLfy,272804431,,,0,0
2024-06-19T16:45:54.332Z,3y9v3WnSwC6E9ps69hHk3HRJ3G6ukHoyLgaNfQz9kiaQcpKG2MgsnjD7nA8U5yh2X8aGKcWmqDwoqdKsY5SQirAb,272804431,,,0,0
2024-06-19T16:45:54.335Z,4gJMyRRvomeDa6yassLzoQR8r4fxr87TJnvGHUW5UuLNywUWqNpg87zeiYMg7ULbSgme3yR4sbdbqo5j9GnZ4w1S,272804431,,,0,0
2024-06-19T16:45:54.337Z,3JuAb87DBtgkfW2wknqDiF77RGiH41hudqXPgmSWadknhXp139SnQvtwgydpbhLeXHcw9HTbAYXzsjWheayfNy8k,272804431,,,0,0
2024-06-19T16:45:54.333Z,5XJNFbsy4pLpFF73gowjoYoU3rJrqvdCHGQAMwaZ17DDxRguixgcU66aNTM5zYrfQ5aWkLp4SEcfh2jLFUKRn557,272804431,,,0,0
2024-06-19T16:45:54.342Z,4DmzXwBYXBixT3o4JdVqcr2sSuG2AvE4iyvwVAF5gKRYVE1sF4hGb2r8TKin88Cfi92C83RFbm6HwbYycWwHVCai,272804431,,,0,0
2024-06-19T16:45:54.338Z,HA1wYaSx9bjxruRJZLDywuTbguoyBUQPMffiEb5iBpEmWtXt36p8PFC88nEWuyNg3W5CUME9fm3AxGZiQfj5ux4,272804431,,,0,0
2024-06-19T16:45:54.341Z,2DUh2ZH5Hww6G618s8R41ajfY2RJuTncCVQxZuo2NcSJuFyqF5jkHP8oH8ifATHo9kWLwoV2zbu1E1Fitk9uR4BH,272804431,,,0,0
2024-06-19T16:45:54.344Z,2hieHJKezGxA6zMjWpDxhrdiLiDAGr4HajweA43nNEUeLHx8rECWQaaEt6Cc5A2LbQwETbMS41hXEwFnSX5PW653,272804431,,,0,0
2024-06-19T16:45:54.350Z,2HbuGjV8q8VQPKxH3q26BqfEKzQTWUuLYuxpCLSbN2wY1bcgFEM6aYwN6JFE4a6RkukpPXCM4xNJ8e79mbhzNorS,272804431,,,0,0
2024-06-19T16:45:54.346Z,bGqLcwAYsavG7hRaG6j8KMqdvz5V31uWeHxbSySyKfwcB3Pyvihg2WAReEWzSB6Qd1UHQLCfiRFVWxnnK6zWhYq,272804431,,,0,0
2024-06-19T16:45:54.348Z,5vH5QYnsBi2g7wK1ExBCWf2uuX8ozGcGdQMkFrirmaAREbgoG26LQPEzxtE8u3Um7FzHeAMnUnHVbnLaHJgwsyBR,272804431,,,0,0
2024-06-19T16:45:54.356Z,RLr8Sz7JcrnWx4f7gmivGEGctVi23aJez9V2c1REUkJcvzjPoE6ghdc3MQiXaBhFzx46m787y2uHzNq7YMe1kQp,272804432,,,0,0
2024-06-19T16:45:54.352Z,4QsFPJ6xvUijVcAMkSBMHh8544N3m1cRYj8AXdp3k7FksNJhenAtg7P33W9CTuJyU4z2Mu2WuzWusPemDv9QezRb,272804431,,,0,0
2024-06-19T16:45:54.355Z,4mZzP1dP7oQSPUfjm4VAoVVAvwLqBmhw9JFGDkPbVY6q9XJGHC7FvgTfCbz2y4crzc9CW7uVuvJLeT12UDcxD6MX,272804431,,,0,0
2024-06-19T16:45:54.359Z,65k41zjBHHiSbLBVGtUUptPpLkHCcTWrBZBa8mhGpeWNiRdBXGVvpPwJpmhmgvYgSgcvuz2sFXUGRwShTZzYNyZL,272804432,,,0,0
2024-06-19T16:45:54.358Z,4qyR5AcBATHtV63YdGGMQtXMVhgBJRRS8MKcCj9ZgLSas4q43bb6zUNCT6HD69Bti5bKFpcUMAS1ktdvyNxrPh2C,272804432,,,0,0
2024-06-19T16:45:54.361Z,5FEsX3tHuq8ppmKxWnvfnpMUagC2fJcLRKwShuvQNR5eS3hFEoA8WA4hA1Byo2UdvF1cS3EzmGgoGYojNGzdJgpT,272804432,,,0,0
2024-06-19T16:45:54.364Z,5QGbVFyf73qXojKoowJSeM3RMJnf8NeKm74cpaUQUwNG76k2zFk2GZyxrrwaHyFd8M9Dgtqp8762a1YbNCFs1CiJ,272804432,,,0,0
2024-06-19T16:45:54.362Z,4UabkP3jLN1QHTgjvUYddFuCnLaXb9YE74tsyNPMwrGK4ix993TGhp3FaNAGZeWyrPpiinXfhZF58hY2UJL83XR5,272804432,,,0,0
2024-06-19T16:45:54.363Z,3T1FcFHNuytBGHkWsyDoWqwg9Zdmj5ZoCHiwjcuwtbpgMEGDBeLEeqqXsGbN47rURsGLKpqUYpgg1M7VRNhc9ELx,272804432,,,0,0
2024-06-19T16:45:54.372Z,3R8Wzyb46FkERc4wVz2c4qdoPZKv5pnYKZ4WXVvLP2CBUyhf146zgQ62yVEwwSwwUZxaEyZE6qD28E1D8wkofFBX,272804432,,,0,0
2024-06-19T16:45:54.370Z,2u133aDK2SvuwqMgNvJYqzpiswGghN8wkNXiTRrBeTdMJ72ccxPj2YeV9qCEMaUQPkzZ7ryUizrpybiqmWyZ9ScN,272804432,,,0,0
2024-06-19T16:45:54.367Z,64CxW7BGFmR2Rdmu9kZGzRf2MeBz3gdz5qeqxzHxxDG3HEcoWzJiDsC2J3puqEmCgPUSAVXDuoiv9DSZCR1Havkr,272804432,,,0,0
2024-06-19T16:45:54.374Z,2yUe1WNkFoUpN62aLvnK64oSqRCf18Zju3CmCvF2MNnnYSWMmC6nWAk5xvUwjP4GDS4BPAQkDjbBboE78vnP7faB,272804432,,,0,0
2024-06-19T16:45:54.379Z,36h6gTBovSQQX6tagpntznYX3U2ULFHTyKge5oC81oYyJ6XSebZdoizcusyHoDTGevCiYE6mttGzP1oszpGuRT4S,272804432,,,0,0
2024-06-19T16:45:54.382Z,4zMfHmyrktFPZZPexd79nQBbUWJzxRLRLtgnue7EjZWfbXcFyh2aPfkBt3mbkwvNbyFDgc2ZqP1KSFwLjtGZviXG,272804432,,,0,0
2024-06-19T16:45:54.381Z,3kCEKbsyc5Aegs7x1Sp4iTVb5zVMZ7xgSMhFhtBcVvy1tDTqSxukBa6DyaPkETXym2dVYw1Ns6Z44EpMH1cSnT57,272804432,,,0,0
2024-06-19T16:45:54.387Z,BuAMyGzvFX9jCoBFr43SDxHnKbsRQS5cuUisT6rbQcQk1rYKnYCmGhzWtm68j24dQERo6iL5pXRvxTarJTjXC1f,272804432,,,0,0
2024-06-19T16:45:54.385Z,2obMEsTz1wRYNKcChFvkjzQuLGCt9b3jirpiuvSV235VvbsjFy6FsGUyPdSWQuTbAVTBTPGKrstLzgShbxZW41cR,272804432,,,0,0
2024-06-19T16:45:54.376Z,4UeQ8Ch8ZGZhPFvZfoyWy7ZgtAqVC2viqXcRN3aq72mHfHV9kR4ASStDmvtj3LgKD4VCc9cydJvC72uj5NGz3yai,272804432,,,0,0
2024-06-19T16:45:54.389Z,MsVrBzCQGW3RG6F41nt9LDCZP3rgyvzoLvSoK4BayGAQjhcASg9sw5G6RgssfRB7kATQT4KrXZ7mh5yXRdL4Hxh,272804432,,,0,0
2024-06-19T16:45:54.393Z,5mSmncMdyeiyAjm9yfwDi3ohuv3TyWk1cHgEHWh98Rm7YRScpyNBHJmXHcRAQ6hGcUXYyKJCz3pgE4zt7k4vB5c4,272804432,,,0,0
2024-06-19T16:45:54.397Z,2wMfJmYiYC2z1GEtHs5jJbkxM2X2wVU5Jtb9QPNuESXpzM7ZyNNZErKCZMV6PeTc5Rfjf2fHXaAKMT1KhYWWW4Fw,272804432,,,0,0
2024-06-19T16:45:54.391Z,5H1Q6sTHNpksRR76to8M6yascC7NhqFGAZVAjjwZcmuYPvCSYbpJyWycBMuwmV2WgcTMvp7ojA2GbWpBaRzGrTWV,272804432,,,0,0
2024-06-19T16:45:54.399Z,2wuhnWqs9CimvtJRnYngM8RGZBqvF8xuJF56NNqfSXLh64mWFUz3h67mkTeN72r8oeauBvHbTDsNHRW6NSqAsg7K,272804432,,,0,0
2024-06-19T16:45:54.401Z,5CMz3GgAcEouNE2VX2kZhFEVeRjQd72RKMcC5EbYSHz2x4WuHpbdwhfpZu5jAA6PzioFXuTDDHBHfUTauhDZByr4,272804432,,,0,0
2024-06-19T16:45:54.403Z,5TLD4yLyaMpQ9GqFh56sZE9ZpBLuYUFmvFdXiQq4pWx2Q321w2x4TqQZ5fsp6iNS7nFLMV6N5kwZ49PWLoC7Seax,272804432,,,0,0
2024-06-19T16:45:54.405Z,2HJZpoCcQkGniECEymCVTQJynPL9dTxCPZkQA4KvoNz6jo2rME5F6xXb2XLvHFsGdTcE8FeeA3CArbrf6KFvFbP2,272804432,,,0,0
2024-06-19T16:45:54.396Z,3pUp9RJj9iHG1VStrCjsd42ehQzkW7mH3KLTJSLpbLMcxyHzWN388Pp46r2BYQqFV8bECMVn4y2DyCAuWWiWY9g3,272804432,,,0,0
2024-06-19T16:45:54.410Z,4ceBmJXTTJChtqQJQNqbJs4tyYnXfJ9Sq4Mj9c8pRJGBv7sGU7JdFhFfpyeyZgiTijMjtBaNV3Kph69Wc8MBzgAx,272804432,,,0,0
2024-06-19T16:45:54.412Z,5p6CrWc8eua8SMt2c3NPfEJ9VFzZLsG61JmAXSeTTwdHxejaYKBQBnGy3FsEyytQ59oKvmnXb7VMnKwphATqLZvK,272804432,,,0,0
2024-06-19T16:45:54.413Z,5CRk8vCRh9zmzAV47STHZkkEskxs23NmrgHbPbvmoF1hjdAHWBLsPVSWsaN7DWya2fKMEfc6HjrczSvaFggoWurW,272804432,,,0,0
2024-06-19T16:45:54.408Z,4UJ1wRe4RSk7eiqNk4mdSSnu38ZvWGTnJiZfBngDEg2PtHLLSp3zDup3KCRZbfU63LDUjosBAeZpKNFEiVy4H28b,272804432,,,0,0
2024-06-19T16:45:54.415Z,3DTRorQFaEkSK6h5ZkV3hkipd2omFEACUaYffaLmMRqcnPvkKbBRbdusPxVFPWnLwBLWwjHZvuak7SDBYCroEdvi,272804432,,,0,0
2024-06-19T16:45:54.420Z,3aA876oikCvN9opc2cWrMXg1izu3WP5cEdMvJDenmxGEZHX6HjfQ2qycf3kNesCNRx7o8pyyq128eoRu7nxRNwY4,272804432,,,0,0
2024-06-19T16:45:54.422Z,5f5P83RjXDsyjhr6yFm9NztWGQfWpTmya9Qn3PDWPptpMMRy2hFDRe31KmWYXnBCAGVTzDp4uoRpN2A2uPhNeUah,272804432,,,0,0
2024-06-19T16:45:54.417Z,2Gbm4DxjeDRYt9SBn6GQLJD3yvXPisRracPdjCdD6Verr48iq66ohqzwuJQnj5i7gQAnHyjctJJhVMvkaqoWGfrs,272804432,,,0,0
2024-06-19T16:45:54.426Z,4coSZJPpNcbi3ohWdNR5ifEuLWFg5xFEf3n5KSeqtuo8QpEydZfD4TGuccwTnMbvRSUF9zCiFso56eMYhYiWSLQN,272804432,,,0,0
2024-06-19T16:45:54.425Z,2mNiNKB8vY3gYQ67GXUCoUWzfpsrrYBtjMShXPFwsinigQRnskBCeTzePn23GzBt1RJrCHqdjZ47GkhjqKUF2ozy,272804432,,,0,0
2024-06-19T16:45:54.428Z,3gRD6vnEcRF7bahk1Sd9tSrpJ21tEUbjjW3RoaXDX9rb48GFyLZd6pntSGsx8eTyd68AF15an5sYPnzo1ycgd4fK,272804432,,,0,0
2024-06-19T16:45:54.424Z,5LZ9v7mkux6Ya5Pptr3VL3611XehuWZbuUCZKJZNJ2Sunbqz1DD2mVM1c1v8TmZoNwCMN4oZQeqjfh2k7yXJuVUJ,272804432,,,0,0
2024-06-19T16:45:54.430Z,5HXMfkcWu1Sfip8czpMhH3fX42D5BFwa7qCRz1KgvLvgqEsN89CYmbqq1sdB3GhnsoJUzLvf1Y7Q3JG6F6jfH6cE,272804432,,,0,0
2024-06-19T16:45:54.437Z,UeSobJryXLRkjPJYn2tVA29yj4NH8LVLoHPotfXDKgCGTKsQduGFuFUaiEwGsaj25hdwd6BSWFZdQe1fS57wH1z,272804432,,,0,0
2024-06-19T16:45:54.435Z,36kG3r4Wm9M6E4f7RedR5fVWq23sUgqhxombpKuZ9jS45K1aapsJUiqB9deDT4BFPYvT8qvhkwfwfeoCzafNgrQ2,272804432,,,0,0
2024-06-19T16:45:54.432Z,4urLUtqi72Xo83wdFbmWdt3AhQzLkGzd4mZbn2Pq8nMzuptXDL16co3kJ37vWMaiEkeWy7mgsRRmj3vRnn9aq37M,272804432,,,0,0
2024-06-19T16:45:54.439Z,2RzDDJhDMoQQxYvaQoVyXSF6icb2nipxj1eGJHxawjfusoR9fcBbis77jTrhdoLB1CM9vrXGhDqE7fuHFb9As9gn,272804432,,,0,0
2024-06-19T16:45:54.440Z,4mQxm74M3NN9JrVDFeNWei88iJ2EkmsQpDcBozPU7pUvk5FGFKe8bhdocwb6W3u6LH7BGqYd3a9zfecdzB5C6XkK,272804432,,,0,0
2024-06-19T16:45:54.445Z,2fGFzfNsiyNkzVihEoKfM4VpzYprycAQXMFCmKCMfnQKfaEUJPb6sCuobE7fmUScp6z2BCwo5a9V3xLxb5oYTEBx,272804432,,,0,0
2024-06-19T16:45:54.446Z,5qTt1Vg3wgbBwLQFjBqXodYQgkVgJ6aF9rRoqsv3tBFtT8qDtG8i749bEsbHYBss1U1wxAKe51zmQzFC6HNmdAu2,272804432,,,0,0
2024-06-19T16:45:54.448Z,41emEMDViQ7MXAWYy6PVQq2GFsBYwf6xGeqFeE44h1Li74qnVZ264D6yqxYm2fmVxsroMDwYkjKiF8TH5wPn1uCm,272804432,,,0,0
2024-06-19T16:45:54.443Z,3XkzQG4ZNTyuvLHNYTvkbu7j4E61nzmTyh5dKL6UgWHSnwdjGqiN4k946Zcxs18VnvVhSKkTwmcDBE9rzrdSAviS,272804432,,,0,0
2024-06-19T16:45:54.449Z,5sRFAjoedS6TQsNMg7PZ8SLsNLnmuP76YmXKfbAyEFyCAETAMtog6mypgS7U4zZekSoMpmd7KbFJK2us4kjMoCaD,272804432,,,0,0
2024-06-19T16:45:54.454Z,gEzsBSMKqCuEsH47aRDmoo9HhpU15CnR5xVbjsAP8wTUnwrMfQpeEBbSG6LExiRMagKxaVbLsQwqCwjs8Zwv13m,272804432,,,0,0
2024-06-19T16:45:54.456Z,rkjhr8MH9wK44WrHvpUSPD9YxznDbNe5UAamVtoLKeZ8tpzRyMJUbv1BoncVcLwKpEmTj65vdzVNYPi3jwNaxey,272804432,,,0,0
2024-06-19T16:45:54.441Z,2YninNRQrdxtGNBfQ8tH7Jvnpw29v54fLTJu17fT3egeJPBzny4xeJaQ27hHD1XGLQXBEaQn69FGxha59owBd64h,272804432,,,0,0
2024-06-19T16:45:54.451Z,3SKMQxjmSCaETFGaKrxVCVi8NMVPbi7XbCPJPeeRPRXdPQBjuR1eKmnCnpP83B5gKKnp9r29Ff6Xf93UUf8ctUpC,272804432,,,0,0
2024-06-19T16:45:54.458Z,7ozTghzBX9pKz86BA8wS3oep7hZM2uayt8dsyULp3UAXekH3oChf936v3yy3Z9ZcnSFLsREe5fzXWZ4K9pFYWyo,272804432,,,0,0
2024-06-19T16:45:54.459Z,53c1WBTgzcMGji6mThg4JKpWYTZbw8f35zFxo4BKx2jTCEibE8C4Uy5doz5dkYGPAKM4hjSDVnuKseayEMPPUTaK,272804432,,,0,0
2024-06-19T16:45:54.462Z,Xpie1G3Qa6KJbKtY7VN9rvBuyr31wzE2YWFTyDbu23pPmbMUPbX3ntecBGhbx79TTRZJCb5ksuyruam2vZ1H755,272804432,,,0,0
2024-06-19T16:45:54.464Z,23m4XWTSNAD9gSWcmzceCKkV6HXu8Pax7S2EkVrUquPowAjJmXSzLWzJLJNCJKPeZiTCkiXVYf4WK2FYyUY8nvgg,272804432,,,0,0
2024-06-19T16:45:54.463Z,3bzNMAfE7NBEtqxCNmoKK9rRKntcJHpAtpPB5e3nqP6bybX1HRidkKghTV73pyaNCJbfaY2f2PkT8aPf5gw3kCPf,272804432,,,0,0
2024-06-19T16:45:54.466Z,4LLSFRMdvSTkXpkwUbBUwv9Y5yGSEYngMDp7mDbEZYUGEPagSJaQrQ7msTgCKvSGPY4ZecL8tRR17kigALNVyiLK,272804432,,,0,0
2024-06-19T16:45:54.468Z,5zHYDi11H8ckrFxYFxvvjwWPQqX6vX3sXRSWh1dbHVo1bJxoePpVg46x1tE2iFSreUZ8pisKNu2FJvVZ4x4SUXXR,272804432,,,0,0
2024-06-19T16:45:54.474Z,37L2FGsyjBg9XLDVPnYEq2iEghLyFuB1vroBzLsQvFaHZufmR3JDymUivxRDjSuyH2c9AASDBxCF27EFSu8chUui,272804432,,,0,0
2024-06-19T16:45:54.470Z,219U8844j6XXKXuUtkBMJh1QKBePw9NvK37123Znm6UyhyS9MT5EDSPR1Z1FQV517zqzeySSW3bKKj5y8ysseaHa,272804432,,,0,0
2024-06-19T16:45:54.476Z,qMQdJ4xkmWagQhSUwbbvhJmq2ogGEBnu6kKUpF7sBuEAxo7WuUS5crDYStYJPfnCvpBa6zPXVbbsfa2ZBkzRAK2,272804432,,,0,0
2024-06-19T16:45:54.472Z,51qfgXxjkMi13KXRGiTGRSL2rZNvkLtjFwA6w9TmtB76x3TnXQTuzAkfeca1oc3rsGcr6DdeJkAUpoia8kuLsJ9E,272804432,,,0,0
2024-06-19T16:45:54.479Z,5aADww17NVqtfKZms7egyvWzRy25qRzG6vTgzazCoEWi18LD4ebXUg7ePj5TW6VaVJrGAWtjzuvArWSU5pcsVQjf,272804432,,,0,0
2024-06-19T16:45:54.482Z,5Yk5etotWD7miivwFkxY7UvMepzfewSvkW5bHyJsBgZ8zxZ8yhusN5rDwu65MNsRaed1u2DVisUsDfkYYR4n1gZW,272804432,,,0,0
2024-06-19T16:45:54.475Z,3wHBGqTEh3TBS21z1RbTntZPQv5vAs52jMDtXQWdoC5qcQ2oEhdxng2Hp8tspHmkC3hcBMF7qosqXHBCcULvEFGu,272804432,,,0,0
2024-06-19T16:45:54.481Z,4Acb1erHxPzR6qY2kzwtGRiXGMLB7th4PKkQN4zUpLzLvRytNGpA7NoqEHuwTeLqqe8iKcVbw9wpgQYMJZfarKen,272804432,,,0,0
2024-06-19T16:45:54.487Z,2Sf2Q7muC58eNV9vmaXqHtKFf4ovaBkdczc87fwgTnWptXgcm1depCsg7fcSvxsU3sMx8dPFW1WnrzmawDiDQccy,272804432,,,0,0
2024-06-19T16:45:54.488Z,3VcwX4sK33RX71ArYfKEaPjrNFomn6qcL9PZcQBmpXwLfULzicdwfNjV5ffW4iJpXgddGpfs4coNWuNWthUXk71w,272804432,,,0,0
2024-06-19T16:45:54.483Z,3LtQb7X8PbjHWFs3J7oK4gawoDVaEjmvs9nQCgwFBFtjazZCQpjM2G3NvEPUJXsSV9qf1kPsyYrwGrXrYrFukHnR,272804432,,,0,0
2024-06-19T16:45:54.490Z,NXkHfDAVrvx1RPDAgBWvf8q5hfVPcf5SjdnG4iMWth7QamkFxnFLcbmpdGVLantPSGMxrNkQfAe1HUw6sMnZcfp,272804432,,,0,0
2024-06-19T16:45:54.484Z,2qPyCE4owmxPCGBbzotjvZW4sJJeVQHJYpaun356VpNj3XTYyqCw8wsFQeFRqegAAVyeUHfwGjvoQLDbx5HZ8fKC,272804432,,,0,0
2024-06-19T16:45:54.495Z,58WcoLjQuLfsEUZUNd6kz4eGjaFDTs8psHtLXJVZZGKbDrfBct2FLMFucceNcbp8W4UsqcMcv17dALDxCvyfcKug,272804432,,,0,0
2024-06-19T16:45:54.492Z,4VGpeoozfMzFvPDeyYNeWWerDk5hfJmZiARFWahnFpZRq2d7raiEDxwjQyvRG2r93LbcS5Axv9jN2fsiiDM4dyFq,272804432,,,0,0
2024-06-19T16:45:54.498Z,1fuajGTvmwgfctZq7kjAPd6AMJCHeCw7QLmLVyKhcbhkr6FiFxWVeKUCEdSCqxJnM9tbPP35fgeQW3km4LeVs8P,272804432,,,0,0
2024-06-19T16:45:54.493Z,3nmCkaR89HcEcFC1Ki3PDRchGePJaz5LE6eGW8uuKAvWRNiKwcE2hVnpzgbgmoEojzi74UixiHm2b2cGGT1gCzyq,272804432,,,0,0
2024-06-19T16:45:54.499Z,45ou2ARBoB5KmzM8W8C8j64cE7X2mGb4Yhk4ChSkZZh8Jg7gm9wJMPKZ1Bu6s93X94PZFEZfTiCgxWMFNV9BUAQx,272804432,,,0,0
2024-06-19T16:45:54.503Z,KbzAtfSn3BAiiWYNc6qRQ6AyYP55p758mcciCBYA82Zs9ztewnbjxfMCrVSwUrurEgJd8FYvGNHGUDkvbz4WEyj,272804432,,,0,0
2024-06-19T16:45:54.501Z,3BTeczpSVtcR7ef6kUjSJghHnXE7ZrpExSTsZ92nvzF3LdpevyAnwXupMZdZ4ZkjSBKLujpAxeZGsf7qfZGSPKYV,272804432,,,0,0
2024-06-19T16:45:54.497Z,3Lj8yifiVnwQbbWMiMDjLRjvWy8irAfxW7DXvuVTSMdru5sVQ8ZKgefybWzdHpuuivRTM1C2YApy7zHhgBRoGNHv,272804432,,,0,0
2024-06-19T16:45:54.508Z,5tYgoYUFSw7yiYmV9PF69QdKpovagxCueSD5taCtFwyLcE2DCTiHQ4iKKiBsJNZJMqCv9JszajY4PjGqrmkyhFue,272804432,,,0,0
2024-06-19T16:45:54.509Z,4kHM5mEK5p6rFJjvrABqdx6kHgoKRn3JcyTmpjpwsXPG4STpxMKT9f4xWAiKRK1e8TfxL9uj9sUB59oR1CPjmeHs,272804432,,,0,0
2024-06-19T16:45:54.507Z,NPaYkPHtVsF8J3cAFP76NZc5b9eFhMD4kzxNzoYRDnx8nJUhM46Hx3grPqyBBFuNMzrXPHLnNLVL9aM1UN3aFud,272804432,,,0,0
2024-06-19T16:45:54.506Z,4LBMc93LH2WCPannfTEnheDjoghxfFd5ZidKS8hqPGnSUkeb5RcsXnTTLHQkwPYqtJoQtQ8mogZ5AdVsgCCnc1xo,272804432,,,0,0
2024-06-19T16:45:54.512Z,5HEiAgpQyaVKP6NyehwdrMbRAxu9CuDymZUph6auJ13eMzumhKnegVtqCGHSpD5i4kqAQ86zCWgbPZ7jqr6TN1HT,272804432,,,0,0
2024-06-19T16:45:54.513Z,cQCebKRwrUpKoQSFjHwCLeXdHA4rDz12pugDUTyjENQuXNvX3otNRcf1Yvk8T1BCyZAxpaGwF7csaFwrXAJLY5P,272804432,,,0,0
2024-06-19T16:45:54.515Z,59NiM9rxfUZewrxrw6XWJRTAVZz6aZCn3Xy2wj9x5xwrYt8WLr3Z4GhfBjiAR1LkAdAFCRdGyn1r3wi9SY3v5q95,272804432,,,0,0
2024-06-19T16:45:54.516Z,wEfCodQHT3cLb9SeFNpP4qKfkQb5RKWDvdo4mkL6fYG6ia2RyNm1HtTFbcLJY2RmeYysj37y6iNv3ndKcg6DSrQ,272804432,,,0,0
2024-06-19T16:45:54.519Z,3QoNjw3TwygYXXCVV3Wb6ER7gfhymkrVohp7o43sQAAmr8YJExS9KU6NeA5kNE7YfMFqeAuUw49h2qkfbL3tDoa3,272804432,,,0,0
2024-06-19T16:45:54.511Z,KPfb3yuGzpfQs7VQjXrxAdawCxBbwFLCcUsEad9FTeHporB5m9fpDFpF6YuFW45Dwhj4VRVirxvUz6EQJsFW6Nc,272804432,,,0,0
2024-06-19T16:45:54.521Z,3K9g1AreZEn3DJbP2qjYkRhohc7Vh4oFPfUtK6Y2gZH7jr7HSYxnKzWN83wyHpi595AFvcxzZymnHBVNGZqnP6CQ,272804432,,,0,0
2024-06-19T16:45:54.526Z,5qweQoXSebZSFei8RHbcVWpKbrsAJ5KkCoH3tQ4diJDydpiivvu8bUWSEuk4JKEQabQQg26A9AukLzHjRahrbnK3,272804432,,,0,0
2024-06-19T16:45:54.527Z,2mCnpLnLoK79BKpD9E6Ev48DLtz9SE6QrBvbi6QuqELUXNQ4nZsB1AxGFM8JhR5faBsyd3MjWR84K7kTjHYJ254z,272804432,,,0,0
2024-06-19T16:45:54.523Z,4K9pbtrDfEwYyiBx1qmMH1R8LooPLxPF8quaW7H2asE9SWtXMqJMTA8Ni9JGaeXeP16vw5YS3u31yDC5hzTj1L6W,272804432,,,0,0
2024-06-19T16:45:54.529Z,3FtMq59onwEP8aT8GFrHYfukaB3AP3vUSRF2X7rTYp1MsEGi1AtuDCFft2wZUeVNSSqWmN8qNWnxYMVMuBn9h2a6,272804432,,,0,0
2024-06-19T16:45:54.530Z,Efj211HHhPcL99gYY5f1Y8Dohei4iqUanA76Uom6bnffSyTyfk9fs5Yuf5t3FmUxKvUW91h693CV7ipkg7byj6a,272804432,,,0,0
2024-06-19T16:45:54.533Z,4QpWCm4fcmhNPZZ8uSEePKKa9ZHwKEpuZ39J1DozFdrvZqFGnkq5PZGwhUyGjZb7qmNmVK2bbH6xeGxMRABQYciD,272804432,,,0,0
2024-06-19T16:45:54.535Z,PbxdQXqR3HVLdAHtLstC3J7D7Y5HjrEdqXaVzX3g9FEiaTWCPp4u5jiAVH3biLjQQ4JASyCiiCKhyYLqJqsfENT,272804432,,,0,0
2024-06-19T16:45:54.536Z,4RkSD4eD6FfTMdZ5aHudhfWdMgpWnE4wvB6s1mgL5ragmyMehofM14htQLGQgL5xCuEEfrR9NzpxyeRaUd7uJKs7,272804432,,,0,0
2024-06-19T16:45:54.524Z,Ncigf8C4XX2fHeKyfooSY1dDcYbFaDZsXXbce3RxuxjxCAUjRfjm29NVm4YCnZvNkZQUuaSshbnCVDmDY47Eihn,272804432,,,0,0
2024-06-19T16:45:54.541Z,3D5bE6BPXgQ1naK9ywmLx9QJjQRMycsQWPj9YmT25Nw214R11XFrTpsoM2Z6RfLGzsfN1Lwvqntfs4M9Mx5ViCvL,272804432,,,0,0
2024-06-19T16:45:54.544Z,3fJJgp74WP6PoXRUrHn7ABZzqUkuUrS67e1p21ZfDkSRnrmzpVVnHM95QNioymBZjGJbzDRmFc9uptHmENLDdj1Z,272804432,,,0,0
2024-06-19T16:45:54.543Z,r4yVx9f3a5qGkXo8DwTv36TS8g4gj6z1mqBN5Nv2yErokr3AjPn5WvgodiPhKUXnHd1FiaedCDoR6YCa8baEB9w,272804432,,,0,0
2024-06-19T16:45:54.539Z,47MkwFQVGCPKkj6V9qrYtqFincqWt89D1gwb9ZFAMU9w3ARm8e5bqhnkxNZTpqCqivZx3JswCKqn616gTkWDzi4J,272804432,,,0,0
2024-06-19T16:45:54.550Z,56ByGtKG3Dtj2R3Ycyp8nKHBFGTMrbNgzPKZ6YSCyVTYWbHGQXHN5Qe2YU4epJy5qSS3dvvtTeTAXP4XUNxqPAUL,272804432,,,0,0
2024-06-19T16:45:54.547Z,3NkQif76PnA9AbJN7gHcUtBzTmCvTCDtNu3SHNwizLkxR54haeRBgsavRqTdvzHhTmexAELLpMWFmfy9CJEk6YFZ,272804432,,,0,0
2024-06-19T16:45:54.546Z,4R8EeqgmkPSFoNqtUZvcnfp44pBbo8BZigjyLJ7fEJhjTjtJkXpwAS7yUVcsBHdUSgNTeB7MPBwXnndsjizThou7,272804432,,,0,0
2024-06-19T16:45:54.552Z,vmMRUWjQyaZaBuaCmxopsXVtcvuut9PePfYjTopRvZBr17vdHoYhhSyDYuBTr1rsf1mRXMM99Cr1DxfYRRSwGR3,272804432,,,0,0
2024-06-19T16:45:54.554Z,35xxubo67FMGTUpEDy7nFJJaPsXMMUpibdC5Q53vEHYKHtJCzsyPX1xddSPEowPKwCwpVkUiCFgMSRBPHbymjaes,272804432,,,0,0
2024-06-19T16:45:54.559Z,34cjGzfX7jjorNc7RNkbAg3vczKtoyJ3axeikXiYYAYHyWKvKzYBi5xnP2Dj7upWhk3xWoZmsquNfMjcDfoH1Qt6,272804432,,,0,0
2024-06-19T16:45:54.556Z,22Jsf3mxvXzo9hLvzQoxrQeYZgbWWebjRPRLkDfhYpPrSE9xy8ZrZSJUCohvfRCVteuAWbdPaVF8gjJSN6PsBH7x,272804432,,,0,0
2024-06-19T16:45:54.562Z,41D5Jo6Ri8fpmXuVbeNgcQv1upcYvs9R6qpDLkPabbCAxdzdifmC9MRK7Xw8Ekb3wgkQgjfKQ5rkrRxHpnL4wrkk,272804432,,,0,0
2024-06-19T16:45:54.557Z,4tmdygrGTUsmk3qcCc3YVzyWsfYsJYEv6F3wd512vfraw66ARoPEJ1UubzLDDFNYc3gnKpZKSWP793QUHAZSLgyJ,272804432,,,0,0
2024-06-19T16:45:54.565Z,w33DLp5NRpvrvr46k82Q8GZhmJyYJCR7MgxSY8C4YbuDsWvBCJTJvcGG1hCxiPs7frRSk2xGMtNz9RrPcPjETUV,272804432,,,0,0
2024-06-19T16:45:54.561Z,2DaqnhfccUzLC4g3FzGnat7wHpUydGxmqDhvo2BsQdE2JBZsZSo3h2TdUw8iGugH5ZkSH2JQa1fmRrSymjwpaR6n,272804432,,,0,0
2024-06-19T16:45:54.568Z,61phTxS3vZcCnUWYCzb2w994V6daDPpPG8w6KY65ftQDuo5yV6Ndo19KVQ73xFyLKsGkhJGXtTM9m5Gt7ZQmx73A,272804432,,,0,0
2024-06-19T16:45:54.563Z,4m87wBpdoPKPn6wcU6pgPPxvKXFBhoDiqu6kz1kjvLL25MfNWg4at8BP1Td8DtfFXXxqXftzGvYD4cYWLxAiqDLK,272804432,,,0,0
2024-06-19T16:45:54.570Z,4isUVeZuJEKxuvt5kmPQg48EPPYgMz2ejizmg8zq4Q7Qw3LhDrcJkiawmG8hkWQmQ8guk2RGzUvwEAykg5e62mWr,272804432,,,0,0
2024-06-19T16:45:54.566Z,5LWhUipLZ5WARso2ybjK5imDa4YyipHDAdk65GnWz8cUrZJExW2Gz7DvF2vS6vaymu86QrBhk6za7GfHB5u7DBpx,272804432,,,0,0
2024-06-19T16:45:54.574Z,4ZS8KkUWDddCsD5CKMh9hsMMmTBToTFMNoXnDP3Njki8AMezkEBJB9aGRrwCsq6j2aVxPeCWUB91o4WFwfqmrgjg,272804432,,,0,0
2024-06-19T16:45:54.571Z,4kqwYXGF2c2t4DDiXvmTG4fysusmtxiRJGN1Y3ubqt51kP1sUL9qqK1RMg5ByCcE5zaGBudyX9uo3SCuoEy9cDcy,272804432,,,0,0
2024-06-19T16:45:54.576Z,5HQFpgr51QHVrpEmLni29yhX5ajFH3eRgL95xYkbPq4C6C7jpeRph21DbNiBenDEXv3K3HwdPEVJajYzo4mWfvCM,272804432,,,0,0
2024-06-19T16:45:54.580Z,5CXP2SRfCUBNRG4cKi4uYZ9MAoAg4CQMYnNjN2GrrbAZHdSW7R4GA45pRSFPYHnxYfxLtWX3mZXJkyUYRFY5rUws,272804432,,,0,0
2024-06-19T16:45:54.582Z,t1tkBBpJihuFGrzyBnm7Wk6rQagBb9M71MM3h3U7nK3nNZ3mFCUkikFZrPqKehJj6tNcAwrYTJ7vSkge4N8B2xJ,272804432,,,0,0
2024-06-19T16:45:54.578Z,4SfhJrKFeGRBLVjLAHK1UayLwYkrUY2AzGD5R3yi47SVzx43EwKnX3knko3THrJG28ALeGVBV2tm7VNgS5jp5ChY,272804432,,,0,0
2024-06-19T16:45:54.585Z,4yV32UKgMbJREULJAnaBwJsrFgUDPb9eckFLoTPWrfgJweRVJqRrQKUtsxH1yc7gv5jk61hBtjZgRoGvGK7mX4eG,272804432,,,0,0
2024-06-19T16:45:54.587Z,5cFq5HUxqH28VGuJPN8eqPTnEfgzNBwbazW2oPjYfo8j5815ZprizHHcWgy7DDj592BPuCcs76zu7LTSEU2ADwmf,272804432,,,0,0
2024-06-19T16:45:54.573Z,3A951AX1aQbtArmgJpsR5PGuLirHHpXFj97zJovg4UqpMnMjmZon3M2PzMdkt8d4C6aacWiMxazqUTV3UvaE27be,272804432,,,0,0
2024-06-19T16:45:54.588Z,5CfNmaKbzJATk1stGBoGTRzMvGL19MLqgsp9GR9hJ9qTM49M2khNgYwxPHDyQYiB5GdJYQQcXP3LY8dfnKGtnhDJ,272804432,,,0,0
2024-06-19T16:45:54.590Z,53k9FBsZ5vCsBMwQMht78gzS1RywgWzpL5ynB1JGLwBspTZdBmDnT323N4d53um33xo9tDpuT45mGyubi4azhuTX,272804432,,,0,0
2024-06-19T16:45:54.592Z,49ZaGNhTxvsWz3bGdJKVde6DtUNDc2jsPsG65vnq2dxriDPbYpWdNxGTko1STPfJwLq33fpW76toDQXsZDwGYSTV,272804432,,,0,0
2024-06-19T16:45:54.591Z,3XuKs46WaUg1b5Aq3hDBMR3EFWpFwtArAUDK1xAt3H6EXSceduzJeSBANNQ2QdHb4i329QapX73jjhQMV9Yyt6Lf,272804432,,,0,0
2024-06-19T16:45:54.593Z,54e6k8S7CJ8hKyHNgh9cz4ZvXkwGGUTeqDAYKw1St7HdB4qeqVNNZPQoaL9J8Rhijr8MVQpBTdJbNL6cvMCbgZJM,272804432,,,0,0
2024-06-19T16:45:54.594Z,4akh9sfQWX6Bh9t99S1a1bMw7BQvAv9nvXzTbYQj2XQ8BGBkLEp5teu8n1ZrPiNaFPMv2Vpzp7YdnPjir7EmWdxX,272804432,,,0,0
2024-06-19T16:45:54.583Z,33DLLgDeUzdEL8CS9w7u3sy6yjrkRzyWNvZzQHvCTAuQoKn4fqCXmCix14obMwH9Zvm9LnTh9YXiLoM7hRb9kVow,272804432,,,0,0
2024-06-19T16:45:54.599Z,5YKAwiGFf2Jtt5TsXLACJjCeNVGZroSdJjy3NZNoecGpjmc6oHDXzhcry4nWHC2iDQHnBn6YeqS17AqY8Rn9M9fL,272804432,,,0,0
2024-06-19T16:45:54.597Z,YSmdGVfknVRdtey1Em3qnbSt8Tzf99C5LCRKrhZiL1WSDuyi1Q9hURWUu6kz3of3vunKo6TUFCMmbYwvwgTFyzE,272804432,,,0,0
2024-06-19T16:45:54.596Z,5qoaqZ9gbJ2egWQKTmEzvF5dXxDB2ssP4KNz6RegP5c2nL6RFKjEuNn9PW8zvNbpbkXNQPFsM5UKQzWm15gASrQG,272804432,,,0,0
2024-06-19T16:45:54.605Z,3gTKLxYcup3H3rtkg7wiAw7MXcYYsG7nVw33igAGdioqq76WCs4dwdydPMApuMB5HtQh3tDk2bWryJWa3zcmx3QD,272804432,,,0,0
2024-06-19T16:45:54.601Z,64SJ54gjQEZKqC5wen6ZFQhMRiuu6evFLcyKHHuCLWqQ2zDhdySwmTksQcS6uTgbsQ6R3zxr2f7kDSuPWBDKnvyy,272804432,,,0,0
2024-06-19T16:45:54.608Z,54h4JvtJsYPwwmHBoge23RbXkoZc136X8tHTEPGGGwiqe95otCheNmcWAS1JktWGNP8yEVBfFaokWbdAVKnEGTxh,272804432,,,0,0
2024-06-19T16:45:54.610Z,3rVhzkwmUNUn3G6DWeMkRJopUbVaXfYfcv44wgAxPrZHvmhD7es1mpWLJ9XzEpLLSUVxLS553S713WZr5ugPHwYb,272804432,,,0,0
2024-06-19T16:45:54.603Z,2Ci4QFPrHiFYBAyZo9YMYCTsc9etCJzBf2ZfsgVMaEJ8TXo6nDbaC4hkXA1CYBBi7W1UQ1dnRpH26kFhUvSWgEuY,272804432,,,0,0
2024-06-19T16:45:54.607Z,5X2drjfQiYLSQ7KqaLMgcj4S6JVHtjKTnhrgUFnGUx4WsG438DHsG7Mo6uX7DztReHsE9QVDHV8ct71fYDUkTVEA,272804432,,,0,0
2024-06-19T16:45:54.611Z,5sVuiizmKpAU2mafERV2fEJA23oXoknYohCf2TY2X7Bjh3bwRuEKJ5f7jo2n2ZoFGy1McKWW8PuiPUXDfimoXt3X,272804432,,,0,0
2024-06-19T16:45:54.612Z,3jThuVw9fUacXb7DfJbxwL1bWfZ5aEibPCeDUSeeWTeEAqgxvCUcHJdzCmd2oFwJVhq7mub5SkLMeh1FqQVzSwWc,272804432,,,0,0
2024-06-19T16:45:54.614Z,2BFcsX6EqFkdpun1CxmX5MXr8WyR9LkNLCcePhKmwYJcmMDDc3ZNEE2MW4azLcsDouYLWjqJ467vx3fSKX3MdtdU,272804432,,,0,0
2024-06-19T16:45:54.615Z,4D5DpVVuF71NxW1SqpdV19X85g7Q9FQj22hPvSpQRRQxn7mSCFpJUjZqhzjTxRfaVFkbWwXcaAVQDVdV3WrJNXt5,272804432,,,0,0
2024-06-19T16:45:54.621Z,qeRnz4bxAtUqtaS2iZg7E3notrERz9eHkAuJu3Gh55Vs4pX8XWzd4GpFTLtcVSsWvXbnFvHkqMYH6Pctmya6JKv,272804432,,,0,0
2024-06-19T16:45:54.617Z,5mYiSFAzdZ1zGEhmTRtLH6c6BeJaimTddTZ73M5PV74ZBjWdC7p3PdrdMtEXgzrZpCBscANea2QMYPvH6YBj27Do,272804432,,,0,0
2024-06-19T16:45:54.620Z,61mD9s487ptUd2JSK2FkveVpdEfooeA1Ha6kJHrUwZgRqGviEZSMXXyqEGd3rko8G2TWurbXYqPSfQabdkaYrVcn,272804432,,,0,0
2024-06-19T16:45:54.623Z,4T97keKoJ4tC4mNbFtci24PFUmzWCHjBZbNN89CNdeqrmpqn2VaYAJPamm4yHnMcz621CCAK7WG3YkCS1su8BEAo,272804432,,,0,0
2024-06-19T16:45:54.628Z,5tZyoM12ho5R1dXgcraFTzgLwiBQkDgcoyLhWPEsEsyv4JACTckoPA4caAJHnsJWvi3tgg8BLDyWxTy6Aw1KJhRh,272804432,,,0,0
2024-06-19T16:45:54.625Z,TFNwYJrZfJ6k4wemKKQFB797hc2o3nn9khC118VreMJu4ATg2p2GfMs8eyvgzR74mktGDVMLPjdr8h71kSobYhB,272804432,,,0,0
2024-06-19T16:45:54.630Z,57hex6HH11hyeRfCLdqk4iF2ozyz3gJEERQUZQFGFaeKEtJgUUGNJ2zpuPRVG9AqwHEeUbyXtASG2U2YEuHes8e3,272804432,,,0,0
2024-06-19T16:45:54.634Z,26PuR6udoUqFPJ9zAjN4qaFqFbrDQdJnvzSUBAsKrDqxRQY7mgV28HQSuozn5AFHAsJ5jSsSZreTxE1Uzg3Vnbc6,272804432,,,0,0
2024-06-19T16:45:54.633Z,5iTZAGzEJd2LRBP5B6bgGhzYMrbruimVzazjdES2NCdeDKdDd2RLdXuTdecGqLsSW4dwEi6ZNakoLvXJjLSfMKMM,272804432,,,0,0
2024-06-19T16:45:54.640Z,5Hxp5MPkchagjwg2qxKFzsgK2su17xfHLizsqnCWZCjkG1zWvebgQkvZoAUKMYkDLrJudFagihobHvJhBgB1AYFJ,272804432,,,0,0
2024-06-19T16:45:54.637Z,4nseZuNGdo94FnAQru78rocEr3gNMSgG5e5ehajiCa5KHT9xcNcRxUbUoq16WbZTg5qMH8kdsFcamcHmg9kBJMME,272804432,,,0,0
2024-06-19T16:45:54.627Z,2aHQA5vi3BK5NZ6u85r1nkJYykzEgWHqeEzUwz8B5wzVHpEnnb4NwmCvBXH9B5zggDjZmPM69ubeXBsDtbUV7ew9,272804432,,,0,0
2024-06-19T16:45:54.646Z,e6NjtL6vwjPMkEC5YTxjqXLseurcT91WuRBsJthNrnGbaVUwKWGoTyyKKCta2LYjCWpVshdqvFnatBaEBaHEKXL,272804432,,,0,0
2024-06-19T16:45:54.644Z,3JmbcDDBBN5hv5t9gearkG9ud7HeDsV3KZHQftTSj5kh9FNcV79whGE49iQ7QGiDiHGXtmuofpWTiEsbkE8pRNQD,272804432,,,0,0
2024-06-19T16:45:54.651Z,5HtcXz9bNt7k8FhRR6WEnb27KvarbDk4HudPpsRkk69gmJAbWXiAfvk5FcAGA4dZo66d4dpak5RB5hZBRwK9Yy5Z,272804432,,,0,0
2024-06-19T16:45:54.653Z,2dJA7YCHX7LZEsg95o9FCWU6zbsyAmqiDzpcd4NBJGgiAKk7KZPrn5b1tsV1Q2nsAyDSTVUuiJqfh4Cvw73kNYNw,272804432,,,0,0
2024-06-19T16:45:54.642Z,2kV4oyeTcxJywJJef5X8hdP2Z5HWSwXDVzzzbeUY5WqLREbu72o5bmA6EbFnD7cNAS5EgKfgiGLT9mKBBgZ4sE2z,272804432,,,0,0
2024-06-19T16:45:54.655Z,1qWi4uyArQHqRk2xeSo1whg7ZMLUuMSeQAhQ5opAvEn2V5ChhEQcX3XLcu6TiiPnEXfz1Tpi6NaKBWyDMXh5Wzj,272804432,,,0,0
2024-06-19T16:45:54.657Z,4gfZbLyFqmN6ie52zD1Bc8aCBVJzkhQqN6r29m1MA1NTpSjMioveVs5twnPPggHJsqyrx2T58xpMc25FiCM9dmNq,272804432,,,0,0
2024-06-19T16:45:54.662Z,587MK7vuRUETpqKj1mGRpNrdSaoVZH3Hmms6dnU5riyy1HaRszAQdwuj69ZrhGNw7pHA4v7RfBgCQbR3i5DWoMn1,272804432,,,0,0
2024-06-19T16:45:54.648Z,35evb6ufX3oXHa4eiiaVLjDw9cu2FVmMV3ozb5dk2nkJ4MwgrFbmktWhKcANhwcKAJEuPsS1zWVca5LmYPW1MRsQ,272804432,,,0,0
2024-06-19T16:45:54.660Z,3Td4wkH6Be8q1gVWrm2cfC2BvKkAUAyQPtjw97Qrz36hKQVvLTLaGTsiWs3huBuLy2hicJ8PBBf4Bh17DH87pSZg,272804432,,,0,0
2024-06-19T16:45:54.669Z,3ndPPEm97SjwNGJHGCLJMWhszs4JivnzrJKNcaDswvcp7MpREJ4G2QzzkKEiBo2MVsAyXv6sKtaBHpyvDKtYgkE,272804432,,,0,0
2024-06-19T16:45:54.666Z,3RWemboTQGyGUgDBwYCHiswQupGpzQo28npoefXipHvFn9d3Rh14kY55VJhAqMfcS5dziwB6zgwfkRE1ro6AZUej,272804432,,,0,0
2024-06-19T16:45:54.671Z,4Toec1Ha7bbDM8TFssMKWGMugPaDW2BF6gg1Gb22GWr6jwHTXByf8J9gzszAWhjrmay47AtuerCpvDQRm7AiPv7R,272804432,,,0,0
2024-06-19T16:45:54.664Z,4h3Fau4b49hj6EEq37AbmhybYxeMe8Pb2L5Dwm11EvMtARvBscACdBMZyZyRMs5cxXnWBXQxoVvsywDqiDvsBJBB,272804432,,,0,0
2024-06-19T16:45:54.676Z,4BASdD11YuimnP8PNxyNFXgSvMHFjyy4qSe5oxmiEV8Vr628M5Pj5XPDofzVEW9HP1S7z8JxbbxhGPkqoUp2gXVu,272804432,,,0,0
2024-06-19T16:45:54.673Z,5cj3VFExzbaSShva31HFyFbqdA6PioEF7v4YwEAuzHpbBSVBFrxZ4ZVR5PnT5yP5wZ5tWnokZ8ypw8osWqY2v4e4,272804432,,,0,0
2024-06-19T16:45:54.682Z,9u2xYUeRvX85rRZaGMcC38K9WUCxHi8fyr9jXXL3Fvnk6we16pCFzJLdUAnscVxGZecuhepinU5dvboiMnBNr84,272804432,,,0,0
2024-06-19T16:45:54.680Z,3MzVGw3XSQXiaECnLsV3fcYqyg7BMWWLUoavpLju2QdEGkcgRKgmTE7pjCLbmM2M6gXFPobxZHAosoFy7nBF93hE,272804432,,,0,0
2024-06-19T16:45:54.686Z,2FVDdyhqw2zNPWpFiPj7V9GFQ8m5va7Zv3BURHAMUD5Uiv9XDRyub8kgukCYrzL8bLFqzqmASfSgxSA532ifeE1d,272804432,,,0,0
2024-06-19T16:45:54.678Z,5n7uC7STm8aV4twGPJ1SGmzEvyqUSmSFg2ZrxsrqFGn5umxwTggAfRuHHqV7CQ5z4UrmttEmCkDE4zzRrhuVojKM,272804432,,,0,0
2024-06-19T16:45:54.691Z,4ZR8oJTTxSeBCj2cG3GUq71MkkSx5SZUrUQHo152EXZM2f6DgYDkXit1JWGq7D723KCNDEsLjyQdwMdtZLp3qWn6,272804432,,,0,0
2024-06-19T16:45:54.689Z,4GU9Qs7ont5LxzdfhE6qShVuHZwbHgjRx6XL1dGDmLEosHs2WjJncuzcWT6tE5PgEMzxbSkvRJp4MmDzZe3b72ZG,272804432,,,0,0
2024-06-19T16:45:54.694Z,66Nj22VL5jK3D3QJpQWWdHt3dZb5baC8KamXpJkVVnhXVSVgvcH5krJvM1qWJHLs4AuqkBhfHnUjjTqnD4hNV8tH,272804432,,,0,0
2024-06-19T16:45:54.684Z,5tdgiu8ZZwZpxtaX7UE6PsepjZZ1ac1ukEjmQ7LrQPfBpiCCcMhuQnwgm3D9HwkJQ7ZWBUyDuaS9DtTuVPKT8fKc,272804432,,,0,0
2024-06-19T16:45:54.699Z,62tVZwuwo3QSvaeh9Y42zU6p12CzBJ5jaBnXcPE2FEiwSZq3SA7pFK6aVt3WzWV3k4FLABbZjf4w3GY5Wuaaasp1,272804432,,,0,0
2024-06-19T16:45:54.696Z,5FfTRdWpK2ArGaLQfvvPe2dhQWxdhKbnfLX6Z52hEojJJUfi7M5pZZWNE69miQvY9eSyUPNFWeYFphMbQuRYk6KT,272804432,,,0,0
2024-06-19T16:45:54.705Z,4ghAb3g3WSt76zKANRrid6P4PgYyd4uzuHaU6qA4roF8DZ2uEB44aFbZkDxpAxhpkzALFgzTiyTKawmKYExmhFXZ,272804432,,,0,0
2024-06-19T16:45:54.710Z,3Qgwsj2dEzKFisfDY8ZhxxJy39GT131WrwT5F3VXXgApP4AGFayrB6M1rmJEAvGteJp7mrYf1BjrNFG5db9i2YBx,272804432,,,0,0
2024-06-19T16:45:54.712Z,2aRb9CAaMtJWCnWZW8fHAK586RDxpmfeNpDkPMPKwsXKqwu2WwLV943dsRJaHUiBVKSSnMBiSGwKcsWrcYReC5Yg,272804432,,,0,0
2024-06-19T16:45:54.707Z,3DhwUgrRiLuKwdgxBoG8frLHP69CtVSDCiCmE9Z2DyTxh8kUnk5ChV3YzzEX2d1XTLpBctXASZzas5RDc2G3iDjp,272804432,,,0,0
2024-06-19T16:45:54.713Z,5VaSmuzF5uRT43deYom1qcAGeJMLjxinYBmFTD6s4oqRUyvcnWqrfT9wvnFcLkdD6DaCP7AzQ4rSYLoWdFGU9LRY,272804432,,,0,0
2024-06-19T16:45:54.717Z,bVpmxWfKjg1ncZKqbGLkZxG4uMx3bRkJ2Enmd29p1ruVoXHXbESdwZstBVDXEFFRFmixUDXioStJ9AvFDswRL9k,272804432,,,0,0
2024-06-19T16:45:54.715Z,3yUd73dsz6TiLA7kZJvDQxGhonJ8qk3ZeXaGajjatanURtPiorVSDREm7WnJjhwfQgLTxQvBB6XbwP1oTSMqvuCn,272804432,,,0,0
2024-06-19T16:45:54.721Z,4mNuEDZ5WPmmyNuxgZWZNiNRqm3nNaFC2JvDubKEUpdh2kfdSWDJUWQAXuXvSDtKjEzTa8NqspNbG2Lx4HNuoNP4,272804432,,,0,0
2024-06-19T16:45:54.723Z,3jKdndfMqo7y16g2CnYrQ6rkmNe2Cvkv89835JBK8qDRKgBtJZ4Xtz5u76diimynyADQYnQpih2nBDATd1cW4ZwW,272804432,,,0,0
2024-06-19T16:45:54.703Z,8cGcYJ3r61dgsXi6gWtKQBBvQDFABJiGQTT75sGfaRtU7FGE6MQnvEDVhk7XEP7HJHeeHCuw6JUcmG3Co8pBDGF,272804432,,,0,0
2024-06-19T16:45:54.719Z,31zxh6noXtdd6YJBgQ4G7fekXZWuvHMRGHrc4cDBzx1g5bkrrKK85Lg2ZKyACzqucopagzx5u8XfEYVdrebyjVJq,272804432,,,0,0
2024-06-19T16:45:54.727Z,wHHJvFpd3BTWvzpZrJAFJXX3RN8WazyzHdj12zrkqasCFdLHWGLaSx5xXxtXPBMuoXjto5s7n8v5rJEcUBCDQSB,272804432,,,0,0
2024-06-19T16:45:54.726Z,2gcHPSzJrzFbH4G6MqE5co9pF3yAHmbzWKYkAr76zQcau9qXoQYuAxSEAoekf5yQMUSyyJ4RcMNCF6utYtPRzmsc,272804432,,,0,0
2024-06-19T16:45:54.735Z,2ggEibsKHJvFXngoPFRwUWgbNQADZjDGmmA1ZnGjC9XN7cK3DwjjXPJ3MZ3tfEtfwTjwfWN8jVR1cZLFDGUNi5r3,272804432,,,0,0
2024-06-19T16:45:54.737Z,2Js2aBRvUcnYLSaghXoFs9eLxNrUJR1MjFYRM3s2Gejkfniwp9rf7sZ1d9KFyQACTu5HqaPeujq2cZJ8cJHVdVJX,272804432,,,0,0
2024-06-19T16:45:54.730Z,2zf3p5biRMUWoKgnGND5zg2BYy38VHGcLj6vK57q8pNXuPcrA4MFvzt6kiPGgYLapyiodqCN39Vx1byVvuZ5FzAF,272804432,,,0,0
2024-06-19T16:45:54.742Z,3b4TT9D4Ymd9yjVL9pqhGBDDn7FzDRGgiV1KkUhweRrHDudqEt7pgABoWo4UeGpjQ1uzj7H6X9T8D62arcy1WZfa,272804432,,,0,0
2024-06-19T16:45:54.732Z,4sPQVM79C2SZA65jQPG4auKt6tzvGNywVjx5a2G5FGYgsZy2rMqLRTwVvMYE7GB3yqfKkvkuYkJsvCvh3tdJ2Rd4,272804432,,,0,0
2024-06-19T16:45:54.744Z,4Xm8sch93phUPm3ksTQwpe1JpTGq8dbnXR3fHUmPVRZbEoVC2Adj9cu9qQ66NbD2Cywk7G5unHgtDhgYr5d55npr,272804432,,,0,0
2024-06-19T16:45:54.746Z,A2BijUNTcChonbAfVedQMthCycsRtuCso2PyuHNAeqndxdC5cowXEFjXAsGX2UVZPVNJNfGvAWgzThyoWRsiriE,272804432,,,0,0
2024-06-19T16:45:54.740Z,5YASMNRi2EVxUh86nrSGZcpEeigFMgGYS9uammU7dx96PAtpbA3wFAt2zmf7Y5wEsbviaCCgoqvtDPDnEVqem8BK,272804432,,,0,0
2024-06-19T16:45:54.758Z,3nc8t3U6aKZpJcgScynJ5bfTr2pxgA9X7xec9rJoJbx75pWDvqEJXxqDmmMyaEFBjjtVNrkSMhjp3zv7hELDA3io,272804432,,,0,0
2024-06-19T16:45:54.751Z,3esMdRgsZBSzDWyBeHdqp8kiEmjjTks6W1qfetgVW52wi7bT72ARBWQCh1LPmwmxaP3FoLzMwy5JvTrpfJEZdxQ,272804432,,,0,0
2024-06-19T16:45:54.761Z,4WwsCAAtQonqjF6agA4GhMWi2KGLQZQ2Pog38hytwSe2CMQu73qFueUXuqQkNqVmD7oxNMWBaAQCbiGAL3gdY1oa,272804432,,,0,0
2024-06-19T16:45:54.749Z,5xctbWKZTkJ4qbwAe1Yej8L2Gzg6BJq5uB8RNvihifzAq9iDxTS2BVyEwr8TEGq79LDXoWzXUzPQZkwkDjbn32TX,272804432,,,0,0
2024-06-19T16:45:54.766Z,36bkCjyDFfDDBeecCdK6KBA4kbFzECKxXZpuXDYYYEofMXKMLRey4GLZZHgmjtpMdEUMcFGNnePs9DR4rRbtqeBb,272804433,,,0,0
2024-06-19T16:45:54.764Z,4Y9sr4koGbjTbah4q9shyAAwPQXhqhy9VZTCswvNzVV8k7rERJFUgAhszhwipivtMDtvUs5jh6DbqJJFPMXjnVSE,272804433,,,0,0
2024-06-19T16:45:54.767Z,5vuYTK15Jfyg42RKMwyJEiBFAUPj9CAdWWYNmcwtaMtyBAwCjDpJcCdxBa3wwc8BQR37dphbPpV2p15FUR9csK15,272804433,,,0,0
2024-06-19T16:45:54.763Z,4bWypgSoK6v585AgU3vZXSLEJAsEpZUKnh2Di3F8aFY12vfTSF1HjfAmpB1Tzdnudot2dWb5C6pUJDCU9Yex8cHF,272804432,,,0,0
2024-06-19T16:45:54.769Z,25stCcgcSB5dWJ5GSZCS4KDHwEVnwA8vXAbSPpRpiEiFTf6xHpGGQonhuB8XryGG7CcgQwUraCRzXsifx6iaPaCE,272804433,,,0,0
2024-06-19T16:45:54.770Z,5FSV3Tq1v8ueCPgYrpBKjSv3YbENzkxUFJHBgYhyqmQBaiHjprHt6wdmug5K5mjugcH8kfNWsKj43uL25psWAKru,272804433,,,0,0
2024-06-19T16:45:54.772Z,5RqzgY7Dx5ACvLMic8MsUevMskSE4nSPsX725SKyHixciyeAM7LesY6sUv5G4ZDU6uAneSxqoLdU1MBTfHavFzgL,272804433,,,0,0
2024-06-19T16:45:54.773Z,4MmsykXy2EhAkxf7w7ViURhPt2KzeS6CbbhJm9EBrkbJjwQtty5oPXP4zncTwPPzBVjPBEkpFPfdNwC3Xh76Y6sR,272804433,,,0,0
2024-06-19T16:45:54.775Z,5DcJDBz1cEmdbtY2LTz8yt95pihh1AH2MRmK3iUyjWoNHUkUXwpLHyWZqLv84FWGM8H5eT68HyC3ePHWhKRaEVsd,272804433,,,0,0
2024-06-19T16:45:54.779Z,53aUy4wSmv3o31JoVnfvLy5SSA2uFTkXP8SLihVPHFfp84PNBdCxx5rgvxK2pgFZv4ASp5TGq26kn3ZPFFLXVV7P,272804433,,,0,0
2024-06-19T16:45:54.776Z,3d82dHodCQxQzzTuq6NaQqTFwyxjDbVBPDLXSfpek6Y697S6QbNHPLhzNEb5r6gEnUDpQscJhvw5FtrKUnkhMBdt,272804433,,,0,0
2024-06-19T16:45:54.780Z,V8nZBrdtjrUTtoQPUK4o9SRAtk4fgjyiGnkNdkkMfeG1K8TMCHD7BVa48PW837pd4WqHK8myCGAVSJ2njXyEVbZ,272804433,,,0,0
2024-06-19T16:45:54.781Z,4C8E1fNhELMgCeN1NzLNJuBVaPsqjQXUZpURH4NffuYN2PFt8swfxnRSRevJQZqjjDMAcKtwxUA6brqyiSZLGh1U,272804433,,,0,0
2024-06-19T16:45:54.777Z,57aUdpJperFznVEv3qo7jdbiN1yiCmhPZf6amR7qRMq5nQfkQmxzNcVgkHbk2YYMuWMhZe8i7hd4xKEjTKRwZJMx,272804433,,,0,0
2024-06-19T16:45:54.785Z,5rJkofMSyJzp7jwwepRf2ngGTUeT6LBrR99URrJ6nuwApMMVH2t3jVoBfSath3eSXVfnuAVEs4eVnQpvVMkXYaSa,272804433,,,0,0
2024-06-19T16:45:54.787Z,2fr5kTBTct98Gp9nJRPG1YJH7pKoyXRkZxUvacddCRQpGKPP9xjLK3wBfmLZzxSnj2jvLTZ3xML8DsqWGFc4Fim6,272804433,,,0,0
2024-06-19T16:45:54.789Z,2qMXweS3GHD4oEfPjmsSZ1c49JA4rmT6Dyrb3fu45Pdsn2FyS5WmYioa2vdB3gqx1szgWCp8mFPBZtRo3REW9tp1,272804433,,,0,0
2024-06-19T16:45:54.794Z,487HRSEAD8SZM5p8qoMbJNQxVZQWUpQr3zc2po1Sr5Ltdw6uU6VqLMMJNbqHYRrPD5uANSzeZqAWTDowScTbpEKn,272804433,,,0,0
2024-06-19T16:45:54.783Z,3zUkEuLUgRq3jZXoKb1EhrnQJzHyaaNSeV2S2t82RwByf7u9Vh5RzNbiZ8bY23PVdJKLmB2SVHtgp3w3qm7tLiwf,272804433,,,0,0
2024-06-19T16:45:54.792Z,iEtmdW9zqfwYxccLtmNuTzzZk98o1pv77zLdPzF6tCvZ4hu3qSq9LUamawYBNYkFcLSHkAKejD4zboqraznsG5B,272804433,,,0,0
2024-06-19T16:45:54.798Z,4XvpveVmwgh5PQyvnPMSxfBxf2kbVrT5KQ4rQLcA31BEG2JCF6TDMgbsfRZsb5goLLL6GcSoyV31bUke4CTVTzS4,272804433,,,0,0
2024-06-19T16:45:54.801Z,2GyEnNW31oQiwMQXLLwti3TgMmU15xuvgZ36bb16vkmBhyGRdjHQS8Dma7MtsYPr5rFLYXWaLsb9TimTUCaTEov4,272804433,,,0,0
2024-06-19T16:45:54.797Z,29WQ81vEwztXWr6fHpUNgyA4Fcf6dGmS8sQT5qdibZHGYgeN9CoPAkk47C4a1uikww6WvrsPDghXZw1i2G3XwBHw,272804433,,,0,0
2024-06-19T16:45:54.809Z,3tHvLNvEQ1bm4jyDBrPKGEsZoekhT7GbwynSDkaqFhdEWPWfALrAg3xgGa2kA47eH4pfo6CyiXxDA22oFQGkuyn4,272804433,,,0,0
2024-06-19T16:45:54.804Z,2TeG1VMDCPaHhK1zrhobvh486o7bs2mjiie9t7ZMFQ7wc37RewK76GNGnYjGSP7mA74YZU3w6Fa2JtP9yDjTKDH7,272804433,,,0,0
2024-06-19T16:45:54.807Z,3SiQTwXuogwBwEN8srfmrv3GBBa8AfmBbg5HaDNVsUTuRkxheS5fk2JXKji7UJV28ftiNe5LzAz2zMpNGEcHqujU,272804433,,,0,0
2024-06-19T16:45:54.812Z,3pJRR7agHpYHerqXTp7X9D2bg6S7Wpv77XhtWAqRjR8XCvjU1uRGZTn2uASZZG25ixtpBUQELSjU3svKQGnC6dU3,272804433,,,0,0
2024-06-19T16:45:54.818Z,27MxJWJzPCD8hSG2vGcrJnW71J7RimSNUoCEVo5amJszHQCR4RfSbVUMbEQ3aCcDeWjiRR75od1TUBGCYKMNbbKC,272804433,,,0,0
2024-06-19T16:45:54.814Z,24LPkRGuyFdX4KhHLTino3anzVSxiNzypAnZWyzQ6csFLCYyZkTcFL1SyqKknRDst6SdKGUFp4cCesDpLX8admDQ,272804433,,,0,0
2024-06-19T16:45:54.824Z,GqS9kJQozzinNJVmnbiXC5zSqgRUr4faDDE7FeinMeByab4kDeQJ9djvmP6GCtgY4EN687ReX5Z5kszjvNvTvpm,272804433,,,0,0
2024-06-19T16:45:54.816Z,4i75uev1xLRhv9ar3PpEVGud3QS3oiF33dTg3ZCRfJh1kTPjJZMJMBwnoq1oeGX3ghmMnhp1NSBvws7VjsDi8ddm,272804433,,,0,0
2024-06-19T16:45:54.826Z,5JKDPbkXz9X9CAtRSW6nmNBbW7Ndv3wrMsgEstJ4WqYBPKUJzuFDU4q3JTvr65WiRa4FfPUnQhFKWLbpwcMvde8N,272804433,,,0,0
2024-06-19T16:45:54.821Z,a5EJepGpMfvULqhgfrHUikzNG2aPAh7Q2Rn19GXHaHEhHiewgSyZPxej1iECW7zQDvBX3gmZT51MMtWRsgYpWHp,272804433,,,0,0
2024-06-19T16:45:54.831Z,5kVs3FjgvkytsyP57biMVNVJQ8RLd1F7x6aht3sywABKFXXZrYyTrL1SmcctK9D65kSk4n98MHrrjB9iqK1Duvhh,272804433,,,0,0
2024-06-19T16:45:54.828Z,5p5RS7SLAGfYNhFdYEvffrLRvBREWcCCt5165yHYLXrU8rktPH5q3baJAKGWLKdrpH5z8LJC58RSrNfX1ktq94fS,272804433,,,0,0
2024-06-19T16:45:54.833Z,5hWK8vuF1BBoanqjUg8k398Dcfbyr5SoWcvNac1H232REGBDb6WWMrhbioPWZwypRnayiiyR2wfgpg4yaDAgaqM8,272804433,,,0,0
2024-06-19T16:45:54.835Z,2Mh6KjseFGY6EmPVbWB2GnjTLJowYxz2E1ErVr7JZKSvNhyQ5KP962Zu6YQeyQJ17rjX6etNuJQaRfPBZHsizqog,272804433,,,0,0
2024-06-19T16:45:54.843Z,7weGdnpLFnUBgN5mkvT1AANFUQiWLM8334JfQfaeMgU1aQPseECiLobdicv4iyVTGtsZg4RRScXnREjqjTchGMz,272804433,,,0,0
2024-06-19T16:45:54.840Z,3KWdzMqVn3m59JbL734KkZ5H97BQnX7xj2jhSvTwc5kCLs9rBvvRJatNPrDb5RFpZSJDNJe7dwZfgRe7X1nhV66v,272804433,,,0,0
2024-06-19T16:45:54.847Z,QZtW2RCUbEkQnkuz4AoPTouQXgUEZG6RWmbvWvA9DmZRphAu2BkTUi7NLa6NyWStjzoVsM7HZCiucxDiEhAzBBd,272804433,,,0,0
2024-06-19T16:45:54.844Z,5eFkBDhEUhh5R7V1h4u6BqeceRPZ3AcVpiyBZcAwpzmnRcy2gCeBicBuSjpKvCyucUjVCf3LQHRisxJKktdisZLY,272804433,,,0,0
2024-06-19T16:45:54.851Z,52f4NQELsM3gFW5PWNJuQuHBq8rtp51xBAxKRkKD5A16E8H2MDVuACeDf9fXj4NwsCuuqn1WjHdwAJ6fyUswE69R,272804433,,,0,0
2024-06-19T16:45:54.838Z,4vXW6Z6WPtGBdcTTKozYZNqnpSWYZEvws6NnJCVAJARs6zKwEXoWcPCnFbda77AdyV47FbyeJRgWwjrayjrRKDs,272804433,,,0,0
2024-06-19T16:45:54.852Z,41n4whMFAvaa4Q1rJTsM3rGq5wBHtA42JSPuczhLY7PHVry12oEvJgAqEfPzP94fscUgtdiWpeNDu33xLtdsr8oR,272804433,,,0,0
2024-06-19T16:45:54.858Z,4szUDs3tNvdjo7KBzzvX2VPQcAjmQBHL2CiCw8tw8ik43sVk75C7nAFwXTPfJrwuCsSZig1XEW2mzVAHmC2z5xMy,272804433,,,0,0
2024-06-19T16:45:54.856Z,BRc6jtEsm5y9m5hvStu7rSeHH1vhQWmSfJZBrn57Yp3pNUFiDqXzhaTU78h2KidiTwBHzSPVAsiiVjCvVCYEj4Z,272804433,,,0,0
2024-06-19T16:45:54.849Z,5KffWqaqXaX1tZbD71G1p1ENprQW9SVwY22YFEznf82KJe12vyhU7XZDrKNtDnLj6MzuY2GCZiwpZCNvwEQp3ash,272804433,,,0,0
2024-06-19T16:45:54.864Z,5P1GsKs1TYfrdUGzqW94S86EVe69KNqcE32GRAhvHK9ZXD5Zhf65GKe7fCAnz4VW4oqxzhnRAweAw5Ep6BXqHhvd,272804433,,,0,0
2024-06-19T16:45:54.866Z,2yGafxDTVjqnENYRi6vJWLQN8AipctGxzJE2geBoSFnHtbLpg4bc2o83ZmDHBPuuSWk7Z2cUpGzq3Zzx4dde619U,272804433,,,0,0
2024-06-19T16:45:54.861Z,3oq4q7PRs1VjovvPAk5W6ZD12xFmNDG8fTvQmm8wS5ssASDRG5ikjJsikwoeLgraHRXMocm1xp9pNuu526t374JF,272804433,,,0,0
2024-06-19T16:45:54.863Z,nhNyoY8GqRgq7dMe8vYN2rB9pcwkeXqfRCVBmWj95GPED3h4C2TaCvCeTufirp2BTUuVnGm92KdhAhfCTrUf2Ce,272804433,,,0,0
2024-06-19T16:45:54.874Z,5yjoMpjJgshaG3JP7erysmrJBRpPkjEoU83TCQuAeoxSoohGxq5cXtSCGdUw8gw2HKRheLjrZVmy5n1E4oZFTg8E,272804433,,,0,0
2024-06-19T16:45:54.869Z,UfPxoyEV5XhwTZEiHHew9HRSTLj5u7xyH4aQrF4YRSvzGNsbMWL33monefy9madqF8ycyBNBuoFRuf7GBuP1Pcg,272804433,,,0,0
2024-06-19T16:45:54.877Z,4b8dneNZ6S29AatTsoKvzjbnEJWbfj27rbze4cEN2pcFDACe8bC5cXhxTk3XScFAKBgBLoiC27o1JKM5iuRSN6m8,272804433,,,0,0
2024-06-19T16:45:54.871Z,fYzMaik4nrFKDck8e8x4uCbo9xPd3Vvj9g1vLtNYuUEWvquZB895DyebtS4BPDzF9VL4hNYmt5PELRhMJp5qjpV,272804433,,,0,0
2024-06-19T16:45:54.879Z,4HBFYoPYGTDMsGDz9pAPd12Xp19mvY41ZujwAcvjRJtgUxvapVc5L1hgXwFQY8NoAeLrnLF8DqjTHnFQSiGb7cXf,272804433,,,0,0
2024-06-19T16:45:54.885Z,36v7rxmmkhNeojNpxJvCx5Mp7zV6Hq9p87uXvqAz32r9DPQHXV7Qn6GujiYc61CK38fQGmVjNpTnhTXZY39Twxvt,272804433,,,0,0
2024-06-19T16:45:54.888Z,3iSj1dXPce9wPNrv1asQgn5Ju244SX1ymxertXW8vshhJsXY6shJMjprsvGiekNKQGCaGTzbg27oaS3aY9Wd3VDh,272804433,,,0,0
2024-06-19T16:45:54.882Z,3ET6udW1AmkdsqeVCz4z3HDc3VdQf8R8KqMj2ChZ3KBSbDLazhpdWgcVxixTfkX9aEvycEKqZeVuCYfbzej6hx8e,272804433,,,0,0
2024-06-19T16:45:54.891Z,64hKiPsqUmYHRb18xaXEe5iWb526EaK8deJcVa115fSKXn7EwimBLzqF8M6v3PBw7hV4NBRbRZ4XQEyUJ6hsA3e,272804433,,,0,0
2024-06-19T16:45:54.893Z,5FXoMsXSexB5EHhnv7ERr68hseXbs5e26wG8xf9B6iBcCHr94DTyc4nMXCknAYiWSvuyuT466hfqVxYx6mWy6iQY,272804433,,,0,0
2024-06-19T16:45:54.896Z,354dHBATQyAtfvB9UNb4mSeskE5mxvQY3GpzseMhyDbmvP7Nxc6syPs3pEKUNpJY77Bn55MWmbUtRpxqvKsp8JBK,272804433,,,0,0
2024-06-19T16:45:54.884Z,F4GHQnpVuM8K2y5xCJPQV3bMT3hwyP18QKtnMmGgugqFM7nfnA7oc2ME7UpHeWCbE1Szg9iv4sRvVmSb5Yi1StB,272804433,,,0,0
2024-06-19T16:45:54.895Z,2RM2kAq4ArwfXgQ13KiPhQaz1tLdUWDLxGNXKydX8HABrZbeoqz9L5XHqShnZPWjWZHHhTbm3yBZYzK1z1XNekCe,272804433,,,0,0
2024-06-19T16:45:54.900Z,5mK1Y5YyPfbnEirMpaAb42PPMgQUALfkEH8P5QCa4M1bFCHyHwY3VQ8KYXnYqCAjcfYKJpioVqnyg5PZDm1m23E,272804433,,,0,0
2024-06-19T16:45:54.897Z,52F3LznY2V6pV3Yo3noomK2H4D7QdNKeZmGMXoAepF6j8UDpaoEXY7UPzMx8H64FhezkwsonqxwFQQ92igcHXU7E,272804433,,,0,0
2024-06-19T16:45:54.907Z,4s1dwn7Pr5nhQmYKs2WbBrhXGmpiLYQcyvJ7JEbqBSic8KjMczhe3qW3ru3t2rS86eNJqpMxw6pw68z6tHDo6Qmr,272804433,,,0,0
2024-06-19T16:45:54.905Z,2DQSVjjm88SYBwUKjb9KBYufVWjG16877nVwvrZQYTxS1USB72pSMEkWQ9zT3ex8vYNwgUhduKaehPHs4JevsJf8,272804433,,,0,0
2024-06-19T16:45:54.912Z,2pHzY5MbuWhApEfpr7xc8JZuyRJg7wbhv2ypeeE4PAct2qFdE6cL8zk8DtMtS95CJb3mEa1a1r98byuEbutG2NvL,272804433,,,0,0
2024-06-19T16:45:54.914Z,5E15oPJ3grh2Z1wDM8j6Kn7T65pnNyyfJExkvA1Tz1kahiwopioTDWuX5BQVfgdbjt1rcaW3H3ZKkrhJbcipPNV4,272804433,,,0,0
2024-06-19T16:45:54.902Z,ZNRVEBa4oTLGcKgLTUy2nenAfiGvQ1ce8UcWVp3bEYGCUDsGPpXrpqkJkVMQ251iwi2aoKfedobx2TW8K4UbaLq,272804433,,,0,0
2024-06-19T16:45:54.909Z,64vLyCwMFp51DWSbdQu9q2bShoxUG32v4WWpvoU3Cqs5bvUPKu6M3bkkcykGAnPWGEE5WS25DSkKxdVFUobg8CfV,272804433,,,0,0
2024-06-19T16:45:54.919Z,2XnhfUFMcTE27moN6ybJbdhJnkRKaLop5iRSrzqj5sfbc2DeDwf4oC328MKCTjXWRoQadWJ6mgHMPo9J5PFSFLBS,272804433,,,0,0
2024-06-19T16:45:54.916Z,2eybu59Q9MbeQ5UJGmeuCAeXz2Tz3hHjpDct6mGM9Z8Yi3Kv79vrE5iqPdY9g7vmU8tQ5VHsVTvTghtnxoF1abwV,272804433,,,0,0
2024-06-19T16:45:54.923Z,5YzfhVtkGd7UBSPttZDX4XW1xAftuoKBtJmcJNqAVUeWE7xJG8EFUE8jmyz5WuzJsGtvDZVP17CwNi9jLVYNeVmj,272804433,,,0,0
2024-06-19T16:45:54.921Z,e72vRCCohHoBX54bEL8oNvYgrYoBZpKcYELQB9Uh2GW1R6bbDqVSYkrN6oC9YBD9TzX8mqqusjYbxPHJWZy6C7S,272804433,,,0,0
2024-06-19T16:45:54.926Z,4bTnHWrHcA2E3b6g4W71V1dHtFDzGhNyGFebkF3LqStoFWf4eLHahRj8a9X6TJnisnWXWdu4ZXYUFrEpu1fUgrjM,272804433,,,0,0
2024-06-19T16:45:54.929Z,eS2vo8dFtEKsZpYUJjTQKT4nCHQ4tTWyvSJQdPvAu2MsgVCjbQPrtuPQeo8ZNaZugTs5WKBVasHYXjkgHqTpGeM,272804433,,,0,0
2024-06-19T16:45:54.928Z,5sCbjBEHy4unuYJk43NaUhTqcvwn2UZ2vUWCAjCbGTSAq5XxbhsvgXDFxT1BfeeTL5kNXLmru4ZGL3oUdb14CxXJ,272804433,,,0,0
2024-06-19T16:45:54.934Z,AdV1vQDc9fauHsXYyTJsiQYHFauY4sZwtMn1LkxJRKidnHJkV6TkZgYjYWBUmcMuUQw6oNYpjvf7PvuVvmAysga,272804433,,,0,0
2024-06-19T16:45:54.931Z,2XSsp5rQorWsAe2HQtLicxQtbABFdpC1bSQtJuTj2dT59BUcuZiLeRMAKU8YvKnMYZT2h6Hk3CjuahCFZwD4hSEc,272804433,,,0,0
2024-06-19T16:45:54.936Z,2UZZDrBSxU3Ymd3kVE6sUFqdYvzgwA4qKcc4imTyBBVtUxTGqSYhERBBboeJRkDS5Xyqh9KVcBCbzhKSNVPTHEye,272804433,,,0,0
2024-06-19T16:45:54.939Z,3JZYySzYWTRjZSQ1daKspEpDHCHyWqV63aZGMTvV78w2zf1FzcHkgkhEweLpDnzHHdkzViGHnYUVUjdeixtuuUHV,272804433,,,0,0
2024-06-19T16:45:54.941Z,5U1xcyTPL7jdQD13XjYEjV3HUhzyRHbU7pVfxznHSgEmJwQYpAC1fYVRoKsX27f2PEFUL6JAJeg62naHvU39zxQm,272804433,,,0,0
2024-06-19T16:45:54.943Z,49hh7WFoBQWRmgHcFQUuUAcP2am1X1soafaEQoiMHrvBrSsdWt1WQ44U5KriYqjFdSQxhTurLxfjAsxNx3ZTCyu1,272804433,,,0,0
2024-06-19T16:45:54.945Z,3mTxFUfABkHLNjVGF3FyGUaHqRPoVc3WJTqJoYMxhgxQSJSaSFj4FTZ9aZdhAVd8joUyaqtPf4HHkHTnRD7Zqamf,272804433,,,0,0
2024-06-19T16:45:54.946Z,3CQoZLAXnm1Necftg6sZHaTmokw5zCJMVSFd42Lmf2UT9fDdNp9rZfye8xbLskbjuRJHZpMt819eYCaWoaAwmLrY,272804433,,,0,0
2024-06-19T16:45:54.947Z,5WjrFvT7LyEj84a3fGcGca5HxyDfdBbzfuufLDCmi13z2tEQkGwitVG3Nmszm7QSvoVvok95VbpvA6voZWZ4NhWZ,272804433,,,0,0
2024-06-19T16:45:54.937Z,rJA67AwChFuCVak3ex3Fu3vpJj46quwLpTLBVTGTLkgF1wSSFxpw7DMRhbdVFfBcMNC8ZiTN4srX82TqKSUFTFw,272804433,,,0,0
2024-06-19T16:45:54.949Z,539qBdR2MVmx6Vz6F9wHpBVTzUeWEm9CHPjxNjFCb5BeuWMKR9SXLK9zbuQL1myMgJX4SsMLgNEsfMVi9vB39kYV,272804433,,,0,0
2024-06-19T16:45:54.933Z,3w5psUixtxNZ4j4suMfeHkwZ4AafjDW8D1Jum91NEdkX8eghnJX6MTrQS9c1iPgF8JYS5uWY5WyQg8NyrPJ9whyd,272804433,,,0,0
2024-06-19T16:45:54.953Z,4LtsyRjnPuF6dSFSUj6aVYrTqK3Yqi4apaGJp9vrHS3QZwA5NrUmxWZRZnsptbC4mANfhAs5L7gDPYZyMhd6xm7D,272804433,,,0,0
2024-06-19T16:45:54.955Z,4fyS1ULYa9csZVQ1K7V8CxFxo3GyoaLqfLxAwaNsXZA1rJWeM3Nt7EJPCdg7a2ifEor6hPsxdWHfn9rMsJvwatks,272804433,,,0,0
2024-06-19T16:45:54.959Z,3g8HWirUBhh1nAdzYAdFmgB2N5PF2Y9eQ24yUUZKR2xajE7QVYvbMeKk4bViohdSqn9Duw6w5q9iJzhNHiaytFHH,272804433,,,0,0
2024-06-19T16:45:54.952Z,4W4gEvBMR89Fem36jnxTsAdftVW4FeZYrLi5bZzJtQthDgvK4r92b9YKcX3PVF6y3g81KG17utafaft9AxT4YVsy,272804433,,,0,0
2024-06-19T16:45:54.957Z,4WS5rUK6yNM6cVDhxUGGkvY97SzR28tZzFv3SwncVW82yy2PrWoP4Vjjo9HNhPKhEF2hxssBkPhw8H4wDDxms8h7,272804433,,,0,0
2024-06-19T16:45:54.963Z,2qzptC6UbWNAMcPHZtYaCxMNz8BxRXzDtNJ3m5FFQocibeCUeTWvkQRhiZw8KBLG81go7Hx7Ues37n5ZT5WYkvbL,272804433,,,0,0
2024-06-19T16:45:54.960Z,2WpSA41tEuiRvPouRneUMVY1SfePoKZu2LMjA64ekfM2bkxqirkJdN1zWNbWMKuEK1fknak9BkQNybon6ekJ5g6V,272804433,,,0,0
2024-06-19T16:45:54.965Z,2as2rbQrynNwgfBs8GG6yLWDWiQDCKf8P15SLudN65ftLc8PF7QFMctSEoYVF9DM6kwTmcfuEeq11yr5S1CUy67m,272804433,,,0,0
2024-06-19T16:45:54.961Z,2TDX3kcd5GarRvAM58bNvqGGUMzjq6Q11JP1CtskbhMSoZenx7GfCAHvv3roJDzSpY2wqSHsijzFpC6DwuVg3LKA,272804433,,,0,0
2024-06-19T16:45:54.969Z,2JmBrmEd3PaRZE9nknw7AvWKaMXWJyWumK8d6m9FBmHR9qyoHkoeNKzZN6RGi6UJztS3ouQ6Qd3kN2HTHtvyX8qX,272804433,,,0,0
2024-06-19T16:45:54.972Z,679H8DhCst4aHgk256YieTaH3xzM3RVytrQKKoQegs5kCWyBd2A7zJj8coWrLehxAU93UtbVy9rqjDqqiTBv64QK,272804433,,,0,0
2024-06-19T16:45:54.967Z,26iZmFaZGxsxXnuojxp45kNagT1PXDv6qy26ekJBqfnmcpQG9msVgjnprgX11199zoMzKNG1mDc15WCiCLKy9syE,272804433,,,0,0
2024-06-19T16:45:54.976Z,Ka4c5viLJMRZczuXXQb2JqqbBRnmnHjJqqvH1ZU5ntb3rueJV7EWp7PKzzgT2QFaiEwN4NJEzN5WHArRiNEtdSf,272804433,,,0,0
2024-06-19T16:45:54.975Z,5qFW5CfWu5kfuGCUKqwrwebN1oCjRFsiJ2jNq2HcMkU6LYSneU79v9XokqphfhP6rSsNbvCV1Qyumk8FiNtce3UE,272804433,,,0,0
2024-06-19T16:45:54.980Z,5JoKr7KhoKrGkoiM9HWcChmnQLURTjn1LXALdViMguhXANc2tnQUBcBEyHXCv78aYfTr7z2tUCFEmk9syJ6H6ycL,272804433,,,0,0
2024-06-19T16:45:54.978Z,mWf86cPZeDe9VoEDfCyeNzEitZUaAUFXrtuoJtKFXJh98eJMeUa2gBVRyXtq77WGkTt5RVrxzYUqmQibrnqpQPY,272804433,,,0,0
2024-06-19T16:45:54.968Z,3V4TMFkgKxfDwyUnthMtEk148Wh3cRo6UZrNqiB5Ha9fa1RKjNbf16ecArqfdEMxr1kQyHqGGHPgtmFskFJK5rDH,272804433,,,0,0
2024-06-19T16:45:54.982Z,4YHqUXnv5fuxdQcoPbyV6LQwb6LLuF35HzkfgcPmCLHVfHAs1jALbZZZpKLQGFMevApvLJJd9B1fdTQgvWjaGZEg,272804433,,,0,0
2024-06-19T16:45:54.986Z,2vMRywgMUGoLC88H5o78EQ9QF8s4k7YJaHbMcFyT4ZHHKZd9cTBs2YHKPKTjkpKkQDSjyyyBchsxgpaWoSkX53rE,272804433,,,0,0
2024-06-19T16:45:54.984Z,37roWp5BXVjtJv7bsnaFZLLt4AnRKzZnRV5ATBQtCz7FuRgJzMjmMevg3FjfisFBMgQsEgjGSDS9A3SyCKQuL7MC,272804433,,,0,0
2024-06-19T16:45:54.989Z,77BbRS7CJTgZ9KzeCWjzQq6RRgUozEUYwcCUG8eP1VBsmqaUAGTM9LxPFp17c9h2MKdaNRBFUBvUm6vz9E4s59C,272804433,,,0,0
2024-06-19T16:45:54.981Z,3U4XdTzXajFSfDYqTK4dcWprVCjCpeEzfMFrfQVgsbjxn5hcXdAFDpCJf6Ztx3ywU2X8JuHTTdmMN9E41VzNxBYM,272804433,,,0,0
2024-06-19T16:45:54.993Z,2Q6gpnPCVjEd22gSNhDAo7DAjsQ3xrX9YZNFDbnQfTGaiEN6UEDdVu5GR3pRKHGbLLyZQc61NkjNHk6TXuFZ6Hw4,272804433,,,0,0
2024-06-19T16:45:54.988Z,4svyEJjGCxc9NB2PBtqeArD38VUvnHdmLVyw1SYZhUPDLYdxFK73xsxWe9jQm7ggCoDv1U6PGXq6AxWLkomavGTs,272804433,,,0,0
2024-06-19T16:45:54.991Z,a7mpVLyFGrP4hQhijZHCeeDyZWuXKXybiryZF5BCNJBcasUH3mh6ejKycmZHDAF4v9kuKz9sGXhKU8oihaY6CtQ,272804433,,,0,0
2024-06-19T16:45:54.996Z,2eYzJLnts12T7LjcV2NVSDLcJh1smr7nG46Z8GqGgdrj2bP5Te2CGqycmWKdRsoEFBuAq9jZa6MH4RKJRgxnsNUs,272804433,,,0,0
2024-06-19T16:45:55.001Z,2sEnHTnErhnnSG4S5uMcwoB5bP5YM8FHRCJM75eMsP9VaFKC2ewzHy5Dp4rx9UDzBa8UqVehf1euQJiQ9eVsorPL,272804433,,,0,0
2024-06-19T16:45:54.994Z,4M3xLqaKLAc7C3K3dVesUM3wSxKkuMv3ZkWXEnaC4NL6UQnRGEdyEtC4LHCrN51vDCUPJaNgWP2qNUSH1uz8RK8Q,272804433,,,0,0
2024-06-19T16:45:55.005Z,5wVzHLi19czcavgFjmaxbrzMjc65hpZyhAjUB9Ybtix7ot1V2EeNGaAWNt1jFStqe1QvH7tof6zfrxLrbs4zRHAL,272804433,,,0,0
2024-06-19T16:45:54.999Z,5879vuizatEXH8vKLiEMs2pvmMRU8J8xFtGeaDuMNC6DERUK1F96XWbBkH5uwJZaXRng9bAv3MKnR6U9Vm6L4Zts,272804433,,,0,0
2024-06-19T16:45:55.003Z,eC32aMHmPL5E1LrpBzExSofSaxda5DeECCRXyV6Q7JicpZbgG5Wimxu39gaG7XsAzRZPAPVuncXRW3JykXRNeCB,272804433,,,0,0
2024-06-19T16:45:55.009Z,2prBvqQwC4cDaEmgBGDZwjv98c6AqR9bQusYfxRuW6BSTNMDUpWRqEHqrv5XMmKSEhfBxgo6HYy9tu9TEEzeXRnT,272804433,,,0,0
2024-06-19T16:45:55.011Z,2yAvcmu3JhsCNFYnMrQ8nkUVGSCfVrCDaqKUxgxQN8jFxLmorgyYxoa8scMg3HympELbF3CPwP5vedVaTEu1msVC,272804433,,,0,0
2024-06-19T16:45:55.012Z,4341HMs5v4eqFLiUJAZekUjM5En2iAaC9XPGutoZzqMwom56voxBL3XkSTpkDE9v2Rsvvv9SeHyVii5FTmjtDeed,272804433,,,0,0
2024-06-19T16:45:55.006Z,4nMLvocLi22S61Cffaeq93rvNB2YChTo67QKmubsczTF6qAiMb1aZnDr2RPQVpmk3zM7foRajCH9qUytswk3Q9u3,272804433,,,0,0
2024-06-19T16:45:55.017Z,3ucMznJJho6BeLMohmHSSacQgssKfoeZZYFSddHdkcg7nBiZKR99qU9J3dxoVrPCzDX9r5SM5siXV7NUsCYnukJR,272804433,,,0,0
2024-06-19T16:45:55.019Z,4NWqFsLjEqPMq9iQCzLtd5EKNtQtwsx5TjfpjcedSkX3m8jVzhbBsj9nVoaADENfQVTuZ6SGCri4t55xhdmrKiuT,272804433,,,0,0
2024-06-19T16:45:55.014Z,3kmXR6vytYgGPr7fXECdJuQr6s3bdmEmiwfWxoE4HWP6xwtTofm1UVDMwinBRKXrs72zUbUfSEJ3ANxPQb7tGCAb,272804433,,,0,0
2024-06-19T16:45:55.022Z,453xR2gwLbKUtD5WS7vtUkbjo6KkqN6hmnjJYnMfmM45aGejUTXo7BidhwbMwZhPf6ijuDj4JUvgaN1KaS7HVuDe,272804433,,,0,0
2024-06-19T16:45:55.016Z,29kQwTKdKmXXE3perMpRjtf5hRTSDBw3pBhq83BTrmZGESpU1hVQQR5bibffw2HLteaCcXKkXdjDVVyP7wARB4e7,272804433,,,0,0
2024-06-19T16:45:55.023Z,JNw1XZbmcixTgkPhpteZjqMWoGVJL9Rs14tENYJr58a5zuFcpkYC49pi6qQ1khDRxPZmmLjmuddJpdqqV75Q4PE,272804433,,,0,0
2024-06-19T16:45:55.026Z,4SBoDNAmLu4z2yrfNXQs59ScAf6PKGREZzqKbJb8tM8hC7WMqqyCdtnW9jPiw16baQbe2gzp5QGcGcuW2Lx3zSDc,272804433,,,0,0
2024-06-19T16:45:55.028Z,3YtnCjBtfcAZh6waCSyXdDj2hJ4mDaHFHjhSzXP5K2pLF8jrFkdShaYdspCXauxcW3obJeYAqAZtfMRdrUbx4A2V,272804433,,,0,0
2024-06-19T16:45:55.032Z,4FqiuwmL2ifKdsqJ92p3GGb1LRGU9qmWv739DvEC1K23fpVjCE1k1c38MTXzepjuvrwL8bKjrW4w2hic2hPJr5RB,272804433,,,0,0
2024-06-19T16:45:55.025Z,3rWdQGKnn72qdgkHzCBKSqJzyEELKpShqLYvh8nRFLiTqsCNwvViMndSLVEAcLWoj7irW97E8YtYbQmRggY4Par3,272804433,,,0,0
2024-06-19T16:45:55.034Z,2gK5LVtJ986CTzXMXkpTWapWeDNrTDhUQtuRWxgnSrqrqSgqqKemN86nuV6bttsNGuy9ANSGiguRJ2hFrZVaZ19o,272804433,,,0,0
2024-06-19T16:45:55.030Z,51rGepznFrjMoWD3QHTvrCC3VxNmNy21TRQPXwtvgcDGYsQFP4C3RJ9BugzW7LB1aHGWindc8cPBstx2YGkB8bBb,272804433,,,0,0
2024-06-19T16:45:55.037Z,LbwVtRsYvrdUmEGHEdtRFfw25yUpeR6MCLZNCgwTdb3ZqJvppH2KJwyRayAH6pmbFLv3TDporWPt7ZCkrdhG7Ee,272804433,,,0,0
2024-06-19T16:45:55.035Z,4HYePZgKkHfab1ZHAauFkFSsVKf6XbS4Mc5vawPqvRxSgkjutEHTfhNbEoVp6MCW6LNNyiMmU27k7fjDCrKtwznk,272804433,,,0,0
2024-06-19T16:45:55.043Z,vXRQeCCmiZvT3a3oi1fDcAT67hRhG3hgkL5ooeQEkYvRZeYgbHCqsVXK7KdFKCXSfDGURFgpTYosiMBczfXubpK,272804433,,,0,0
2024-06-19T16:45:55.042Z,3wr1F8XCPGj8VAzmhymacPnAeZkidQbbk7aeGMf5FWXrqj1eyNy8jW9LG9iocwuhMPxXk3UWwmfKmS5WXg5jDfkv,272804433,,,0,0
2024-06-19T16:45:55.046Z,5VJLm7RE2LaWmkNFpqkseUh2KzG6de2bt9aEWtoW3fSiKPhjUy2UGxtBcqKthZATSJNCYxVKuUYRUt1LnewG6BiZ,272804433,,,0,0
2024-06-19T16:45:55.044Z,3gjNptobnDBx2TnzNVLiz68gpKQoPiPwM7sMDFsLo2s4kTrraLbAtBUkTHpu1KpHsHREUGoNpmvn8DLuJCPV7reJ,272804433,,,0,0
2024-06-19T16:45:55.039Z,xeUDCL9HzcqbmP776WmuxkzQvaWrUFcCJdgMyZqFX2RztkHW9QQyxK1W7yTVv6YJuCXfmjEApaKKx1qAVYJS6sm,272804433,,,0,0
2024-06-19T16:45:55.049Z,5c8662XSyGScNAN9w1HNdsgekxiwU5V559wfW1MM7bqkyyMtd1WHq5osX2pvcffW2sG7CxZysKj4WfmembSegiWo,272804433,,,0,0
2024-06-19T16:45:55.047Z,3zgqjXNRU7n6zJ9ryBJg2ejUtNG3KV9VgqXGsvBc2u4jEeKWAMxpPKpXXj6Bu6eTYBfFGATggvt8ZDWCcJ83zrTJ,272804433,,,0,0
2024-06-19T16:45:55.054Z,y32f4bc39me9bZnXom3g6HHnsGRD9SRmGmAGDmL6uPCAofvHeKWjBUw4xhrGSkqfoeBz62EuGjawZD9jbqE55sr,272804433,,,0,0
2024-06-19T16:45:55.055Z,312vb5Hq5UNg97MyCCo81in9Uqc1EBtnq2LnBgdfNjBUAjQ1ruFAzqskgtcKPYDuWCgqbG1u7Lg1U6GNQdSZSe8r,272804433,,,0,0
2024-06-19T16:45:55.059Z,5FNZmd8y6V3rLoMoXs7ubNrdXWTc5z4ZmDGRj1YdWyRWnbo7bJGvLRvrzx7W4XSeuZ4nEDuNhas4dAcjH8PALAjw,272804433,,,0,0
2024-06-19T16:45:55.051Z,3tYvdV57Q8Uv1wE8dAAvwGKLfS7ee2uQ6t28Fe3itknt5h9TXVHm463iMUVYLXCyRmSNmuVvUe6Rgt4LN7Z3m43h,272804433,,,0,0
2024-06-19T16:45:55.057Z,5itcPdcp2Y3hrgUK3sbk2jCgFPGRWkS7PWhyKKYsPSCqEsToVnokAz1vuAc1zZeXRHVmbtapM2D8GLYPwneoWtTr,272804433,,,0,0
2024-06-19T16:45:55.062Z,5MzW2SQYk6ePY77PQLVPK9QfC4ayp4856eWvFFTm4W4b3fWdUsouezaVQaszwjDGYjKa5fqLrtqcKMVN51qV7RTF,272804433,,,0,0
2024-06-19T16:45:55.061Z,4VdopwR6BaSbrJBgBtuF2M4GqCuCtwy2LUwkmVBf4T9bpF3mh8pXXVt3x8Aagd7YbPMbMCaTECgv8iBxfDZxwZWR,272804433,,,0,0
2024-06-19T16:45:55.069Z,3m7tft9kUhh8Mm2HtpKV2NUEb9z78do5Tx6ANEQaKpgRBiQogDwHkVt2AV7oaZJM2Cgjs1H9kY2J2czufg8P8WiR,272804433,,,0,0
2024-06-19T16:45:55.066Z,956jRLW5zpDcg4iVxE4k5KQzjJ7FugGn1PjHHaeQoHQpK24yNzarqvQ6FGFHzy1S9reAeyrDSTcAnnQ5jLDQ44y,272804433,,,0,0
2024-06-19T16:45:55.064Z,5ydmFWnNVcDnjn7nzJC92b4hkxBuLBJLq5Pq86ikQmu19nDYcqpmLad7iCkcTiTagthH5rMzfGUV9Qiu4ugk1nvf,272804433,,,0,0
2024-06-19T16:45:55.075Z,5uKtm4VymqnGrxa7xEGswJAysm3mAuhsNVpeRvVybcX53jZoyU6xC4Te8r2T7Bwne1a38FccAb5Jnz7pg3dKQ1NA,272804433,,,0,0
2024-06-19T16:45:55.071Z,4iJ1SmcZGAzwYYJbFnpNJWUt2jXkoqjCTqjuT7LPwyNxhrB6bToSg3D51BVoi84J3PBqVKpotuj3HXz6n2Dqr1Tx,272804433,,,0,0
2024-06-19T16:45:55.073Z,4XKtzse9foiEF8Z9xG34EwXQtfL3BmwhmoRRCUPioXCNDRqDE747EDdjYd5UcpzPpZdXbdFvoxj9sgEvzKqjD8j7,272804433,,,0,0
2024-06-19T16:45:55.079Z,65BAyFzq7tojyrAkwtQQmsZW54yPLEsyVbLYemoYnFjAgHNf81pxuqsGib2eMxCZuy493R5rpdQ45snnCvx5TVfK,272804433,,,0,0
2024-06-19T16:45:55.076Z,53PmpQzttQg9K3YXFGgrAJDzHprAY8zgeWcRwa2Z3VRs5nqypHa6e2Qc7JLj9USAoeEDeFbeUo52BMobufV2S3tt,272804433,,,0,0
2024-06-19T16:45:55.084Z,35FprKCJQfvvKjtQgeQ4eas3xUJEnvo1e7HwMHsqhsb4fDqQYb9Co3hbx7JQnfGWPwQckG7aZXkFJkFgdtPX7nV6,272804433,,,0,0
2024-06-19T16:45:55.081Z,3NrfUrCC6A78vLZbjCrWMjcs4G33B8tRoKYgju7PwBKFF79HuvLqe8BUXeK8G2vyfrssLp1V6hPYHKQuTxmkkn9x,272804433,,,0,0
2024-06-19T16:45:55.082Z,2FxDcys93CcJGDEp9EUAYHqn3G4oUroPffB7zV9ohRJjnUdREzp6Tjvp5KWjhPRQyH7bxbCL2J9cdb4HGtu3o6Q8,272804433,,,0,0
2024-06-19T16:45:55.088Z,66VGPRwrt3kbH6eQdoSSmrmkVK2zFBjLHBkXb9FnJ2g5aDTqSW8RRHtv4gMY1dirzqdHRheZUqrRXhMJXDeBpLZB,272804433,,,0,0
2024-06-19T16:45:55.086Z,4AjimhNSA1PRvtDKRixomtSUwnWeWGftW4LwguVpUPc4zEcsM9oFKeZtd9bkzawNsK2t9YKfJCVstJ67MijFTwqc,272804433,,,0,0
2024-06-19T16:45:55.093Z,5NAYz5K6gQo1L1XAKR5V6JR5PRA9CLqXdJeCDz6BezMivP1qrAiqB9udpKicGeyVJDSZiCAoogueU7JynpqdVsmj,272804433,,,0,0
2024-06-19T16:45:55.091Z,4NNDwCHVJTBPXRiGiUb9MWCs6QCXg9xa2g1URJhugh4P5awybhcMV8tphLHws8mFUcra3mi7kX2FqNxNReikjdXH,272804433,,,0,0
2024-06-19T16:45:55.090Z,QfYexRFEEMyATjkXZvCgjfMrMuoBZ1sxrC4VS6tkGavy3HgrGEm9mHYmS2otA5ufkwyNQq2SL3tqesrFJJoTHc7,272804433,,,0,0
2024-06-19T16:45:55.096Z,jkmWnENwsGC8V1HozsVehDjEkkB68aGfr57W7KNGtJArdpw89FseZpA6zRMa7MsmtgeE6RsiuAUN1JProj1X6G3,272804433,,,0,0
2024-06-19T16:45:55.095Z,2xWFJAh9q1pgLk9wD4REg5dswGhUF1Jm21Ft6mFZ5ew8XEKM8pYqnyhkjwsoBDCy2bgcQGE8ab2cyB5J4HBargEa,272804433,,,0,0
2024-06-19T16:45:55.100Z,4dtXEtt7opRN9VhKrdfutxi1ni7Hihn6XetEkScjAH6bYFLNEaovwFh62e5zQCb4of1Co4q7mrEtcBYdCAFHhgu9,272804433,,,0,0
2024-06-19T16:45:55.103Z,5kL898AySnru5PKdhMMiRWSzC8Qgx8iB234ueA5wneuwhRKP8JxrYzCkgsQZYtPVeohq3GBpi9DzwyLh2pME8Dp5,272804433,,,0,0
2024-06-19T16:45:55.101Z,32h2AhSJFctwxrVzWqG7cHfLixikfxms14BT8ihXKuVmuUAWnD29yWffdxS1vdvfdaeCK2b5WYtAnndWzU83MRHm,272804433,,,0,0
2024-06-19T16:45:55.098Z,2KeaLoMBLW9eCqzVanJz9wZ3GeqnWWABtF9e47iLYQQBD4SJf48csh4byX3yjJurq4uD9eqk8dyBASiPcQJ2euqT,272804433,,,0,0
2024-06-19T16:45:55.109Z,65uXp7G1DeHJ56cU8PUKxdp75EQSSfdRfvAdm4HtLyGc8NeeYJu1xBcTHUHBT5ZVCnMFii7676PswVuzQYBJTknj,272804433,,,0,0
2024-06-19T16:45:55.107Z,8jGHsPmaFKKAt4MyhpMUqc8GG79cKKNgctdWQaC5zNXrWutK7DQEWbZMBiuZDKAak84yFDzpRaDYDC5htHG4o75,272804433,,,0,0
2024-06-19T16:45:55.106Z,5xUPmAemDUUkP1WAcFqPJmh4JLYLVfP41NKjMbhNt4Eg68aC36KCUiN2WGtsbzoMG3Ay6FNoNe2HGSUGkWpepJbj,272804433,,,0,0
2024-06-19T16:45:55.115Z,5qHqC55JPwURB2ywhRCHkSWXPHtTsHKdGCf6Zv5fkysYs96fLgk1a3sFJPMpWyXN7pDVAJbC5Ypt64hxqmscLqT1,272804433,,,0,0
2024-06-19T16:45:55.116Z,JL16FKG6cspzCHcZ2NDgYcBGMxMTkAStHdREyoj7eXyBjCGkNtW2dCWpVVmqknbP12PEKo83fDLLoV8rbbT78rV,272804433,,,0,0
2024-06-19T16:45:55.113Z,4AVGVhTj1nvRSzyTJt5xwHB57jUfcny8o1CN9FM4M4Hj2NxPG2xNzhGjYoqjb3cD6XeJyGtS8WgFXbWA5yu2sRZ2,272804433,,,0,0
2024-06-19T16:45:55.111Z,wf5RcHNcBCov1VthhpNLUefysjRbjTw9cCHBxXENoUwRvGTGLyN61X3iu2yzJWPD2dQfPdtae95FJSG9GFVAb81,272804433,,,0,0
2024-06-19T16:45:55.118Z,PGzAPFA3NyK3yAG2eEndUGMNQ9E2kcK18cG6fmGuSYnCtDNeGq4MkiUtsFTEqRsbYshMyPS898H9aiLq2Upai1G,272804433,,,0,0
2024-06-19T16:45:55.120Z,5EcTPjR2Eb1WEQSxUuqqptoxNkQtWtVLqaMYFxLHqJM5x42gJioda8GeSjy1cWT8gtBsD7WdxwVZmkfFycKNj1KN,272804433,,,0,0
2024-06-19T16:45:55.126Z,5m8BeqM9scZeaSZyK2JkCE5cFYnRw1aiJcYTMRfNexkWHQh6ziCkR7EhGMvnZmQEqDMd2L4T9pRzPFGe5jF1azag,272804433,,,0,0
2024-06-19T16:45:55.128Z,67cYTxALpDjH8qGNz9TxBMvPG16iJdh2TwptwjobxR4AUYYWALrhYNgxSETjJko2GraUhe1dfoUTuWewWvM8T4St,272804433,,,0,0
2024-06-19T16:45:55.124Z,455R376Ycz1XyNtToVsmieNijP32ZbeuwaWdZa5Vd6QW9UWf5vHdgekh35q6mTMHz4aA4fP6cDsaxxvRcpSrXDjy,272804433,,,0,0
2024-06-19T16:45:55.130Z,2mVFQMG1kuMAAUsZ9G9Y8Vz6v7TxDrxfWdNDgEbWGCKzvmjEVL4uBAYwShB1W4mc54yPZAoDWX7xGfJdcgY4ka9A,272804433,,,0,0
2024-06-19T16:45:55.135Z,Fhs7u9jZu2s3JfbDAb3obt8sKhLh9hiyLSj9s8R5ZVQx5BKgQSweuW7fx27TGZYTmyNKzpttkTE2ceGpaw45dCk,272804433,,,0,0
2024-06-19T16:45:55.122Z,4MybURdnNo2jCVNkxDpqwvj8zCoHDNZhmacDhGnC5Td5TgwuZ6u6nqGM4kckx2wNVB1UusuvJNqnTY7Gt9NTNrxg,272804433,,,0,0
2024-06-19T16:45:55.137Z,481ThyoMNbw2vaS1Jn9VRfdKYF3eSUhm6xvEmMtULKZNw94uZCCrpBKHMMY5SA3C6RBd2uP9FGpBQZsDazXXseWJ,272804433,,,0,0
2024-06-19T16:45:55.133Z,zNmoSEHRr5QzNM5RuvqFcay1y86c93ufy9pmTfqNjuV4DEJhkzEsYTtoXNVM3Vh156pTBpHokCqV6euY7qQXA3h,272804433,,,0,0
2024-06-19T16:45:55.141Z,3fwGtYp9RUUxtChQCAdeqvXZgPJ7ktFYs6PVE3RKcLVb95uJV17YZh9aQDBxTsX2kWJVk6cJPYvyxyKoAC4cjYbN,272804433,,,0,0
2024-06-19T16:45:55.144Z,6G5i77oU99uRX4DBpHucjdccExu2YTW4oPkmWfSCzfRHfbKYaV17x5935cths8ZSgWR4qc227Fo2u7FVetegYKH,272804433,,,0,0
2024-06-19T16:45:55.139Z,38pUTxwEU26dTawz31k4ir4npEav5srqbCpBGV6iUEcrGR2JsBDZhZmoixhZQ22MEn7KPrMLSxnDLenm6GiVsSvC,272804433,,,0,0
2024-06-19T16:45:55.147Z,22r3srLuqYHCv3X56WSuMfZUgL7QgVmMrew32PHWow1ovRmForo9wA9is3x6UcommDSgsV5udV7yds76arzJdSx2,272804433,,,0,0
2024-06-19T16:45:55.150Z,4vG5cummppWc44m2PdgS9DQ662mFchFqJk7qT1NWfZ5oxdC7rDqfho1vFGRrHr6nR6nf6b23bHuPERGZPFhuesVR,272804433,,,0,0
2024-06-19T16:45:55.146Z,KKaKpNC6EuwqwvxkJpLW2gVHBevUGgmAxZHDvNSLRphUcsKhekpYKBhEkxGACvsDUXL5B88fizraB16EzLDQq6r,272804433,,,0,0
2024-06-19T16:45:55.149Z,2hJYi3rMXoXQCf2vP7wG1oqUigQa3zRGXuNtHyoGyqYKtq5YmvrngEQd45d1mE9hGav5vtvA8xKCYPARdC448LsR,272804433,,,0,0
2024-06-19T16:45:55.157Z,2HSXrX39T53vVPsdFSKpLDf7j9LL9aMTx4TM8Q72Fzgko1NzkxUdQBQXqHbteb3mT9bqEvNPbJTWsxkHUJ6WyuKu,272804433,,,0,0
2024-06-19T16:45:55.155Z,2F6MmSNTTJD8pLxL2kG8L9YyQsGpY9Jrhr4o7HZqBDQi3S42v3xHV3eSRWmg3BZyDEcxoLhEYzk1fjwmmCbwGSyW,272804433,,,0,0
2024-06-19T16:45:55.161Z,gRRNAZSMXDyhSWuNriss3H2AsYQsAasYKA7QUoMN5QkoavjL978Nz9F29Db7pTuNdm8Ktf6ruRhhFzdyrpSJQ5H,272804433,,,0,0
2024-06-19T16:45:55.152Z,5e5M9XsvrSxRRFftfBMLqd2v3eykG9zVK43H17PEbqHcehKPs7VPm65yAsaLRKHBA9KLbDBQqgwoC5VgcXiCC4oo,272804433,,,0,0
2024-06-19T16:45:55.166Z,4iZxXPE2yTdDd6a5ToXQiHE86PxtPFDYfneCwgQnmCV9kjuWHjztpL8hbbP9PsmGFb8hocgUMc3a7kj7mTDiVEKq,272804433,,,0,0
2024-06-19T16:45:55.159Z,5WHiqGU9yvMaMUxoWc1rKDfzggQvhviVC5XPBu8oRtqMNGB5h44UKMZ5ELYha1LtZvKV22t9q2EyCDKwrTwP2WWY,272804433,,,0,0
2024-06-19T16:45:55.168Z,2nHHYmTdXS8VVX15o7QjkkB4aKAGm6FF1zAJ9DgmKN4NSPE4xhJj5uzA3xKLcNNPoTSK8uytnyPRvjjM2NgJ5zn6,272804433,,,0,0
2024-06-19T16:45:55.169Z,2GtDQAPSF9mC8W8xUaH3WmxVpzV78PWd4dw6r9iF99iEciQ1AFvi9q3mKdMjHhqpkdtnRDKaZT1zvh454s7utEQ4,272804433,,,0,0
2024-06-19T16:45:55.174Z,3q13yfvVBETX9nKpA1wtMaJNbUQTVxgMEHFfuR4VSr2QpP9Lvccpd83Dsq39DjSmYK6p5JqCU2wL5oxzWDrsEt3b,272804433,,,0,0
2024-06-19T16:45:55.172Z,3UBAwLWX2fqz1UaBxgn8oQ5hUb8Ta7wxE9nNh4411wQgFGWHAHzAs1Jfun2LAYvUCrVNHiwvqWshxD6gzpTSwvAJ,272804433,,,0,0
2024-06-19T16:45:55.177Z,DRXDBmB42GgxR2NeoeSkz2bGqQ9YFgUJRwxEJKXnoz8jytjtZGAXLfAZZMwu3HfMicMMJFPX1agSs9h4CQe2xvn,272804433,,,0,0
2024-06-19T16:45:55.179Z,nYrBw3eSWxF37dgFL2rXXDGRquoRkYVUwXX1nXji3ewZPhzUREHkVj2S24jpn7FRR9hx9bDGS64SwUmgLBkbkR9,272804433,,,0,0
2024-06-19T16:45:55.163Z,2K6L8WpguuauvqJCZT1m2TCXUvERydFSfX8UaipajaLgDPeTMxWSAYXaeGwanA2DzWYZNmBkpYS5EZmXLAP8CQms,272804433,,,0,0
2024-06-19T16:45:55.182Z,36quK64XhxxjdcE41Udqt7kNuEEijPHgCCCwGTkRDFtDYKsxBbFx7TfiA7d9DuUUHmihCYWbRpmWh3Jpx8tsQu9C,272804433,,,0,0
2024-06-19T16:45:55.185Z,3MsS1h5uMfa7V4Pp5SDJre1NdFSLLHRn2X1hxjxBt5qwqWgJiKezXJqUuB4LSFXTUa2TAADRXCocgarwFijw8vML,272804434,,,0,0
2024-06-19T16:45:55.188Z,4w7Tzz9TK811rbnMSG4vemTsn7tXUShMp2YaKxjxQK52xEEBHJj3KmJSpPmve3j2qaPEmiVynqYBrsD1iME65KF,272804434,,,0,0
2024-06-19T16:45:55.184Z,5WLTzVfoUW1azpQndPz3ixUdmaoXBvrPnsjkswFepiPYYma9dahfu1GM5DYNrkeKw2KPv5jGndr5wrfJ5idc6vkV,272804433,,,0,0
2024-06-19T16:45:55.193Z,4UoQh1FCTFWavJLGvUW47nKeoRscRPD43Xvv1khwVbcg113NWe7JH1mZattSYjX5o4LpAZexEAXE9bvnqaVjtR2T,272804434,,,0,0
2024-06-19T16:45:55.190Z,2jL3TPwXbh7C5V7KV3QJC7CfxeotrMagSUNmfYYaXVYiLNnG37gcMqxJJigBpwxfmkXALx6xpn1BwDsQvKAF4Y47,272804434,,,0,0
2024-06-19T16:45:55.197Z,3GBDfsyw2wciGBFaUDauXnKWxknCBYpNC9NkVhBnPyUsobRMYSGpUWVXFN99zJXBwv1kAVXYxo3pEKzfxwTuNZWo,272804434,,,0,0
2024-06-19T16:45:55.195Z,21etWHbGvvxy8eVA7F6nPezRbve99H9GSphdPHPhX13d7nAQdTZ2bqPdzwfuz3ojHUzV4397PpVCsRx4V4E3gXk2,272804434,,,0,0
2024-06-19T16:45:55.201Z,2d5fmqFtVhheAD9UVpEYWvBaWvwzZyDwvtK7TWFHT233hWjFakwfWqozzKd4e7AmtRCFFg4V32SBK8REVxahsgSx,272804434,,,0,0
2024-06-19T16:45:55.203Z,4TYsmb22ua2GYNoB8wS2FVJcqb8zANdBHNyHSMD55uv3VCvBtubYq5nRovV9oDHe3BXFSEBg6VyHmzHgBbguTTvt,272804434,,,0,0
2024-06-19T16:45:55.198Z,5fhcmFP7ZimUiaKQJY4Bdou31RBPv8CAhoeG5RUgycezdiWdqec3EEE12fvkyuTh44MsF6ptwPjwahyunnx2av26,272804434,,,0,0
2024-06-19T16:45:55.207Z,3H4JFdKJKqdHCqimPaANQMBC2Bm3SA4LqibU2kwz81FoEpxGhkiMNjxJoL2kHYqQRy3UWR59j58q6HCUd7gmYtLR,272804434,,,0,0
2024-06-19T16:45:55.210Z,3n6MQ7G9pTtuEH4sTckGe4YoArqUeDjX6sK8LYTQkd3hi67xZ8dauuy72Hb31b47sxaM2tmSj84nP4yUqGEDpqBK,272804434,,,0,0
2024-06-19T16:45:55.205Z,9FTwkNok2qzpZ31EUTJbWw25jAsz744aPUWkaTEZKTa7CHDPQBzMY1oS6RgX4oArArzuG6rzsHiqDycQUitp7bQ,272804434,,,0,0
2024-06-19T16:45:55.211Z,5caN7Mk1L1fk5VJQYs7c9UevJMKac5QmV7q2dzyXcvt96Ap3LPBazuVjrkSk8hWWhb5Aopf1U5JzfZGhH7FMKG3a,272804434,,,0,0
2024-06-19T16:45:55.217Z,33kU5845Az1Pi63AdWZHCr5nPBQobbKjVWKtFkUGDBDwe6HTUizAeDzGsGCRsQj3S5LZhoVjhs6no6cEK2XYh6cy,272804434,,,0,0
2024-06-19T16:45:55.191Z,3AgNLEn7hERHgPENvZFfmq88UQzc6goiUdb4azNUFBgbgUEhW1j81UmwubgC29Zt4cLiz6JivamHB82Wb8Yp2EED,272804434,,,0,0
2024-06-19T16:45:55.219Z,3REyHFo4kkgyqHc7GYx5fKVwRVwVS88nbzcbtqHjDnUcS5Vq1pLZq78xHX4UqyX2qdE2QcNeTCSw1fTpV5h5qAJc,272804434,,,0,0
2024-06-19T16:45:55.214Z,5Awvq3GgqD7z1gVYpx3zpq97AUV4tRHiTGxqSNchPq1Fdx8rNaE8L2LFPxTCKY9V7vFGfiB74T31YEM7sDnomQkt,272804434,,,0,0
2024-06-19T16:45:55.221Z,NHjRvKN5rpor1CDMfxHRuH53uQFLbQAPpVH9JUNey2ZLcWoEg4CRmY1s4Y3poJHUWFTfFQMb5XLQt2718uNRcpi,272804434,,,0,0
2024-06-19T16:45:55.226Z,4MTHD41bJ9bs4VeCJkfTfkiaB5cykkVc2q9ynevA12TjiFJgZZTWk56v6hrb7iq6E1C7ngGsxDFhx33QH9ULyiVR,272804434,,,0,0
2024-06-19T16:45:55.229Z,huS3GmHP3jNMD9mGfkbSUAufKhMr3UD83TER3zqBwBXkYzqFy8cKb5bGKHyYBvUnPH8em9sCqXpuf3ArUkdHiBX,272804434,,,0,0
2024-06-19T16:45:55.231Z,4NDzc131rr4cJALuY5ZaicYkWMsaLsgLQpovajj8csWCGuVXeL3Q7S48XChTkWRAiWueL7Dp5Xc7Z746P8qoBrc7,272804434,,,0,0
2024-06-19T16:45:55.235Z,2Yr7GpAHcYzt4mucyvPtPo7BaJyqMMXxdg7Giqd3vRZEGA4tQW1kaSuTbMEnMkbLz14BNMhn64KRS5tTBx62jgzi,272804434,,,0,0
2024-06-19T16:45:55.237Z,67ZtNCxzaHTJ3gHKwssSrnMywQdw2rWMRwGmyJ9gKgZbW7YnBurREt8rfqUR48CxySLtWg8UnkePk2AYLD4zHeLK,272804434,,,0,0
2024-06-19T16:45:55.239Z,pVofPbjbZPRnqzGmNDc3zfrsQrut4o4Zsoh3GhxiYXQ7LZ2NihV8EwZ3XCvbgBTvJ4sRCB3UZMYpeThWfs1JAuN,272804434,,,0,0
2024-06-19T16:45:55.233Z,3hNCein4CfJnng3qwtQEHYjShtjoQ1Y5atXu2qukChw2UJdwgKqF6yBQet4c21mkG43w5noKNzwzG6fYHjuYCxWS,272804434,,,0,0
2024-06-19T16:45:55.245Z,4vCm2U3x9nXRuP1BtVqikpWXnP81yVDwE6wPuR9rDW7om7r6JcSJ1tQx99eUsokK9uFdH8qe16A91ySDgLaQ6nae,272804434,,,0,0
2024-06-19T16:45:55.224Z,5vr1DbnpcGwf2nCK6QzphJu6fzc8Ccv3rYksMbSzDDq22nB6x1eyCxUfxDXGDeHrcdYitVCLZ8s6mxuDa24ZGMho,272804434,,,0,0
2024-06-19T16:45:55.250Z,62be9P5duWe6RPShrYkiWGGPLwJyupSNUtFFVGpaT3S5gZYxdcnEPQxVnrnR3uEyYRnAyaAeXSsiZyP8FbVSTQ6G,272804434,,,0,0
2024-06-19T16:45:55.248Z,3cSrrivTV6nVGa5o7SNd47ttTGqisp6DiNi2dgGe1A685g7FJCW96MUiFTBNMnM3EWvZb1eW13Bt17C4W5gxQuN9,272804434,,,0,0
2024-06-19T16:45:55.253Z,47tUdFAgGsRpTkkXxn9cEdX4b1bqrA1b3o8n6w27sFo68ZxGQpNSkhr5HmwsYjH7msPsdFjCAYvAgwhwUhQjEkeJ,272804434,,,0,0
2024-06-19T16:45:55.242Z,62uXV29PEZbWcdDnRU5pnBjaeyEdVsa53cChr7C42Lv4urEj5YivA8UsdT4ckrd7WJNJFBZ7upNaeekoxxU3CXfz,272804434,,,0,0
2024-06-19T16:45:55.260Z,3DFbu6DAaGudbFDUCuNo53ZEjW7qafDG7ZwBhySYYoLvngZeq1bKCRRincyAKHmLHCejLhjg3JHL6pSzKLKYgLQP,272804434,,,0,0
2024-06-19T16:45:55.255Z,2pywpJf4tVgmMoZAKQsBNXNMF2sTNzRHWAL3zxw2f4H55hqAojRo1YB6YjWHoEhkLfgeCYkW5ykDqvh4hSdmNDoa,272804434,,,0,0
2024-06-19T16:45:55.263Z,21Eqhz9VeMbk6KCZEL2pZ6B8nPvuqpJGyKZD3CxywtYMhWFL6Zg1imK2VjLhFSEt4Fmm5yjGmBTuavZv2mWaARaW,272804434,,,0,0
2024-06-19T16:45:55.261Z,37jDHiQeAxSnFeumcwZf7R6NAgwXG4eoXby9cgrCR5JmMHzV27gWcB3N4KvbjDMVEPnF5TeBkRLC5aN77iYCxq2c,272804434,,,0,0
2024-06-19T16:45:55.258Z,3yxMJSjHxKVD4daDuWkZ6koAsctChx5dk1qXs7R91b8t7T9vi4ncSymqkKdbRC72N5FMUfPL99nwYigTXH3uCdMs,272804434,,,0,0
2024-06-19T16:45:55.268Z,2V3nu4qiR9MfU7PEtb9CRgEJ1DW3umD9LqzxqWCepKY2f7iw21UPc8uoBKMSx54kS7nx462J8uNCs5xoeaxbV1G2,272804434,,,0,0
2024-06-19T16:45:55.271Z,5tGEHrTTs2nJEtbGwnqQBwB9PgPPxotJj9XHEaEqXeHUsG21gDFHskV97rMm6eeaHX2sUoiu2pxFqcL6NWNrMWuN,272804434,,,0,0
2024-06-19T16:45:55.265Z,WkWTShbAbLv87yPKPsUkCYbUAZb4MQu22EEWP16h7n1QGwJaYyeZXfvHFCmHyoiN8f4fx8SsTagAGcLnwaJzn5p,272804434,,,0,0
2024-06-19T16:45:55.275Z,4d4gXnjg8oMNKqGxrDB6wxxTfSAUNWwJ38yEi8uNVwKXT18H5DQVHe2myzPqNm5ck2epfvYYfE24WD4Q7vLSTbBz,272804434,,,0,0
2024-06-19T16:45:55.276Z,64epgt9epgz1CPQXTWGUJH5uCG9TNdZMZGsQUahwV5CncmtHiXBdYDvRATQXShVnoydQvU3jp91hNPSETXt3FDjd,272804434,,,0,0
2024-06-19T16:45:55.273Z,3aqB1995kWywQi4r8oZaBSkpfb7zEMtptyRV7RtGfRHJWcPZHXfMkH8Mo2KiwPBVL2juhW9VPiBnijSN4uqCeXuE,272804434,,,0,0
2024-06-19T16:45:55.279Z,2G1J9XAt1L8AfGfvCnL19aCCWVThfekfoJQyoVNE5L4dBwtKzayzCANnU78faecVHmNK4nDPuAcsYdcpGWfuyK16,272804434,,,0,0
2024-06-19T16:45:55.280Z,5s2P1oiwGZMVrYBZQwv575cRkPv7qJvbpmvnk5jKvFG3UWP8mqZ3dXjT4BbZc9a52X86NS3rbbsePgB3LzWqYELq,272804434,,,0,0
2024-06-19T16:45:55.277Z,jhxiFjKo78PYjAcwAnMpGm8Gxy2Wga6cbTenicf26hREboWV8JnbMVtGtQUDp5SVHyS8GwipjG4w9mMmD3yxeLp,272804434,,,0,0
2024-06-19T16:45:55.283Z,41steZjAKYfsVGusc8GVqRmNULkzvFnQSfzx5biUmVk6Zb4oamyP8KAiMrADmPLJzzVsLMLxLczuSNNfwZapjbqz,272804434,,,0,0
2024-06-19T16:45:55.282Z,2nDtdfqLECFGEteg8vUrACqAGrecQK3kbqFtVJCqgNcsM2VKsd8gJbx21EjDb1iLpSn2PpuEL5WJKke4nduDSA5w,272804434,,,0,0
2024-06-19T16:45:55.284Z,vjWQrsHsvZAXhooPHzkRuEea1qn3kQuD7jXUEvZzSAPXAKSg8NVSaA48Q5s6jJ13WHHccJNm8rDZt4QQRwpKzEK,272804434,,,0,0
2024-06-19T16:45:55.288Z,3PsXmDeCjSxdqNvQm6JHLvTz5eUqVmuGoVywSMqHKiWkqBAYMmzzNRzm4hTs2SgHfpXGbKnhGp5gvUy1APTVbHii,272804434,,,0,0
2024-06-19T16:45:55.293Z,4oovuZ8HTQuTAAzxZy1FF18p72jnvSYgAhrzLNPYgb2a7SXA7Tw2HDVBnhNo5fHPGFYamkKatx9fnPACqJ5xevGp,272804434,,,0,0
2024-06-19T16:45:55.287Z,4RC5NnyV8j5CdaeZWHFcVYAENs1mzqYUvEFCWwx8Us9LpL7gNR3mATY33y9Eu2F9DTXvfLR8nh8aq5XyVHNz4hhx,272804434,,,0,0
2024-06-19T16:45:55.297Z,64kXfSsx6NXXgARLAPzNvDXkxMxbhjBSE4K7QwV8fa3SG8hTj6DVW52BLfXXLpNQA97gVZi3MnFRFxKXJn2nqpy8,272804434,,,0,0
2024-06-19T16:45:55.290Z,2hKAxqqTKowxNPFQVa1XGKFj2siqP3nyVPTLdRteejHCLrJXVEq4cXTahHsaUT9XkH2nu7uT1vYMRmXtXtdmQVBz,272804434,,,0,0
2024-06-19T16:45:55.295Z,AFWBk5Qc2eeCm4fu2sgKLqopxQcNcM6JGZmfb3bY96hQ4TQuArvaDWn7dPkjQwVcY9Ly6KFEr8bisfVjmx5HB7W,272804434,,,0,0
2024-06-19T16:45:55.304Z,5HaVCyJQBAUL1uBTaqcXrbrwUqmFQ2V3JHRsx69KLYTAEq1Zbo23jTC9E2TqavvUKCA853PD7hniRfbghXhatW7M,272804434,,,0,0
2024-06-19T16:45:55.309Z,3q6wtTAUyYtNyRv98q2gNRoD9cpkbajzProEda34PQRZqkVPMDa139o7diWc9rmoFGEhs2GRhg3ZhFNbhiKqaPKz,272804434,,,0,0
2024-06-19T16:45:55.307Z,5zmtEfmVaGGZeXesTEE6tQcZ4kD1p4ntYtof41jSKME7ZYddfvfP7v6ikHPiMtcu8dCQd1envT5B3dcgWTG8sB12,272804434,,,0,0
2024-06-19T16:45:55.313Z,2teVADXqaJ9TXHTZL191VUgwheHFiuf9drT124vZLCp7qzp7cEe3SyUy8myaMZ8Bfvc4Gz9qiEdw9Bx1SqwasNkp,272804434,,,0,0
2024-06-19T16:45:55.299Z,2TPd12WjrEfJgqxYhigjVDa7JhvUoLNQpsaXgDCU9TvSSNCofafSt8XwaHhY8gdFCaFxhR26EGUmEQdGTwnkpyVk,272804434,,,0,0
2024-06-19T16:45:55.318Z,5efkB2kJ2HuU89TyMUDJPBzKgPngSAabayjjLfx1pC65csRqkavCqpWit4icKavpN4fqHkDuMhDiQ9pTHRyoKELo,272804434,,,0,0
2024-06-19T16:45:55.315Z,5Schsq4ZKvj6tgk1NWdmWNVnA7UWUxd94ST7353C62pRrDyiuuWc2xjWQqUk7AjHqx3cFSRkRopv2vH2nrq5vFyM,272804434,,,0,0
2024-06-19T16:45:55.319Z,3n2jw3447zU9RVv1LmtsZ7aXpzvQPJWwqwjBTbzw5KPiKurzbQDy3TWAb9KsiaJSFcBL6yCBsScRjoT4Sphky1wc,272804434,,,0,0
2024-06-19T16:45:55.311Z,A34Erw5d1GMbWtTTRz1Rjkqq1bkBDZfSd4x4HJXb4mDnxZPNdSYiMkdfyCbW3D8wYf5MPYsaW6Zraz3vJJ35EK8,272804434,,,0,0
2024-06-19T16:45:55.322Z,2Rrb9i3zy7CLtDnAuJo7kFk592XqNXngrywohCDxxGjX3mfgXUw7S6xhGox2EEsHrwWAJuTen7eU4MDJ9nQZys3k,272804434,,,0,0
2024-06-19T16:45:55.328Z,5YmQzeQrCQFW3wqqdzNUp3ctnBrzUb5PCq7HTKLfEuD74ycSazVMXZQvK8M1DDui9ukcAL7wn69zXjB9ktzdjH5u,272804434,,,0,0
2024-06-19T16:45:55.327Z,4zpuv6LxRchNDK9xmF2nvbeoyVSWhAe1LWmxCkQ3yFeR27D1b1LWbymmotvqPRmRKEEeVoaqdwsAWr5DfejBosfR,272804434,,,0,0
2024-06-19T16:45:55.333Z,kby4My8qUTro2fRToHarGLYXbwowXoeUioYdY1MWr7KGi84cWW7tLp82JumwJkHpYdfAkXKqP2LYtSBErv3rQrA,272804434,,,0,0
2024-06-19T16:45:55.331Z,38WHjZNdEvspqQYhTaNnx5m9YSnEoUD7sDHLtznqKBwr7xrD4322bXdkzR5FmM69Cs23AS68m6KJC6Ak5bALBGqg,272804434,,,0,0
2024-06-19T16:45:55.335Z,5pMrtPfJQsDDLMTDg2qrw8wTGgbEf76RfS539zKKFMurvhqPX3PkZdcVZDv4sNdQdBjCecdiUSjo6VjbWfBupVrh,272804434,,,0,0
2024-06-19T16:45:55.338Z,sWyBpp3GY5C1JM31G2U7nKpgufwaqfts8MjiDbCAgJ8yAf6dpenvnJe7WwAxcSbddGPB8xywpgamZMRhq4y9KNd,272804434,,,0,0
2024-06-19T16:45:55.339Z,bSXUTx55KNcBrBXJT1KYf1K2i2FJktqBHmEziqbUuoq81gGe6yctGpXuiyGhkXeYEfruunNMSpw67mFCYtFCciS,272804434,,,0,0
2024-06-19T16:45:55.325Z,3QgiFgvHRhyzSTWEW8jxZENUusu47hVtMeKxVcYK2hjSZ3NFAsv92T2dkDbHHNMhJshf1UDt2XJcX2SfjZVCHnXx,272804434,,,0,0
2024-06-19T16:45:55.344Z,y5XNHjJcT6xLc93VQejfTeAy8T8YhpCKqfucbeKVh2VfuP9XwFZML1p635rbfCHYaSadQriDn9w2pKFdKx4pXsF,272804434,,,0,0
2024-06-19T16:45:55.341Z,d3xv8MkdDqGQtTtrAVdXqnxtdsSNdTDJFX2mE5SXAMGqAKrSa1Rqb681d9qbgqpepmHmM8KCN5vcH9SZxW9URPF,272804434,,,0,0
2024-06-19T16:45:55.343Z,aQU1N8KxrdGuMcHTWZRtwHr6GtRXXAuRa3Mv2vnrqdMxv3SSmi7tMSymrFosDqZM6Z2g4VzqV7MAcJyB3JzfgDm,272804434,,,0,0
2024-06-19T16:45:55.348Z,5HJFrPRY63eso8sXjpP3PFUMs1eCrTEy9WAQA42zVyTo1hgQ5GDyX8sMdyDopoP4jSsSX37R5aNywKtdeHEfHpXR,272804434,,,0,0
2024-06-19T16:45:55.350Z,2tCvhEY9yH4pUrE21C4fxwp3KuD9iZKDtsoAN9aijqvY9rG4b9Y3ttU6nxmXAmwaf5AgzzV1NPLGfn4juV5kTNu9,272804434,,,0,0
2024-06-19T16:45:55.353Z,JfVDi2yW5nQvvqdkQdUBMzCwSWoA6mBTtcrkrM2QVJqkTUs62LpXT4xSnoV79i7AKYuW13UVXmm7iKMG7CYc4BJ,272804434,,,0,0
2024-06-19T16:45:55.354Z,bMHvFuVtHnzmYBwkmGE5DEmxcEavZpM7LSyqhKhTZwTqJPGsrd1VxLHaT5DkpQkBs8gshuKzbzDZxzBJ4DNzrhR,272804434,,,0,0
2024-06-19T16:45:55.346Z,65SpMTnXpS81NxE8YKv6VNT1u4JSam4cCjF2uMor6SQqHP9McAnRkACoXoC242na34JVkcCMnhWA23Whv6T69ov2,272804434,,,0,0
2024-06-19T16:45:55.358Z,4RMnTyAJNKeuZgdZ1VhrcKeeUJWgKNcXHDy7KobKMJjp2bDcqwZukqnihXD4FTY47VEU7LZuFRrWUNShc9Jv2SgK,272804434,,,0,0
2024-06-19T16:45:55.356Z,7uUNnTvjuh8QnE8v7N7c2r8kUTp3j21TCEAqbU4BpmK6dWgnwVQRYAsrYVvm4xYbtNsnq6U6Kuik6DKuRkHLTM5,272804434,,,0,0
2024-06-19T16:45:55.360Z,64mMb74eFBekNBw4XuJZu1u7Hz1foe6XY5iAX91EvZAB2x34AHzetW5N1X2au9gHpS1uuCcPZQ5CbVfGbK3kFNif,272804434,,,0,0
2024-06-19T16:45:55.365Z,4tZcDEomWg4jTapLf8gbt9Jiz3kQsFRRhRvgKqpvNWe3mo43v2CeQvaYPVNZfLjKKeepBvbNxmprVkFac7ndZqSz,272804434,,,0,0
2024-06-19T16:45:55.361Z,5fSgzsdRCgJX5QPPiAa2E3bNQVYyuLY8VvVk2wBxtT2cCMhYU7aTgWr8FcZQ43tBC7Crd9DKb51j938gNGteyP4B,272804434,,,0,0
2024-06-19T16:45:55.366Z,2hJCrnm3pb744oDcucgR7uVaq8wkqvMsX1BTidY1t2ZXrnAQmJfi6gG9GNHtJaYbeYuUUB7AWy6uTV36NFHS2AYE,272804434,,,0,0
2024-06-19T16:45:55.370Z,3AzfahbrdpqcQehS5qFSdnx8qBW2kTKH73d9qwh7ASg839H7qT3dLCci9FLtbCFzFmZePNLymy3toHUyHGDoA5Dt,272804434,,,0,0
2024-06-19T16:45:55.371Z,KBAy9zUNo5RD4BK8TnypTTpUEorh6Apnc5Le4jwZCaYgeu26tttpEvEFoEzTFugSeCrSdczhaJNzWqT3e8G2mU1,272804434,,,0,0
2024-06-19T16:45:55.363Z,332uLhQwdJLymURhs95B4drp5WqXp2HHZKRxXmcHiYB4ULuvW8Lj4sivjKBd7qp9vwQKT2u7uwRTNiGF7kB16JXH,272804434,,,0,0
2024-06-19T16:45:55.373Z,QzHeVdyp7VU9XhjNYDPGVyxtoibNUcnvVCmZEb5roK445iGpPMgQbKxbonJnAVgUsSqzjLa7cwAKrNcyRzftJoy,272804434,,,0,0
2024-06-19T16:45:55.376Z,41cRpQiF4tLJUDAXEeMBURebeQSbY1keuuDsdgeHFyqAgMvVnfZovtNY4FmDdeBw6jTaqTXp5GjK43uhP12h8tjc,272804434,,,0,0
2024-06-19T16:45:55.368Z,2X9bkjnaGHCcBFRsdrL8q3wFoSyBh3TYsZTQiqawamiFsAYddxoA75s7iKbT4soe3eCRYUDDK93oQxuvjogi7cju,272804434,,,0,0
2024-06-19T16:45:55.382Z,64CchdDovQMhHaW5cWJ5NoNqmJWNNNnmGyf1BgdBGLmtCZGoDpAK93kVRajHaiwQmmz9XDGTHKMJjG73qtkq1Jv9,272804434,,,0,0
2024-06-19T16:45:55.377Z,tL3Hp1u8CPMENYaUWNnjYTBiEcmUBCu5WiZUBCcSmCCv1XB2NxnMZKGDEqYQa3f4B7HCakXnCUvwRkSNTpwV6hk,272804434,,,0,0
2024-06-19T16:45:55.380Z,4GgPQCbCLwppgWZEDMhPj92eqHkVkNzyHMaY8CLzCxRRBp5TewyraxJYDJa1QhF7TeQXdyTuJKpKPvWTdZUw2wgk,272804434,,,0,0
2024-06-19T16:45:55.384Z,2HGcpTiuovPSrwVfv3HxSH27iTzZ3Df8edb6nTLPJgxvtof5pNYz1frVGwE8nhhCPn8C33uXV9V7BcJqVnKXSTEj,272804434,,,0,0
2024-06-19T16:45:55.390Z,4qwwcwpub4oz4CfP3dTe9jbCsA38HYW44XVW4S6nVp76YgyrNTmGs1DZp3UwFS3rQWJT6byYRPRGMpnLpcWnLTAj,272804434,,,0,0
2024-06-19T16:45:55.388Z,36ctxt8nxeuFhvUMveggWFDyJy2BPdWShkRyAfd9WkHpmAt96cjBgxtzHvoMZRB4GPGT2zLFkAroofERwitX3s8Y,272804434,,,0,0
2024-06-19T16:45:55.393Z,yaUhpZt8AW1cj4wNsqCXNmUCg4hinfT7GJagMN1DKnv5ksckJpAEC8n46WcTyTUEwgtB5o6Gkcriku5K38zyAaL,272804434,,,0,0
2024-06-19T16:45:55.395Z,5aL8aHZd5jivjCt9Za1UtocSmh3QLfFyDHScSS4Xo4Y3XkKq1siHrGGkhy2YpgsjcLUwKsc2hAWHd8QuDHbskNm9,272804434,,,0,0
2024-06-19T16:45:55.399Z,z6J2hsCdAxwobYRmB6e5qLzGhpTdogDhvZi6rM6CZXF5ymCp2empbns9ZqfHoQ7sXuVrCfBHgkfwxwcQbKeV5xQ,272804434,,,0,0
2024-06-19T16:45:55.386Z,oz4KtjUDZZZRT4ibKFvg25yN5wgir4TMX9mAzYvamnheWXpHafUs25CZckbf5Fim2vFWWEUB7rs9kktzHwR1KMt,272804434,,,0,0
2024-06-19T16:45:55.402Z,28EkHZ68WRnLYYfJdCwvWVyypR1mc7FrRcf4JaPrLrYixc8eDYhFfBZt6y6oG7iCzL3x5x7wo9sywps6TTxRsr5H,272804434,,,0,0
2024-06-19T16:45:55.397Z,5idP5wLLvt65PbqmmjDmZU7HoajQ9nvdsYKL7bfEYgGn7Dj7YQs39uExUvSbbrSH7o9JSzRhmWQYLY8EEzDQREyH,272804434,,,0,0
2024-06-19T16:45:55.409Z,D3srDT5MGiwwbAgaLXN5zVwBnFKe5ZrUdeSseRujbg62ATAA9ZJe1cWThuoYNUqNzkkBXJcfLDG1pPupGWTtpZm,272804434,,,0,0
2024-06-19T16:45:55.407Z,4bFJ1Tfw6rf9RVh97KipqbMwfYYQbARpvvr2E3aVJLLSmEXCNnrePpGwF9YUx9vaKTutS7WW25fETxamrwTL5ZLq,272804434,,,0,0
2024-06-19T16:45:55.411Z,55RD658BPS4pL4qoqBA8LJvEPKGSuxPRLZLF9d8ji2d96XmqXFCEk7GZDQsmVyFMCA5Dio8n9VFvYAB1mPhEd2Nm,272804434,,,0,0
2024-06-19T16:45:55.416Z,4RwEbvkSHvLjKwmESVc45Zk8a9vhieE5WXRpw9P8veoC6bgSBBRtqLdnrshnpKrV5ium5Uhe6xcGGEKw38kpFTxh,272804434,,,0,0
2024-06-19T16:45:55.404Z,UJp8hyHzQKah5QKujmX3f7kbLiDJhQFL3drQuqT76takDDhsmapa8nYrYVbqKwpUVdC5NM2SKV2U845rFD7TDwo,272804434,,,0,0
2024-06-19T16:45:55.418Z,5oGum2ioybNWyL7MwBS7ijtMnTMNjoKWbjNMBuayZEkqoduPt1zeDvzk3QKXCS2N8GU6V6Usg2PQm9Kx6smrUmYA,272804434,,,0,0
2024-06-19T16:45:55.414Z,2q18QPvxDbwv2MkaJdCbiQLye9JBRsud8hnqELs1wVfLPv3FZPndpHDvhERZMg3iQPGmi8cHSUHTsC5tbspApCHD,272804434,,,0,0
2024-06-19T16:45:55.419Z,24stCTiVJJfqPebiZrzMNYfQQar57iWKuZkPYDyFexMb7gakiFXHY9ebEkhXUvZicACA2WKXbm8VkjCJTnhD36ED,272804434,,,0,0
2024-06-19T16:45:55.425Z,gJcRgs5WGVP9z7M1sUuo6tYU2YaaBeEgvD45JYeQP41dE29UV51HwhHFrHa3TYkvpoCBRYSRgCHsuVPwJw8VCta,272804434,,,0,0
2024-06-19T16:45:55.424Z,3ZZ3MTkTC9roCCSpzpJ77eMJUGJgTjc8o7qcFiCKpZLGyBhm5zz5J7sLbnh1fup3Tc5AF53Y3uRj2f9syKpQqXEB,272804434,,,0,0
2024-06-19T16:45:55.430Z,2hVJi2WwbSziko4XRfPF8hwtsVk89W2xHNf3vXcsdq1XZxPbq6569pjhUZDiu8zQpjJHJjyVKFBmtaxxuQP37hkZ,272804434,,,0,0
2024-06-19T16:45:55.433Z,Lbw19ocMo6q76oiAhC3f7Rjc34Es5Jxgi1ddR1rWPRCo3vLjjrCKQktcB5v9ZZzVcRLeMV4dZeFXZQjCMiD1uDV,272804434,,,0,0
2024-06-19T16:45:55.421Z,4eoEpuRsnvx9KT1xUD8qJexihHyWbWtV4yNHreT3jNanqqUUDrNGzT6m8SVkgD9beAXv3hiDjdAPQjqf6VsVi34b,272804434,,,0,0
2024-06-19T16:45:55.436Z,2YiNTCEGTovTy6MdhzZvcswcvP68MthBqP8fpH5zU6jF7aUmZdMSs9kYuDzmT1t6RDMYdnQmRF6WvT75NqhPKpb2,272804434,,,0,0
2024-06-19T16:45:55.428Z,4XpxeqhNV3QsHVskJQn3hgabck9dYS1jNdTndHzd6HPX8wsL4wC4gUSwf3HBNsaRztqn7c2hqUPq6ZYW2XtgfEqF,272804434,,,0,0
2024-06-19T16:45:55.438Z,3taaa7rn8eLESh2wUsc8ST1mDoCth1Qp2wPyEwVHo4iBLQy5gojXjHaFmh3SSChzxp8wbjSiLrfq6PRaTjExQnA8,272804434,,,0,0
2024-06-19T16:45:55.439Z,678cURNpRqHFUMRHTDghB3zPL8Vnnzy5ui6D4BRh14aixPV5ZeYY1RtgC6dGAn6vVTVghENccfDc1fpypZDwBAXE,272804434,,,0,0
2024-06-19T16:45:55.442Z,2pUsyqc6NJtn369qjWQdWNd2itqwCYgD41Ahoi1rVMGq2A22W9Sex9FXPF3PwWsjjukhaU3DDNurPsLrFn5H1UGS,272804434,,,0,0
2024-06-19T16:45:55.444Z,5fNoBGs84jUZu2xeLknWJUEVQ6ZVukLUfSBS5NnuVyjUp78Nna4gsWYnt6sqhuwN98PXCPbDwg2L1LKGNnQJymy,272804434,,,0,0
2024-06-19T16:45:55.445Z,373agygn6G37GfZSpNC9a9ThJRc6EUAw8hXYP6FuoxgBwwLNUPxxSkaH4M6GoYPJ9eJ9N9Pi2CKbiWQ7J1by9VCa,272804434,,,0,0
2024-06-19T16:45:55.450Z,3frQT41NYH264zPwe3zDdyD6GUwAUGac3j98DRFCYjU9Quu7xGrp4mLvkaroGp4nXJZqSCgLD4nttZVWTsworL7z,272804434,,,0,0
2024-06-19T16:45:55.447Z,54wuYhuu7n9UUVhQHjkcQ4fSGeH6VQH7aDQYJGHEoPH7yEVBskn6pBMLiYgRd66pJQaRB3QgnFGHannBdKMeUHw4,272804434,,,0,0
2024-06-19T16:45:55.449Z,Zaosv1qVH51zZuuoQ41huGEiKLp5wHxLAMiciRwyj9fZgqVzUidc3fg83Dd87FaSQZz9GQ1JR7NydiBBG3zhtEa,272804434,,,0,0
2024-06-19T16:45:55.453Z,3qQuQwJQY9k3XFa6jQYrraQw4aLUQf1P4W5i3i44NenGMdenK2LFjD7MBR95Wb6CA9q21Pcy5vQRsijMCkq5mkjL,272804434,,,0,0
2024-06-19T16:45:55.455Z,2NsGRxnXKqDsU5BLs2sroWi61U6phs2HwrxVQp1q97uhQu4yMfhDtX3zR4QQr6CfvCaNoeRWYWsqZq4LjaVwhkMF,272804434,,,0,0
2024-06-19T16:45:55.451Z,4TUf3W8TxE5H74kjWb4YqGzt2KbhY5y9KXW7wLrJZjvzycRRSQcK5dpraEeoaKKRuZfhQwyZM5xdVQ6aGTuV5heX,272804434,,,0,0
2024-06-19T16:45:55.459Z,3sS76XB5UuBo1chxUG6hVHUBpQMESiEXhX3jrsfL8NxecnUFyA5uBtZS3XvXTn9GAnAbZJwGW52kM1SAjVEMnypS,272804434,,,0,0
2024-06-19T16:45:55.457Z,41jpP9uB7NFmc67Fq6zZLJaA3KjqEGqMnTjg1aH7i2R8ja4osz8Vx5Zz5238zhsEcMpTBA8VTzviuXPomiG7P36m,272804434,,,0,0
2024-06-19T16:45:55.461Z,3X1LJVcKJW7mKioTHhaPQzNMhKErhqhRAmS4jmZ2iuBa3ujjDdAuT5YmAxE7jsVdamDrX5C5yqH3z91jthRQ21c1,272804434,,,0,0
2024-06-19T16:45:55.466Z,67pMVhmZ4pKrYXSUJW3qQkmMFVojvYTXg34wJZ5fHPJUj9pHDJzF9wP4Fz7vtx4WUXGcB2BLLGC1z6ry5PRKrHsp,272804434,,,0,0
2024-06-19T16:45:55.462Z,2ySW6UqxAVb1SMLixmniUJHvCQzomeChqZpVvFt14t2CHQ8u3vKFacB6SQy2es7FyQQtAL4zxeM1wD8eXk31fTsN,272804434,,,0,0
2024-06-19T16:45:55.471Z,62GU8PZS2ogP7PAApQX5zQaG4EMDze9s8F458tkSK2BaPmGz9jtZrw9nEh4nDsgib7yPJf8fk4rqAKGoHTrZppkx,272804434,,,0,0
2024-06-19T16:45:55.476Z,7DyFwEuZc127WVyUD4EE9mGYfMsRDKRh2vr9BNbQPqAM5ZxU9XyNe53jFn1pc3mHyY6evrYyLpm8kUyFD8jGrbJ,272804434,,,0,0
2024-06-19T16:45:55.464Z,4GMQEm1bhYmfp5sKWJC9Btbcmg8LQ8qVgfeq3ftRDP47uqbFCSCvDaC8FhrDuXGV6PBq9BKg9UjeWgFrzWmgcNNb,272804434,,,0,0
2024-06-19T16:45:55.478Z,47sP2vAFViTR5Vf6i5p9Twi7B46Hg5UEDkDAqNXrxpLs1G5cq7MmK7sPixVj3JNgPoNFddj1xbyUFsbQPLoCCEhx,272804434,,,0,0
2024-06-19T16:45:55.474Z,2D6sxnQ62VF8CTGnn2CjNBkfBUs6GgibBm3MMgy4UHn7Z2CXGZB7RVSDrZ3mY54EXhqXk1Er9awdNbSjN1A278z3,272804434,,,0,0
2024-06-19T16:45:55.469Z,37mbTVCqKLbbXDb4jJaMVTiyeXmTJqGwet1fSu8DoWszk5Eq95SfCNwCByyyNmW4SVArEJ5GnjDi2Auwu6gffQbn,272804434,,,0,0
2024-06-19T16:45:55.481Z,4XHu3WHkNw7ZLjGMtUFCfuhCTFABWq1CmK4TGTmSCA4V5SYpEEPb3CVsPjdeSoT8D2YxrR1ThCtKXfwswWpSfMmR,272804434,,,0,0
2024-06-19T16:45:55.485Z,5caLxrnmGXnb94XC5uiKPq5j3gykYCWXkuj6q5XjgK8ZsNzaqV6zpWD6dFigUidqsNVidRvvvLk6VuVZAoi3qaEs,272804434,,,0,0
2024-06-19T16:45:55.480Z,3yxnQBFhpdtFHLztE4tAQHArgBHeKTzavZBMRgfH5ikkbp9cDaCj35aKvsK7PrzKGmoy1LCNNFeEV5nXMmdjcW6t,272804434,,,0,0
2024-06-19T16:45:55.486Z,3j3jhY6FzYzm4pvgwnAXQPMuNREhXAGtC5cJyhwgVjdCCfkGLvVM4BFC5CrPNweXwuv3NYX8UjFvyHEbwLjRfVMY,272804434,,,0,0
2024-06-19T16:45:55.483Z,2GYJ3fbmCf2wSDPAtWFWjBcPZPQ4ThPWFvBYzw3DU7FCJ4sYZm73ZwndiMYVbwc6T2ZFdQS55sLbJYPzoX3HU71u,272804434,,,0,0
2024-06-19T16:45:55.490Z,4GdDfq4Q2k3xFN5b4Bsy39xGDgQQhgRLaK6rd7EYQLBorqbHMXu91NpbnYCz9QVYFJE4rSuuzKKkR8pnoFdYMSx1,272804434,,,0,0
2024-06-19T16:45:55.494Z,3PMt74M5SkYWKxnw2jXgbea59GR8YTuigbo6GCsRbZaHvj2VADdoaD9rnFNoG9EJshgS5ap9avTp9rZUGtP5uNtk,272804434,,,0,0
2024-06-19T16:45:55.489Z,KUy6DuY6KynhB9XMX4MfDA2wM7vMbjTCFcYpFRmPMZG6KWD2sTAXUTGCPxK39oq5hogTotqviTgCrPTmZn246xs,272804434,,,0,0
2024-06-19T16:45:55.493Z,41eGpy6M3EFXQxZ9LqqGyfWNEofnML4YQHjYxVrEEYrnTmKPuPQEgjehvY3oXUWW4RgK8D2Nhkoz1XFKbANzEUFY,272804434,,,0,0
2024-06-19T16:45:55.496Z,TX9Ez4kT6dAVJTdE3mDDUkFD4eyyHHPhoUNQd1tPSWMYYp44DKzdf8jKLTrCZMY7QGcoVrL8LhnjnrT7XApB35v,272804434,,,0,0
2024-06-19T16:45:55.502Z,4fbgeRMxqagTTXFQJxsST547fWq5UNZhtP6VVgzmUJoe6VdpeijtLs7Quv3EmMSTdL5N1S1di6iZfdWdWvngxax7,272804434,,,0,0
2024-06-19T16:45:55.500Z,FMvXRxXqNoPZ3AMU9kXFUDWwFHsGNNbDAFChMdKuxH6ATq8YufuE4QBPDhXRXA2yf9peQP6qAk7TyDbSWTSpH4p,272804434,,,0,0
2024-06-19T16:45:55.508Z,4pDmq6TEd6Enpo4JHExV5GDDr2tNAeJS4dq24jzL7raDsSUBoZuQGcpu6AZPTVcJ2mfLVtwvPpXnBzgaDx87SVav,272804434,,,0,0
2024-06-19T16:45:55.498Z,JMA1jjUPjgkzL65R8BFBwXRCJs5wf9L1oMM6Lb8Y1Vhcctchq292g8Lk5qEfvF3NeMMf2BJ99jw3cV86BSLv6dF,272804434,,,0,0
2024-06-19T16:45:55.509Z,3FdV6HB4nJ1CuopjqBXypBhCuD5iUxsru8o6ekABy5fARLN4kd7BdwiuLTfWhtPyUh9saZvM7njQtTA6okttjFS4,272804434,,,0,0
2024-06-19T16:45:55.511Z,ETrFHW64BYrvFwd3ZoHJvowXgb3PUsbaB84HfQ7ov4GamyqYtZtsEGf1KpDufQyAbxknwu73uDLfi91tG2Bt4KH,272804434,,,0,0
2024-06-19T16:45:55.513Z,393Van1wNCp6mXD2x9n6PJUn6AD25Sdu4xVEVUKiRUGnAjSieBdYmkax51XwmKi93giu3qvmd3H2GsVwfkbzfXFW,272804434,,,0,0
2024-06-19T16:45:55.515Z,DLazuE5SVn5ZkkGNtNAVofHibP4kghHrZqpKM1Ccru9SF6NvhSjkmiz5NjwCN4Xacvx6xgGxQKoWMmcB1ojZjbE,272804434,,,0,0
2024-06-19T16:45:55.517Z,2VtFYZk74xieeG6pwMBtGWjrm2jMVVTh1LcXe2BSJ6Cnw2LrBb7gcRrJXpRFpvMuS6XUTW8LAk7FGN35VccaFwW5,272804434,,,0,0
2024-06-19T16:45:55.521Z,5GyfLyq1rMRj6KGU1ZSThpVKdoVGLacG9FWLwUuPDUXquTt6grARF91HVBR4VapATaAvF6ZsUHykgZbGD1dgNnZw,272804434,,,0,0
2024-06-19T16:45:55.525Z,2B9CxRD3xwKgaxZYeEC8Em1dQ3C9PJPAzturpacFuYGwWW8H64efobxtFsMtSoHDRq6QXsM59MYyLqK7y9yStkoF,272804434,,,0,0
2024-06-19T16:45:55.528Z,53ncQbULT8YvxJ5cQCHwaBGC2QnX7omCQEtgGAufBiFLK5fBLpSMbHDeGM5ukM7oWJ4YJTVLFhMZkYjoXQccbHRx,272804434,,,0,0
2024-06-19T16:45:55.505Z,aBeB3vReUD9AmzLZ3U8JBKcGyEv2RdddmKasZCdscmJqgZq6BTMDFwsrLmHAB6wjK1LXAXaFuM3W13796tx3pst,272804434,,,0,0
2024-06-19T16:45:55.526Z,379DpaJHCLWGJy2rA6SCoLJh2zjEDYLvoJmEDMCDbaKzvSEj4pNcqPU1g8GVgkzjL1QGdz9FNht9VtR1A4BsN6R2,272804434,,,0,0
2024-06-19T16:45:55.535Z,2a5A9gf14d2jAWpWq6JgouhebzG2h8cspDtVB1uuQXKLQbyT56pye7xCds3QrPyobws14fidMgWnUJeCBtBKj3PM,272804434,,,0,0
2024-06-19T16:45:55.537Z,3Vom3zkUfWrLpf9GwVgWiRNbn3gkm94DDXLoPC9pANEM1p8A2Uqjdx2gNvRu1vF6XCmyQ6bz4ZpdNC4Z3SoFqRdd,272804434,,,0,0
2024-06-19T16:45:55.531Z,39qCppe1wSn6omPRBsHsW2qfFaij3ymfMsPnU3eY6ErkFwpEAzCSMu311qZehcjhSBGXPEBhT1dKmf2y6c7WHkMX,272804434,,,0,0
2024-06-19T16:45:55.534Z,5qvTR4hRBajPsjqcA3RGpGdbqGRy1JaVeMr6Gp1SWPNyHGU5RubBU2nRDeQGGakpBkke85SaCd881mr4NXvWZ1h7,272804434,,,0,0
2024-06-19T16:45:55.548Z,5HuPwc3Dh4VkoQqqAH4XEekzCh1EUxDSGkKEbrr8ebDDh89gZQNRWaPQzNDF66NDs3g2fa1ohaVUmhxV4qtbxe4C,272804434,,,0,0
2024-06-19T16:45:55.546Z,3fDrWVwoCsxPQPjvMUzw7YV28MvsWMFW122Xe4upcfiEN82U4PBM1Qx8uW1BjsjRgrRfg1bBLc7QP28kqAh31Nb4,272804434,,,0,0
2024-06-19T16:45:55.551Z,oYxwyxxHHyDir1G4A9CXyyLueVLJjB6sTgLESK5Nt5Uk47kqXZVeDCSt48bXPtj49UW9iPNBd1Ukj4ze6TMSnej,272804434,,,0,0
2024-06-19T16:45:55.550Z,3CRGeZ1e1sC6dcKNjvBgMk3dYAoH7PMc5e8CSiL7FKfevCNbL58NxqiKMfuqoe6B2sxz4oZdxYiNuu4hgKiRFrkN,272804434,,,0,0
2024-06-19T16:45:55.556Z,SESZRUs2MRG2sQJZNHd61iVdA5i6rPdjoNGbEDtuf9UzNcrnVN5vRCtLLSX5fgnKdG5BtGAKEd7VE2aozcZqRY4,272804434,,,0,0
2024-06-19T16:45:55.553Z,48CajrTVBCsoSwKBtZYXtCZWsAsRESb5KC4kfkadusV9jEuwJCsjKZYLQLp8fTk2qHMWYoA2XZCaTerZ4C4xAEUe,272804434,,,0,0
2024-06-19T16:45:55.543Z,4Z4xBPdF9UMtrC1b36rZy2PHxXvHRwaqo5xn4ynXQCBrQL3bjTbNeCPu3XY2e2vFH9tNtCY48itJ1hD7po9H2rzC,272804434,,,0,0
2024-06-19T16:45:55.558Z,33NaHty8YT95pHnrYh7AbGWFZn9JuPQzTBjrx6Hs7z7d1xLUVXRMpzA1dy6UA7WykD65vqeLo2ARcfKCghCDmbUb,272804434,,,0,0
2024-06-19T16:45:55.560Z,4hmjxL9RX3RfRZ4JND7tXGbaZckU1exJEix5WCB286S5QG8waCHXTbsFbtFDwUuntWKvDengH7wsgttWA5zV1ByF,272804434,,,0,0
2024-06-19T16:45:55.566Z,tVX7t4WemVafkgMdjG9DQKLKJQXaPRc2msu6LiGGCkNtANvFQQn4eeZByhWmAPK6ov7vmr6b8P52GnniQbPYyQy,272804434,,,0,0
2024-06-19T16:45:55.562Z,2FdNJPoTuH8mrnSfKyFDXByaHXpR5LjZfFntVyX5171LycMmAREEX6tu1xpTqUZv7XyCXbS6A17tSzZDFjeyKLsR,272804434,,,0,0
2024-06-19T16:45:55.568Z,34mjqmz1pnyJnMz14ZtciG8kmJJ94ddycmreZpaJ8uFmN4poMQcmuyGMsmF4JdqwjjuHdUm6iiVrgmgjqXnkFEyA,272804434,,,0,0
2024-06-19T16:45:55.572Z,pHVoPhJXvj6MS35RzZBJrv6uz7yG7bMUDBAq48EAc2AnGyNFjBUy5Bf2uiXfm1iWQv6jkPhTdbNLFurLSGKTp5y,272804434,,,0,0
2024-06-19T16:45:55.569Z,2gRqGSUuEJs684rdDY4ftcJ2webGezTU1JKppmZsADHh3GMhEraPeuCLQyjgcTWXPd4YohVKoaMbxvur1eBkBSSQ,272804434,,,0,0
2024-06-19T16:45:55.576Z,tZ2Yxz6NeBB28wUbNwphmysBVwZsWRisXi7RS4oVDsQtGAWLhSTc9dpaEyZ4G7JNfP7qgmQ6fgun751YwFCut6j,272804434,,,0,0
2024-06-19T16:45:55.574Z,4UczcBntcJei25BvCpQRyTYZnpbirZQYZZgxc5m9awmxPhaJyjZZzZzDUzGUsfeFLscubjGvj98A9Wn7fwJvhmYX,272804434,,,0,0
2024-06-19T16:45:55.564Z,mL3qdwGoWjFqkDYkjZYV5TnUjzMPmbJgrifjMmxsbmRwYum5mYNYWsUR2XULPUjW2QhNZ3Rd5EEeHDd32KcAgx6,272804434,,,0,0
2024-06-19T16:45:55.579Z,4GD9zkSZ3bWvamwAoCc72vL9zRwLXjpXofUpes2WdKGoLSwrGn7BgovcgrhwYCbTCtomzethC7LCbKJ9psoyxWEq,272804434,,,0,0
2024-06-19T16:45:55.578Z,YrBrxcqiYJRgg97BcRkJ22s8NKSwzS68eQnvsHbEYMT4oB7Mii7q9UvhLMdfhejvo1TX54deivz7U38qEsvQKvN,272804434,,,0,0
2024-06-19T16:45:55.583Z,2GG39ch4pJbHnALtjW9jVmZ1uW8yV7smvEb7dfAnj4UWkcSEBy7BznhYMsAWwZkewQSmNg3GmzxLRkvzaLbuGGbX,272804434,,,0,0
2024-06-19T16:45:55.586Z,3ZAbCRvBGY9bKYeau8F4ufCL4Z3yYFe4r3vdMNh2vT6p5HCnig6umWaQGSDzqEeWPsHY7Y8zR9Ust4TuSxc6o4zE,272804434,,,0,0
2024-06-19T16:45:55.581Z,bWHCpZVFdK3ZSxc5drAvUAn13Ke5P9FJi8NK9CzZK9HZfpRsq5ChBrqrD4UNH6H9hibULhpNTJBdZYJLPQ4nMxg,272804434,,,0,0
2024-06-19T16:45:55.585Z,5EfRAmwFQCxwe1aaXfxQahjTdGYrYqPw2v2no9ijcXV3BZBNfJfXuoyhwiZBz7p7gH3NWMcC8KQh364FXAudqLSv,272804434,,,0,0
2024-06-19T16:45:55.593Z,EcnwHHLZ7q1ELEmbpQXp7FEXf7T6zsQVbKPJj2gm7a9eo97dnYcZphntzyJTb24XqyiqhffLe7iv1F4XqMHfgh9,272804434,,,0,0
2024-06-19T16:45:55.588Z,1vmg2TA8yTrL2gYi94mADbxjsAXAKoBoqb2nw1LyyhubHntK5KYpy1sMg8GrNXLo4AMxChEQFgN7uF2cBgca4ub,272804434,,,0,0
2024-06-19T16:45:55.591Z,26mftLQbC9oENS29nxSppxeFPkSzjKMKgTGUCuH19X1usFVA3VbfVHqbuhASPbn76RwsNNXXqRmAp8dCfh8LtTg4,272804434,,,0,0
2024-06-19T16:45:55.598Z,2ZYG88BZptpTRE9Ccv3BBa9xQPUHuvWEYzV7TytFDN5WhJkMSefLFZ68yUnVFRtNKQ6xp6nnavrM4Wd3eeMJghgm,272804434,,,0,0
2024-06-19T16:45:55.601Z,ySgib5dKYyKqRoyucocXu5U2abmSihbfgzRyjERtux8B9eKwcUuvZNgr1wzWEEWYYm6mZHrhcq6Ko1mJ6dHK1m5,272804434,,,0,0
2024-06-19T16:45:55.596Z,2DMx1Ywz3MisRUxhvQzVB7KHHzWSz7meAsxMLkrZWAnoFeGWnLHBjo4GfMyY3wKBs1pAyT6sK9p666snEhAFsCMb,272804434,,,0,0
2024-06-19T16:45:55.605Z,254LFakSuNR8rnbN56kZao369j3Ss2LMaxan3jccWBWXosiQNTizn1rZr7UPZyh63kN7URwJY52Zfyyc7pKzb6VM,272804435,,,0,0
2024-06-19T16:45:55.607Z,4gT2Qv7PyPfhxyu7BHFuNge51McuJwwq2UtkzZ3m8VGA52ETUQtugmya5bpShUS6ZLECJ9V2g14U5GJjFEzKAmsN,272804435,,,0,0
2024-06-19T16:45:55.594Z,5SVMmDvKc1AFkHwGDPWVSMqn86Pa1ZEAbkK13G8Bvtm4GzeRW1HMZwsZxdhss6Z3RnZH9DYSFgAQ4eUXcsNyCGoa,272804434,,,0,0
2024-06-19T16:45:55.603Z,4eP65Ay8rxtgGcKDRvJ9nd57eAhYTVQcYbqLEm3eknWv1oj7KkGvAbWbiph3fhYQo58us1xwYqRUXFzzoruxmqQ6,272804435,,,0,0
2024-06-19T16:45:55.614Z,2p1ZGc3FB9aY86VydxCtqzKCTtWnJwaMdCZrp5eKf87dK1jQuhKaiNqeYy11XERPeWv4hYHcFDvJEqCoFkntbPok,272804435,,,0,0
2024-06-19T16:45:55.610Z,2BZwyRSLpmb1N3Wnt6dPGqe1XbYC9VgTinaDNJELBD7vXJiYWbn2y2TfEnyWDzuPkqpCCndY7r1J377PtEzmF3ib,272804435,,,0,0
2024-06-19T16:45:55.619Z,3ypVGwLz9Akb3py54sCrnLEzBV4TbtqgzffPzTJxhDEtQGhtpQrpYFT4H3jjnhHAveinHUcdsTP3aG5ACSCLZr2a,272804435,,,0,0
2024-06-19T16:45:55.613Z,3Nq1u3N6VPGhAnyH5KigfBpCDTRh7DEZVZB4FpKaziCGm2ZvND8jKZWtcZiqupCoBUUyamoP6YxMgUtZ8aihw3LW,272804435,,,0,0
2024-06-19T16:45:55.624Z,4ubmagPvSxMxLkanDEW8m86atRi4gFitqXgaJLCdY4wc9Hxkn4C4TnieWNVzgPC3DXHeUTat1odzGYb89dDNz13,272804435,,,0,0
2024-06-19T16:45:55.617Z,2M9h3jMEG8C5hR9jAowRKFJ67MFsNE6uwYYN3zH7ERDKrWHFAa8n8wPmVE7cXu5bRt63rk9aLVNYyHT7ywDySuUq,272804435,,,0,0
2024-06-19T16:45:55.627Z,5JKGMK3nvNwbEEx5vTVHubWV5KAvk9PvA3Znq3cMh6JXvBFzTSztAJGs41WmUQFgEmXhwRqEWbNhxsQT4Ahg6WqY,272804435,,,0,0
2024-06-19T16:45:55.621Z,5fQcxBbZi8uhwDEn8t1ufJQ9ZMNRLSyYECVYdicS5MEhWw1pJAWnDGBPJAeUvvRKaU61Y2m11CdvZQVbnF4CFJgL,272804435,,,0,0
2024-06-19T16:45:55.626Z,3JZUpDQ5m4nvrvufmCcmqjR2KZe16ThxWVzifQsMB7DgGo2BAifZAWtCdyZ13AwSk8j7ykPSaPQzA2SCpXJqqTQ9,272804435,,,0,0
2024-06-19T16:45:55.630Z,2AmkK8ev88BjUK6DgwM4vqcbtTdpFqTgtrkKJcdLPf4csgH9zju2ADbadaewPqsicfRHFQBTeTt8fMyqWNd1f84k,272804435,,,0,0
2024-06-19T16:45:55.636Z,2CCi2pJzC62uHbDTMdzF4D7X458VsHWbaQUBAUMpTdrKQyuxiHD2aGK7omxdiN8EopMmGZjTAAS6TLwVNHU5XeGZ,272804435,,,0,0
2024-06-19T16:45:55.632Z,Fr4izk6WcL9AX7DAV8jYME4bSA7XJUmCaNpfBZqxYRcbtRGaycg19UoNn4jFu8Js3t4vNZZTsYASiqdcWh3aMAm,272804435,,,0,0
2024-06-19T16:45:55.639Z,538hD8U5aymiNKu6AWcuFm1KVmKNkopQpQXi7f7D3nxDFf22LXpLYgetFVoVCxNbUcQAtCKA9BWNAaTDAqZpURcE,272804435,,,0,0
2024-06-19T16:45:55.644Z,58bSxcmAmrLh8qUX6WS3Zm2BgxdN7VykNeCiJyMBFkfgTfrwSSGwbRqvXjbq9FYow6XyvK12HxMBTC2ugXWkHrXD,272804435,,,0,0
2024-06-19T16:45:55.634Z,67og1icpEZpb5eSi9cT8s6XhwrYefRDfJmrDYJec79LtXEQbf6aXPUoRCXHq3rTKFgaaNUBBe46TRf7ADErCYHBM,272804435,,,0,0
2024-06-19T16:45:55.646Z,2RRZBrBhijEX1baLnE8rxyfBui72fpRpsJw5foJRzsh4LYaTNyNgLa6q12upv9Ld1SqRmiuKhw9TAgVpcppuACF9,272804435,,,0,0
2024-06-19T16:45:55.642Z,xBFn8oRTgSspJFHoiZuthXuLb1dC2uEnwmQNVVe6dtSPZo8t8HgqnNLtFyUcXa5YffQvnaj4L6PejnaSmqgaPNT,272804435,,,0,0
2024-06-19T16:45:55.648Z,VBKP3Jd7yZmQoektDxGUZdC8GxSx1hiDawkGwk9U8odEb5JhDC72FQV1GoqUFcvWbwD3cwiuvwrJ8pBmj5qibNL,272804435,,,0,0
2024-06-19T16:45:55.650Z,2ksxmGeGmbZv532PMU7hBh4rjjc4JYDSYsLr6yy43E72kTjh9rkJLQAvpHZRyxLwYNXtbYeVpjePuJavoiDCxjK7,272804435,,,0,0
2024-06-19T16:45:55.654Z,WcEHUMtgNgirYorzp9mCzbcc5dVpQP7rSJKh2t6PUfJp6kPqphMKvTzpfXRmb5cKL9GanSk77uj2KpXRjMENFc4,272804435,,,0,0
2024-06-19T16:45:55.658Z,5ZGnNRmKduETogLu5SQLoM4q9pdcWCRoj54MppkTSnAzS7jUx7X5cESwbnQDjdHXanQ5DcZDt5uL7Dt3DTc3Np3w,272804435,,,0,0
2024-06-19T16:45:55.660Z,3B9nhF2oU2YboMn1i3xfCZXGyC4n825w3emZnaW3ZeBJEdNSyhjFavN2t3zazpmnCfCEJuFcHK8mvqBrwuSV3vgL,272804435,,,0,0
2024-06-19T16:45:55.664Z,abBveYyjyMEpdzmBiA64CNKqjGYFhyCDCa3NnXgvJ2rS2Nnh6F9VVJMkKmgZNVrKieB1vFp8z3oqWiq8256ZGwc,272804435,,,0,0
2024-06-19T16:45:55.652Z,5BmM67WrpBUeUFmkfPMgHQbG1GLjx29XrpK2AAcepvicD1F1QVQVHNz1sAY43mJuKdAFiS1wX5iCGJ8yoUJFv64U,272804435,,,0,0
2024-06-19T16:45:55.666Z,62a92CcnoiwwcDmpM5VZrPZis8RsnmxtKYTJJNdHu9s7ZDnVUWrU3yUGggRJBoTo4R7C3yh7tnV7UNynx4P2Y1KE,272804435,,,0,0
2024-06-19T16:45:55.662Z,wJnLJyvAvsiNHuEGtnVetpaSuw5kDy9kkLT85Dw9Y42yroouxfNxdpEt4LubaA7nQx55FCc3tTUYsvcjkJZ7PWH,272804435,,,0,0
2024-06-19T16:45:55.669Z,f9UGMaK1cWQMVMJ8oBjKRigbtZarSSJF2FkMsZqFqCqLycGNStuKAvgY6a6np3Fzo3MjoAgPYev5LKYpSUMAfBW,272804435,,,0,0
2024-06-19T16:45:55.674Z,3fZYYQ4WkA9AcGv1LUHfKtUnYZfkVWuCeGWezpF5u1f1inmmdJVXWq9vVyQjEfbTtaBpHVRceVo7a7pNxESUUHLm,272804435,,,0,0
2024-06-19T16:45:55.680Z,SrDyj8CeG2ZtyBxdfimExfS9wbdjfMQLuaEXrG3RbSAu4CF4cX4Drs5szt9FEBH8pFPURQEYtg5sgdV47UJkCDU,272804435,,,0,0
2024-06-19T16:45:55.677Z,4t6JkvNJa4dbYxWCxuATLUkie9QM7N5fcd63xF59RwxDCgnansfVRnPT9ywszzj7q2SSaBdgM2gznMs9MUEDmrH8,272804435,,,0,0
2024-06-19T16:45:55.683Z,43QKKW5ifWgQCnVwDWG16Ur2R5f7kimKWgtExRjjaYkBaWtVBSd5Apa2zxqZ9RrzoS6yiZLrztBP32fbpzFzeKxs,272804435,,,0,0
2024-06-19T16:45:55.685Z,4qGo1caPifZJJCrK6Y1uU1aSA5rdW8KWgaLNGoy3Ur385885cvzCZ8Yu4rBugv96Knc8dY3yBPkBypN2nhj8gwEw,272804435,,,0,0
2024-06-19T16:45:55.681Z,5DB1x8tfZJGbFvQqdRBwEXkZE7xeStmuKbbhqYbf7PY4hk52xLd2kVdGoVbkDJvQ26AtzyF1pjDS78cCWNDUvQRY,272804435,,,0,0
2024-06-19T16:45:55.687Z,5cTbqVmzUTqCogs7Rex4LibnCnvrh2NYNYWpMnJ4ueu11njUbDjWaYjyPxfi92VcbY2dYz7dkQSoVr7EP2sWttRW,272804435,,,0,0
2024-06-19T16:45:55.672Z,vgjDXwhdfh3FvqYzp98QhqZchHfL5oydWDqFbjQU5QayPetXaoPqihF2Y6qnAC2Xvb7Xx5xLnRLHh1qHuZX5jW8,272804435,,,0,0
2024-06-19T16:45:55.688Z,4APvB3pMve7DVJcmQKLVAsiGP1yo7zcS7BufprG8F9q9BWCWcinqCzMv6KPHDyw9UKUScPR2L3Pvp5rpcPtkXgQM,272804435,,,0,0
2024-06-19T16:45:55.691Z,sTsPCsXALonJxNbQCt6bk389XTrdStdCCe8S7S2NG9vjV8hMtyHwWcfXXBJUy9wRh5BQvLazwqLuXKoWDyezNBJ,272804435,,,0,0
2024-06-19T16:45:55.695Z,3AwiUHxwSq3tBtpEjzN6vXA7KCgKWQtbYviTK1wAyQnHMLvLDfg9bUUsk24QxJiL8zrYDThCDZKzDjkrxPriFYUi,272804435,,,0,0
2024-06-19T16:45:55.693Z,3ikxYL4Q1nTFfCEEPXTpUtxzcMGqD6MvgAFaFoHBCXMHLrWxkhy1Yh3TgqjGWwsNVLJTjRWbbDxteZhffesmcHES,272804435,,,0,0
2024-06-19T16:45:55.706Z,27VQhvZ3z3cyjBKk8w3f8xVn2fqBF2fiixS44pZxF6myYoEZRtE7gS9EdrkMvmw6fg6QmREigLHDmH7NcCNDc9nc,272804435,,,0,0
2024-06-19T16:45:55.711Z,3w2MRTTdVVBxuzmk6Lm2Kzmv9thGhVAcss6CbZFeEjRoRj1jpv6S1rtXPzC56FodQ1Ki3ktSY756JTm8U7iq65ca,272804435,,,0,0
2024-06-19T16:45:55.697Z,4AW5ns1yCejEXQGuAoPWsJgvZqPLmpAvY8H79iQWS44RoDDjPZjZQJ6rFUKfg8VcwwVicvqLRmBnLgVNbmsPo1Yn,272804435,,,0,0
2024-06-19T16:45:55.716Z,4AeqqWDCh7vNkKF3epjrQcoGxcKsKp8mJ29GQ1uwDZZJWifW4KVyWsRsnG94XbWQgg3eEidFvc7mVRCYs5UDZak1,272804435,,,0,0
2024-06-19T16:45:55.714Z,5j7hqkZPTqcKRqZbSo7cpN5VYNKY21ZnCcB4w9f4Aw253o7oJcdAVFkDcyktTvtecBDtEMNZMGAyMAZti7evFZ54,272804435,,,0,0
2024-06-19T16:45:55.720Z,25civFUjhcAveXESrKU1iTT4Hrxdfs7sxtzxRaEds4fSokCmXR6NQPEyygRa3fsq1uxatsAdqP7vyZpSdUMuhE2x,272804435,,,0,0
2024-06-19T16:45:55.718Z,4UsLrJsWKCi4mbFMhtmdbrH99H8xjvFYpEkHgYobfQLjLKc4Xx22uU12i6uKnHoz9q8C8PmqFVDgqnea78gJTB2i,272804435,,,0,0
2024-06-19T16:45:55.701Z,4uV6GERCYFJcDkSoXF8UGZNnd5asJfMjcyMHqYtJXKprd7FssNesXBt2dmZVyZGauaYvUu4Vgg7TwP82DYKnpxEz,272804435,,,0,0
2024-06-19T16:45:55.722Z,2WXeHg7dLSE54aJPN3giAfSHLV9gzM5XhpsrFeZ5Gj4sqpLGaf2vdSCvSojoK4FfJSEq8fz54hWjCR1Mgiv3cqDJ,272804435,,,0,0
2024-06-19T16:45:55.726Z,2qxBJ9ha7SbLJyBTYvHtjmdX6WcGV2SZ2SQ75GNKrGm4u1zHhpLSo8vqp4euWPn41GHKXsGzFfUpiUGZAHRBDhsG,272804435,,,0,0
2024-06-19T16:45:55.727Z,npCYhi4nz36K4TYPBMYX5donp9msKV4YX7ztabcbecvpScqNiny2AxtazZfRKakobdHmKE2T7puNhqRxTremsKU,272804435,,,0,0
2024-06-19T16:45:55.730Z,C6YVqciqkGpnPXMTwbfUACRN1yFHit4eCqvtiyvCp8n5iy2L5UGp81WQ1gGhg1EKGkB1empASPF4duW379z2NSk,272804435,,,0,0
2024-06-19T16:45:55.736Z,5G3rJA92gzKs31n3MwqRi6iWK3EUUqP5irkEGtBVH6H1TULM12Qp1PhNVLZhYNY7gigktXhMZCstPJ2UbmG2eJR3,272804435,,,0,0
2024-06-19T16:45:55.732Z,2rSJ9B9eia2akRLSPamoSW3eyv7ojSSFBqr82PcMJMJpJvc2xLRVPizQVhyzEz7pmH6SMxDe8SNsLJgnkM27TcRb,272804435,,,0,0
2024-06-19T16:45:55.739Z,2uMSanxAabsmdAGsR38rZxM9TMYJBkW75Ji1hF5jazapNA3NZfC8hcBajothNzJeUcPZD5tzYVejiuxzFBrKZcSj,272804435,,,0,0
2024-06-19T16:45:55.742Z,2aGz8dLK2zz8UrDgx6modLxBVJrp1kRnEgFwY2x7uT4kXorPfdWzMue7cJfcSNzXSkKoBUNt27qdmsVTSpz3RoHh,272804435,,,0,0
2024-06-19T16:45:55.749Z,2EP6S3zmxEB9TifF7ouoSLsKNPqjZ3U8LvUgP7X47mGtgUv3scQHA9LUUShpNDw1S6bXRi3eXAcU9FWExRELyrxV,272804435,,,0,0
2024-06-19T16:45:55.747Z,57pbdrd46Rnm4SxvuaiJH7wyJdEYtBd2xfAmagv1RUTn2dRgsuTNWWgpPEq5sSpPygwPfAu5s9RKxGLmkXYxKSDm,272804435,,,0,0
2024-06-19T16:45:55.751Z,KvDkoqzivw4AMdnH2jLv4VVDyo5T7YGEo7yjrkP4WdLPpGaZrb4an4S5VzU1z9dzuZPdonwa4urAvH5zudZaan3,272804435,,,0,0
2024-06-19T16:45:55.754Z,2FD9TEdChQLvRrZhFyqHfoTGu9ZmL83kiXQtggauuH5CbZMb5pQ87CSRYD7TZTQZiqzfudh4PQkunkZGQGVeLzXn,272804435,,,0,0
2024-06-19T16:45:55.756Z,4SDR9BxZHHMo19ENz7F6omswA3mRCvh89ZabFUa5Ngc7WCDUMzLd84VRhGBjJWdLsZbDFk847czyze3KLFkQb1wt,272804435,,,0,0
2024-06-19T16:45:55.758Z,2bNxfcVXJhvCMM3NDKhh5wB2Vtayei4ZpJ2ubNweQg1gD9gsD6BDaEUJDaUQGYK4yhPzFSvntX3psqEHBtzbZG7K,272804435,,,0,0
2024-06-19T16:45:55.761Z,2jRUwbCjvFUNjWYmgWiRr3a3zVqbjNJUdXW5JffPd22vuxLZ8BmWH6SvBinvc4rmwCnpfwEC1g9WUESPLsXsormP,272804435,,,0,0
2024-06-19T16:45:55.745Z,3emHsaESkhqWAtLR2KMCUhszotZrHGJ5ZnCjhqx6KBiQ4sNp4PtowRaHni7fkVEo1YTwVWfpyEYazxReTZS2KgTf,272804435,,,0,0
2024-06-19T16:45:55.767Z,8MGLSLZff68oAHMati79gfKXXLpErivu9dCtSNKwrXWVNU9HJY43fcawmfwdvvvT3Qu6BtPeebxrMJEsyWHxnXp,272804435,,,0,0
2024-06-19T16:45:55.765Z,582jZRGWbaPC1eSz3U8D1uPxgWWyfthYLYLVYMH1hVmSBey5T9g6k7u2drGfsXgfyH6Mi66ncx7HGorUgvYaGFRY,272804435,,,0,0
2024-06-19T16:45:55.770Z,3vVD6GemcQ5NzbgeaVqaG5QRLeEcwgFt82iMk84ttzkVhKeL2CEYBSC9x9JivxXafV5Xu7Cet2f89JB6brw5FmVQ,272804435,,,0,0
2024-06-19T16:45:55.763Z,2ygbTpsStG2nCutcB5fCFdJFS7bsrzgCErvEcyPcDrE71R2wQ29VJgUDbqX4jbtQaJP3KK7ZrW3em3UhJL9X1n3S,272804435,,,0,0
2024-06-19T16:45:55.774Z,2dMqA9qV52QbG5ngnGRknD2ugjeA5xxh9aZGW5wsm3G5JxNdgcPrVT6i8dRkM1gYuaXzt2kJv3PxFK27E8tizncu,272804435,,,0,0
2024-06-19T16:45:55.772Z,5rYGHJdUcocG6X7Ut432fEFQ9zTJ3Msxr5Wv728DM5syqjUnvAUoHNPCu3P9hKCCpApkGnHBSDwuhCngTnUwWL6r,272804435,,,0,0
2024-06-19T16:45:55.778Z,EFYdPADMBNvTyPJJoqh7jGCY7nmuUqFUuxUYC9UvqrUR7v17BEH999otmQNbFugQM1DX5zc34LPNDp7zy7x36ZK,272804435,,,0,0
2024-06-19T16:45:55.779Z,5UEEFB9xBmkyqR38jExJi5pUtuZfYBsoGZ1RWNRAqVriD8dJRL4URe4arHHW9eDMppKWTGz6faNTqivxUSG3LS6q,272804435,,,0,0
2024-06-19T16:45:55.776Z,2XPeHiM9Nj9Hdx1FPn62cu7BzAK6ymjvFuyHu4AYRboN8dZvUdZRBB8EfwBFJ2HyW99v6h5ymip3Cc3fJwYTXDxn,272804435,,,0,0
2024-06-19T16:45:55.781Z,42H5y1ueSMUmXoaU5HKFrkeTNTYngGQTe3VR37Y5pccxQa3rf9RKWbf72PA6R4qtrKuZNXB8Nq1Nzji1c9weuhD1,272804435,,,0,0
2024-06-19T16:45:55.786Z,2y98rNy85Bknp21i6dSYyGSmBnuB6NgHRF3MNbQt8EG9jb6w7kR5T1F4ypUuQr8AnAW8mNB6fjeER8g2BCqNCtzh,272804435,,,0,0
2024-06-19T16:45:55.785Z,4UxwYBQ59aQt1AFp9uWGC1kV9myuRnRxceFDYTBKsJibk9Bit5vTNHgzdrbqx8PYwX3r3mcjHQ3qXi9Tjp9MKgSE,272804435,,,0,0
2024-06-19T16:45:55.783Z,62j7qYQeeWcS4XfPmXTaC4CFZkEqvXQFSn5aK8RyRXUhhSSL1NnZ9brYiVoD1f7CkSUfhCHo8QgMG9MKpkQ69mCh,272804435,,,0,0
2024-06-19T16:45:55.794Z,21Whuxz95HxXfKjmzUYLFK8fznfgyBLg3ekda7cHkUwPa7b6HyAWnAsrnuH6hica8aZ6eTaiL5gmqvP7vShc26n6,272804435,,,0,0
2024-06-19T16:45:55.790Z,3LEHixqW5hYxqkgtjP5PioaB6u9FsPayj61M6ftSrM5yXdisPSEWbwQ6Bp8qVRabrKh7NCAPkQDbSKsoELGVEFaq,272804435,,,0,0
2024-06-19T16:45:55.788Z,2BxzASbrta7oi4bKu81ys9QMZeSirngzaC9BHcWmskdt4rqi4U9AduKJta8QgGKRe2rFbzvWyNaECzN7BHbZJdY4,272804435,,,0,0
2024-06-19T16:45:55.795Z,5g8PYS6fWU2UKhPGnoH2jnn2nE2mPGG2KRtVsWVmsFqAh1gBQHXtAqCLdDWAj8cDpuxUYxpKncUbGxBARo3C9Whz,272804435,,,0,0
2024-06-19T16:45:55.797Z,5JzhmhEiGv6b5vXEbirvXhPw5UEw4tXy8XHCF7zayEXKo7W4x3raZepsQPuBxQJDaiu9skBGpvajuzveLKGnv7b9,272804435,,,0,0
2024-06-19T16:45:55.804Z,gqaThmWUMY2bSfR3vhHUmnoorysuYT4A8NKSHYJaMEfjyj3sC3ToiAfNZ6SJ1njjfqo5Xi2YGTiDooB2mLKSpcU,272804435,,,0,0
2024-06-19T16:45:55.802Z,3h5cXRfxKH9qA35vSJa6c6TmWKkmHsF2Ge7ER3DWzY9BLH7i2kFrpGnHPYAP11JGraZS5zKhXjAtpmtPf8YMkrPK,272804435,,,0,0
2024-06-19T16:45:55.807Z,61DbNvL9hs4xRo2CH7G8vLZGRZMVpG45yv7Bs95rqG6VVXiMxHA5P69z8DAYAz8A7V3bsuuAiACP9YT6egYqQoFh,272804435,,,0,0
2024-06-19T16:45:55.809Z,3f4Xk7nBdd4QUKcezgkh9pxw1Kz2oMQTVHpvt5JK15hchukfymD4NJgE8tDVact7dbAdYtcn1FvBLRLhntJXjRdq,272804435,,,0,0
2024-06-19T16:45:55.812Z,5S74avQF3bPuBTcSBTyNPyoRgEsVfLyretQfkr4PjAnkEuWRNeQL7aXRysbvjScYqwkdni2NS2mxW6F9HKK5nRMM,272804435,,,0,0
2024-06-19T16:45:55.811Z,3YVRBXMtmGYeSe96ccbH5NxZkLamwhWUFj94enqPQhdGQJYFERSkTasaBerkeN9pshaSLFqJSqBQKRgWMPtcUwja,272804435,,,0,0
2024-06-19T16:45:55.800Z,56UmeptyjrtZp4GbacSkNfNpXdunfQtCpvebGJmQ6GhXZ1RmhdvP1z637YQYq6hdz9XzG5hRnaWX2kSKy77nY2cK,272804435,,,0,0
2024-06-19T16:45:55.818Z,4WuDVj3ZitGTjvLWfLRsX3oHvdzSutpVDSNKrj9zHjcaCw29aVT4bE8LfTs3nZguJbJ1jehAid3tsmfPGmrPsYQX,272804435,,,0,0
2024-06-19T16:45:55.816Z,2RukiDDymg55uYtpwknyfxSXBnaXta2kvKR4DYUodqiETKgtNfqdG5DkM9t7aMb3rxpum6JSwgSDh8vCUsNEWsxN,272804435,,,0,0
2024-06-19T16:45:55.815Z,3DL47gAdnMuBzAmQDhJG79pcfiHVmSHCCVJ2zCweHo7jp3JXYitqPfJUwvsbpNJuNRLWvqWK2PMVapKhJ59Xs7Jh,272804435,,,0,0
2024-06-19T16:45:55.823Z,5LcKy8M5cPGdjJQWzArm5cqPwPh6CBVjbvMvNELBTPXuL7Zfaao45MERfdryxR4Edqim9yaJ2w4jX1LMBVB24Gcs,272804435,,,0,0
2024-06-19T16:45:55.820Z,5iwT1B3Uax8r18LF6ZHwHa3G3cjLW5Qiv2rnRD3bT7byj7ztxSup48nQrETcAz1jU2cvM9RWHp7MMMjroLsXTmuV,272804435,,,0,0
2024-06-19T16:45:55.829Z,2GRsvufb7YwVKmt7SFyhKSgz68QFtDGcpMfo4LsP4r1JkBrtzcf4JiQ55fvrV3J6B3mRjUqXxUonSstS1qfqqEc1,272804435,,,0,0
2024-06-19T16:45:55.828Z,2xJFwJyv4zmkLcXJAnBFbY3SDbq2akAYVDTC55SKeYfYNX6PAyrJZ9v3UqXEYr9EZAeaDeGZEAHbmg7jD5PwAmwJ,272804435,,,0,0
2024-06-19T16:45:55.831Z,2npLm2zNLHY94rJR7rmVJWV9TPPYeQYU8U8rdaQx2TTyuwbn8kVpcJUUNNNuyN99DMKGw7aBYuqSnMuPCQ2U537x,272804435,,,0,0
2024-06-19T16:45:55.834Z,LjejXsTAHFgnuXf2C4vgmv7Pi1VpW9nYJXad1G2kYtwZbCQBNbyFah1QfFjMbpiXwN5KUzhozm2JGLGuipoUdAo,272804435,,,0,0
2024-06-19T16:45:55.824Z,2qDs7qGN9Dz4ejFuaRh8A8eSduvFtop4Ui2rFCiPmQJrso3PC4uJ67K8AX9RHhxKVfFpyfd6ZYhbQWkt2UNY9nEv,272804435,,,0,0
2024-06-19T16:45:55.838Z,4XCXijkuc7EhxRxYNusSQit1kqZBTAHFNJm1uSkc9TuLbFoMUXtgmdRkFro6Qf5YAMu8hv67m2dwQ1RnVusCx7jd,272804435,,,0,0
2024-06-19T16:45:55.837Z,65sn9fNvZDhK9vW8nCzDVeCL8HBNATeJ9J3R5vbK7snSWjr6tvyo14vXdj4dHJ2vhASyRXEbxTw1uUsh7vLq3iph,272804435,,,0,0
2024-06-19T16:45:55.840Z,36SvLoxtrEX6CkKevzT7fRnvQ42tLctpUCwcpuvJgLMZbSNXyQEAUvrd5CnP2VznGsJ1MZonf2QNSgYZkrSpfKYx,272804435,,,0,0
2024-06-19T16:45:55.844Z,3ZDTaMYez5eASvuJTwFN1vHp6ePMpNa57DqebFFgtgV7frYt5Jvs8XnAdeeJSBSAmWGfT3qSgLvxYNbrXabJAPkz,272804435,,,0,0
2024-06-19T16:45:55.833Z,5CaqeSUwsgxUzbiX66om5HsCt8UzoRficDdKgn6sDaBbNHRBDXRF2SyNZyh3wk9HBhexpnsRHKEYiNeiamviDk5A,272804435,,,0,0
2024-06-19T16:45:55.842Z,5hC94nYn4zew7trSuYsPwks4KpgB47PQeaYAG9cEpSMj4e1vXpLG6LCycNG1Hv5p57B7W87pMzWXdeegdrwPfW8C,272804435,,,0,0
2024-06-19T16:45:55.848Z,3oy27Ghh53xsRcLEUYispWAWhoWu2Y3pU74XTC3ACLvsTY1KFadXwnvGTRR7qNWnfTkmW5eapZ9exarqzpjRbSn1,272804435,,,0,0
2024-06-19T16:45:55.849Z,MWTpmx78wfXPt61RADR9w75jGvLHkoWptbqQeYm72ztyQvN7fJirTm7ZLknJkKBnNguajupAL6BV5KJHEr7SeMg,272804435,,,0,0
2024-06-19T16:45:55.851Z,3s4pbzg3Juuvhe1SFN8zcP4W6K77BArhzSqt3bPseVwjbTkufh5ibmML46CfqEMAFxL9cuREQKFDeJAn8VYKjy7y,272804435,,,0,0
2024-06-19T16:45:55.846Z,2uSYeyv1vcj7br1RTLCJvH7yAgoJh47GKNg3nnX5UfHSBGyFEarubF8sexTt27fD54DG6EaP48udCgR2U2kysrPq,272804435,,,0,0
2024-06-19T16:45:55.854Z,WAifyVGyrL5Vwu6CFBZuzDZEWCQGyafdQXo8kbjPJnLp4BTeg7aY3RQfgFcFLEEdBjTEPUZqebUxGdj4Uq9AKBU,272804435,,,0,0
2024-06-19T16:45:55.860Z,3fTwCgkj9KqCWQ1YzfpaRhL2ozkbJVNKZRS484ZLFE9Y4yWud9QUXPYh4QDaDbqt4T3pXSvhd3CsgfdMDDDcjSrf,272804435,,,0,0
2024-06-19T16:45:55.862Z,3PgPhjYwAgFqzFUcQF7Bm8FpGsRcycjad8hmp7JYsz5YKuVMwUYeaoXYnpNSHQQ1P5XDLDgHBSdjbJMWed4n1CwG,272804435,,,0,0
2024-06-19T16:45:55.856Z,2RNdy9mJfohurVohg1BapuLzevewpmVGCAxL5eAw33TEMvVHGzF1oeZ8pQjKAwWrGGA3bURSWqsNSc1z5oTTNpbC,272804435,,,0,0
2024-06-19T16:45:55.864Z,3CSxZVQTvcugNZ7VxeoWMFtxAbN5EJmymffM4GxA3tBLjQCZDraJ36YHZYyWTJQoWdXJ7sKjdCMnLiXwWLRFaaAF,272804435,,,0,0
2024-06-19T16:45:55.866Z,3b1Qe5ACy3pqMzFkzUv8Euzs11N4UzswKxCPPtxRV6ztCkfhGxi8eauqCrqC5LLQja1gdPuaQefw7ajoKm2YaYgc,272804435,,,0,0
2024-06-19T16:45:55.858Z,52r8ZXT5cAGTwamHkuQRRv2LDuZsLNJ6EnR4RGZP14Ftx5dhGWKq32LnGYjK4nVt4YaCsvKBf4FxWWGGzeYN1dGW,272804435,,,0,0
2024-06-19T16:45:55.871Z,3yCP7P6evRX4u9jhqDHC8tYZj5EFgw2rPWPQXMexosx67GVTNJKjmSb5PRPtY3sD8cXGfhieRCQHPbLpnzF9Jhy9,272804435,,,0,0
2024-06-19T16:45:55.868Z,qGfZaS3pdKVWMfUawpaCzVFoBKwGmvhJvkYDedEAfAwrpxc2o2esdyvmABzGuHMJGqJ4A4daaPfxSUXi3j1kaBm,272804435,,,0,0
2024-06-19T16:45:55.873Z,54UUuNiLQRc5hpT9EhmXPYXNQ8Q6W2vHNPe7AsAgWTPTxswDNCP9tBygmY8g42quQoDvxgA9X9d3Eg1k1dddbjPN,272804435,,,0,0
2024-06-19T16:45:55.877Z,2uALpR9qzDTdVsgJGdDZucBKSW6RF5F5cqTEwDW1VEJ9w6qY2MEDYDNWd3meHEGuH8skZM6f6m4WApCFGqne9SFi,272804435,,,0,0
2024-06-19T16:45:55.880Z,3eY5eo7owAtMCjWiiutKgyH24Ed2qqFqXTzkqLz4FjdNyWUFurBaFPAmPKa6GohnrXpJmHkSdybj4hT2xqF8jAiw,272804435,,,0,0
2024-06-19T16:45:55.884Z,rEYQgruGW9x3pawcREnJGwxwtFYGxLs7mTFJ5rXmnKSyWQP29JKp72nN9AiEKz8rSdUjFDbecWWHXx25f7DVzWR,272804435,,,0,0
2024-06-19T16:45:55.882Z,3PqVJ1G8H62WhBXShbVDGRbRUqbFgtSuwti71yAw9T7M7LFknCnBFbUwxePvHHwsTiyKy6UHqVe8aoprKXDBg5D9,272804435,,,0,0
2024-06-19T16:45:55.885Z,5dLw8qCjdjqqo4wrbxJtcGnFZNAqScQV5Z3eYctbTEfsdMHaq6EfYD4tPPNXEv6cGrrJhU7f8F184vwedmn66y9T,272804435,,,0,0
2024-06-19T16:45:55.876Z,5UHG8AcoDHccDhkChtGxpbeXQBaDv99dyL3AzpL2Siqs1NrTXZqNGxcbgGZgbfaFam12AJUQ6foHBr6k8h8qkfh7,272804435,,,0,0
2024-06-19T16:45:55.891Z,45epdRBwTcAgd36gHcwy7wKPTtiDSRxpzGQ7xekGWcyJurwnmV7pwSSdGntztE3WP3vGtQnMZJK6XraJw6vz53hT,272804435,,,0,0
2024-06-19T16:45:55.887Z,2RUFv5zh44zSrHtMvvh7i2Nz4X5GiURwy68m9WWd5frrcwqjQqMxJ64Xx7gfecW9D5V3Qf3VB6hZGDHZ4nPrHqw1,272804435,,,0,0
2024-06-19T16:45:55.898Z,4dnudnGaTzEvKAUHvtBqhMGEVT1v6JhTSQMiFZKo86u99bqPPFY6SknUr6P4d57CcXLyVNz5hu9X9LfQ3nDg37jo,272804435,,,0,0
2024-06-19T16:45:55.895Z,3AYazQkQZRAC1gGbuMh2HWkZhJwtkbt1fTNGFsCXVNXyjRSUkyH79PB1QUfjL4GpFBQyEJUzh42G91iePupPfR9h,272804435,,,0,0
2024-06-19T16:45:55.901Z,2uuZdN55FMgX3Lde9j3CSQc2uY8511jENpty2ohuVK6voLSG1crxYepVxvW3XoBP9sFg5svr4ypqy8U6dRo5SRHU,272804435,,,0,0
2024-06-19T16:45:55.902Z,5oiEGTDjGcvBuRvKhap8HNMaSdgr1RtCqD3N83pg4KtUHUgK9Xu4PNJ5LdN594ivbDg3iKqfmMowQDQoxHWpizcZ,272804435,,,0,0
2024-06-19T16:45:55.893Z,4foGBEJQbr6LNFF3akGy6JL2G2XTwVguHRU66Z9E2eBNry86Rbnd5HKpo7ehPEa4Uhyfw6RmzCFTx9JvNL9fANzg,272804435,,,0,0
2024-06-19T16:45:55.910Z,3kK9kb7YXPYgwQQbPDeT7HTBw17Z82MmfmUWuZP1XcQq2XtQ9yPpuUSVHHdQ67EWLo4xMv4RHV4xeRQ2ZjFkiYFn,272804435,,,0,0
2024-06-19T16:45:55.905Z,3R2NhFzKo3ZYw5AdXWHAhUmAk5syAC9GovZndLU5fAryAMmrPkYajPp5cjx4ndru6PKuwDZpYpuqiwGJYPVcK7jf,272804435,,,0,0
2024-06-19T16:45:55.914Z,39DsvYga46D4pn1xyRjrUjhoEB3QeUtxhHutm1eK6vbeGX4W6WBpeZASNpREdr9J1AbYvxFRByP7BNBu2Ht64qK9,272804435,,,0,0
2024-06-19T16:45:55.907Z,5egx8FKsnvzePGXQwdkp7qUD1BBCTNwqvgh6M7Et2xfsUXorcouyFymQAznkwoCYQbXrCuAjRoCWuU5je3EC6XUY,272804435,,,0,0
2024-06-19T16:45:55.915Z,2H5VMNbniaiuvhJAhbPTSKJpQ8fU2yCp2hfuppCaBskVEjBAUcpUtBRPArscoAVWvH7MEPSHNB8tr6h6aFGEjLor,272804435,,,0,0
2024-06-19T16:45:55.913Z,2BgaR9DsffrBwGpk7wMr7f6bh28YpkSfqHwZaHeMeV58e2xc1i5yRG7AEmB1tp1N5NC9Af3AjHde4iVneWErCJun,272804435,,,0,0
2024-06-19T16:45:55.917Z,2i6LGDRByYYmB252nG3bMwJAL5jYwu63uFUe8zvcjiqqMVwVd51LaFSGEmXvRjWYdk3cStYExDL9Xibv72vsH1EL,272804435,,,0,0
2024-06-19T16:45:55.922Z,3ApCqfoY14RzxWW3TGLwNUP9XyuFoYuPkLyjCheK6AWYapfPSPMkP51fsMSLTmjyGk2euxXUeekH4oRHLM5pSEQk,272804435,,,0,0
2024-06-19T16:45:55.919Z,4VcLKpmvGgaBDqL5xkEGS6QKbnSmUrgPs44WZXJTK4wmGuMfnC1oj48NpwZCWzMMeunvGF7tk4GoeCTJtKg75rWx,272804435,,,0,0
2024-06-19T16:45:55.927Z,oznnZWwVVv3xNpD9JPBgb944Wy5oqNsiR3EZdtPCE5eE3gATbYmavk4QfoFiGeQ8ZCFgtcDpEBCTn53Lnf6i5Kg,272804435,,,0,0
2024-06-19T16:45:55.924Z,3hZ6UkMm1vAnsdSWtBiUAPrp47zDrxziMbLram7s8eTU5GU5YN85p9ftDDDUQvK8wXpb8AoUwxeLdbGX1RW6Rjz8,272804435,,,0,0
2024-06-19T16:45:55.934Z,G6LA3G1KNSCYrG4LBxnwnpJs8bdy4YQ2Ms3wELoqR3r5JrjmSgGu2DvKqQfTKzZNjzg2nLfUEk3v3nMxArtGJfV,272804435,,,0,0
2024-06-19T16:45:55.932Z,4NSRAW1PjRfX4p1fxCmvwjHHSMVvZE7gweSKEyfW8Kw5xRjc1yvGoCFHJ5WNAbutqZDLSzzocwxTANx4badaYcip,272804435,,,0,0
2024-06-19T16:45:55.937Z,4fyFpsKbiyV6F6fK7NsBjFhu8NhXLh1xx8x9QgPUQE3kDUTtWrJK1iN4CmEaGJoGodjQ5eEjiJpJ4jkS1Y3bkxZx,272804435,,,0,0
2024-06-19T16:45:55.941Z,5veg6WKTPPXhuLGGMZBFeWSV7Jvu25jbVyxGXeHcwKvTA6nbt4qG2f9G3Egw37hX4CCUyP5RmeDHHApbnW5yehka,272804435,,,0,0
2024-06-19T16:45:55.944Z,4XfzJgNbCiomFi8wFbrzFfyARhqJkshrVD8rck6UBvtP7DXus2VYDXAD2Ew76RupXVDL6XzGDK29xhPjrpZvAf8X,272804435,,,0,0
2024-06-19T16:45:55.929Z,4ksf6bYpBeVRznzvuWfrvBfoYqgWNsxpjQPHkM23ycRsSpaMZF8fGCiP4MtUxrGGoXYeuN4jwNvjdzXr5DFEA3DJ,272804435,,,0,0
2024-06-19T16:45:55.940Z,2zaoJQS5S86ckXTwHR7ebMCEkPKeDY7ctp2S59NPz88uXQdDhVTfATYQAKXZrBqYufo1jZXXRLnTXNER7nQ4mbCR,272804435,,,0,0
2024-06-19T16:45:55.949Z,5WA7gZJsAS2Vem3eoovWrgHXLxZWm37BeKnsCRpkPdceiCcdAmtvC8HNt1mHzEwManrNg89wZXMr7xD1jPwpT3sm,272804435,,,0,0
2024-06-19T16:45:55.951Z,2gkqMT8UstGyrfBhBuTz5PEJaKLhHX5Pu9Qomt42GM9e5oYQeKQrfY9ufzwiXK8LJh5xXtinxSQKzWySfMStb8gN,272804435,,,0,0
2024-06-19T16:45:55.947Z,4SukvPx3DpR9Ko75ptf7Dokxq9SdpdivL3KdEfoJAge6NWBkcn63BdQhS7qnGTFJ8EFB74dvFKKiSER59C2r6TrG,272804435,,,0,0
2024-06-19T16:45:55.955Z,CvjtY7VqZkVforsDzsnZdvhPur3x8qunsc1J3PtUA9sBtaEaNRMsj4bHaz2TGcU39rBpVjAcL44RXfS2FNtPsYs,272804435,,,0,0
2024-06-19T16:45:55.953Z,2eQVo4FpowY52a1jgXRtPy1zXWMD5iPB3nNG9575ZHNiqrtP6ABMC8WJ84fmHkNXm3z5dEMLnLWy5iN7cygMWZ4s,272804435,,,0,0
2024-06-19T16:45:55.960Z,kPrdXGBQ3nYAjdfe535ZkN1GX9Q1vX4xmPbPPzu8oatM94QaSjXjatfUNvAxTEMPLdAEN3aEPoWo4gsDpjfWu4Z,272804435,,,0,0
2024-06-19T16:45:55.962Z,2Eq82UnxZBXTDfKiTTw74jjsw8KYxGis6XF8apVhQSfHJo5d4vdabbDwQ9Xca249QpFL92AXLtrjp63otL1QWmew,272804435,,,0,0
2024-06-19T16:45:55.958Z,QJNVo4ixw5itT1uPnFfAvTqa8dxcPY8aLFepSyfx5aXwgbfa7wsFtnQXrdg91upPzjw7Dxb6RvdJqynB4Q1hVy7,272804435,,,0,0
2024-06-19T16:45:55.967Z,35acqZMTQDwEuUhHsLY1CB7kAFfAqWuPZysa9u9aieaPcLtSQ4gRJeEEiEGRF1RKreZgwTwdbwbsLberkcisayXn,272804435,,,0,0
2024-06-19T16:45:55.970Z,3ENRgc6LmEvg5jBUDK3XFmvAfqFtZ8hFmdQUnEzeQHXhc3eQFGhUp9xTsucHWgNQLiffDTqwFfZkWxMeQH6Gpn8u,272804435,,,0,0
2024-06-19T16:45:55.964Z,457anE2Q2kfV8e5QpKxHsdGqDxRoP3JuJ2du9q7tQPMs7urcMwfSN911kozgH79pHvUdPzL2hjGMt7BMvpSQw8Kw,272804435,,,0,0
2024-06-19T16:45:55.973Z,PEceBYJ4WVhWeYvm3yrPQGRyQNj6Q2nLSTQQFR2zekT464jQxEEYDMZ6HAAYGRi8sefWGfuSjNF6jKKofYYYJJU,272804435,,,0,0
2024-06-19T16:45:55.975Z,3LQpA6XXSj32t4wJnK8UtSfZ2TXYrx1S7jHTxUzKAnfN94LCqsbcwXMTDE6WJxoCs46QBTpsJwDZih4eVsiU8Lo3,272804435,,,0,0
2024-06-19T16:45:55.977Z,4wsAd6mEfprmpn63cizV4JKbfX91EFZgZgrNt2K6PJA83rag2yoRxs2ahmaPrXi3FdGZBLwgdGF2cKcJtp2GgRjv,272804435,,,0,0
2024-06-19T16:45:55.968Z,21h4vfh1cCatrjtjU1CsBR9B6cuW78EX5SEG6SqyQcmFgY4kJSr4MK7NfbYpinjV8KH4zU7yUVSLZ8npo85p88SM,272804435,,,0,0
2024-06-19T16:45:55.980Z,21qZC5jT7EBRE5EmLm9VH7J4YYvmJ7M7S89AzLzenir8KVcJwUjCwwQWZNQeyC5dPYZPQ1FrebLSgLbUznekoGEs,272804435,,,0,0
2024-06-19T16:45:55.978Z,3aiyotZ8UN2FhuRP2MjbzWeM3YKYEPVCLmf4Lb7qS7TULv8m54YV1cVJ4RxKhyMEwpKQyoZ42jH2vFB9GTE8HWuQ,272804435,,,0,0
2024-06-19T16:45:55.981Z,373ZFTgm6SbvtKSU22fmAsTFga1GQVooCxKEBnVSHRRxHiGBuonW8384hbJnQYPWbTxP59hcQwBD4oFsimMf4E6t,272804435,,,0,0
2024-06-19T16:45:55.985Z,4M1g8p7ZmHtUbbbWMkFR8RdfXS4KXjPn75F41WXiUb4fkzS2SACeDdJB72Qrfxz4SchVJ6xbAUavgNFKvT71EZHa,272804435,,,0,0
2024-06-19T16:45:55.982Z,2saUjGxem9eaMs9hNJoDykAq6puJKowLLhDpz7n32JCu9chCDEuK455GjEKSVoUbK4rGiKjMzK8XbG3Ysj4XT9aY,272804435,,,0,0
2024-06-19T16:45:55.987Z,2g9d2bJhkzZAUj6oFvSDpTTr14tXMEvTNqeDVqK2WoVQ7jF34Qg3otUmNn6dnSvoHa2fu28acWwq51akbQVRxcpT,272804435,,,0,0
2024-06-19T16:45:55.986Z,47D3BDQwP8hjwEXuo2hYKMDBNXsYPirpAnZRzBtZfoMyLoJshJwBBZXtgHonHLs21S4dcD3MkqzrPZdbH5L2zegk,272804435,,,0,0
2024-06-19T16:45:55.991Z,3wRjmguTh4tAi5o9wFcXpepCspiueab6Jtww55nvgNXuVdrL1EX2yryghbTzNbhKvrznrjk2Wk1vrKKurfghKYqa,272804435,,,0,0
2024-06-19T16:45:55.992Z,2K8tSPUCey2gDyhkgrq1VHtgB1Vk23Szsp69s5hwGRZ2pUtUSsNB5TraWFUusJMmPEZoBCaqt88U5ad3kLZDaEvC,272804435,,,0,0
2024-06-19T16:45:55.984Z,7EE6kBc2rMkDn2tbP2Uw64SvKUzT4Rj1xaA1BNRiVEWjEUdWTtQkdp8o2BkXpZhr9q5NaXHmpvi3VLyVX1R15oH,272804435,,,0,0
2024-06-19T16:45:55.989Z,4RUMuA73yh3wAAR4ktz9oJzw1cvmHfsiwouyf4Efqs3ncCJcvpXYTi5hX5V6c55okhYneV1ymzoYvAWdZ5RdGPLB,272804435,,,0,0
2024-06-19T16:45:55.994Z,3dU53iBuawit2UkFwkzZdQ5sDz8s7ioPqCch33KVg6Kuzs1DKmZjU83VoigraKFJSy7NSBF8VkTF1QTsW5eB3SqU,272804435,,,0,0
2024-06-19T16:45:55.998Z,52hCVUa5rukLxEY6Aad3NTiLxjquKwaNbHgDBDCAiFLhQHTycGfgdtDVMgfqw8DTvw7X1CTQGXR2FKqZUEZnzzei,272804435,,,0,0
2024-06-19T16:45:56.000Z,2cCymALLKzdgqRSSoKLSPeWmZx4M2KvbgmGVbHRTKXhi5E5Lmuuo7yZ3o9GAnQZ1sfTVGoQx9ipkHFsMjXvU8quS,272804435,,,0,0
2024-06-19T16:45:55.997Z,3DCSkbv7n4ANB1VrMWKcMeHHHdfkcbZr7GjZp5GZRByz2ynzmxyLMYANMqQp9rWAqxdkNuS3YEY5dTzADvNwmpbM,272804435,,,0,0
2024-06-19T16:45:56.002Z,297jGPx4E1TsnnDmrLrjiZ7UHEiY3WSHw2zfZXvrmdQZ9cJryBkW5rauRVr8VWDqueSzxJoTcJsKhor7FeL3KNPD,272804435,,,0,0
2024-06-19T16:45:56.005Z,2JZT5qWGc33WrC2iKKkUsHPhQbz4vJFqBkbznLjdUjJntis9TYQit8XJKJNwmMDQFL6fjMZJtU52V3h8VsXtdHMu,272804435,,,0,0
2024-06-19T16:45:56.003Z,5mvK4Y66MzTx981WEVxGEQZMMNdTxTJCd3NPejmXirJzv3jYkqVFG4kJJvTrocRSgkYDxrPJ762cbvRbuobUnWoB,272804435,,,0,0
2024-06-19T16:45:56.008Z,53e5MoqnXbq1KPSEeAi7ksoF3QHFMG54DP9yYmSDmCLdaSGE4GVr6edY1X7eUuyfW1f6XsEwKoqPSoEbMhKLkn7j,272804435,,,0,0
2024-06-19T16:45:56.007Z,2qG6ZyZorTa8NXypsxV8M2H3mi2vtgwrEoERyBG5imVDuFJ2jfVWj9KCBErquu96YvxNtgFWrLo7UP7QPN734aWx,272804435,,,0,0
2024-06-19T16:45:56.011Z,4namNRATfXGg9nRFEj42VBp6wo4MN1mYihAwXXr6WmZYzUF7XyNhPM8TwnYz6A47oqLdL4kb4kjctbyYSuSf21sC,272804435,,,0,0
2024-06-19T16:45:56.010Z,5hzadbgB8ScUzCXKjWac6ej9aNDaR7XtsawFHQzE7uzECtDpUejS7bwJn5irivqDV6qCNaWxa29QB5hXNR3uUReC,272804435,,,0,0
2024-06-19T16:45:56.012Z,2btpvNX8hvYQkiNUiAuXuWThpRVTM2ZcHjJ6t5heSRqexuPy4MDcXjFTYuSdPcZWuTwJetEbLZsy3yU6zc8PBFx9,272804435,,,0,0
2024-06-19T16:45:56.014Z,AaT5hqrxye3LZ5hgBSrW9gnjgrJyWfqRNiPmpgPDejd3cbUVombf9qFM4AMX2ioSfYFZKaRfYb8smNoJcsx4Fxu,272804435,,,0,0
2024-06-19T16:45:56.015Z,5pvkqmkaRb9otFsiyivV5BaZ4gCA1tVqECf1ko12P9gBzwfLSVuvVMtB7ufXHXpSBf17AVcXeiyP55ycE1n2GUn4,272804435,,,0,0
2024-06-19T16:45:56.017Z,4iFRzh4gHK5x4u4ynW24vdrHJAur7w1yFwcSbCGYU5VCqDicurfqwFR9PqNDCZ96f6nWaPYeYmyuWBeGnURuSfUk,272804435,,,0,0
2024-06-19T16:45:56.016Z,517BJ7QEnk6e3fyzXwfNPtoYLxrT6tMJVkNms9HzTELqSrYhn9sAjZc7GTMRPbqA1EJkeckJGCAN1ruCGMkqWJbD,272804435,,,0,0
2024-06-19T16:45:56.018Z,XEoFZttvJxSWTUtmepq2dTEw4KvidKKHcDwKCh53C66BfvPPL49ptGhwi5evfxwNEodVp2RWKjj2ioMeptaY62S,272804435,,,0,0
2024-06-19T16:45:56.021Z,2rt3r2ivw58avjRDgJUo2q4d3rXhwWYHVDL5fccedjPiimMH2dmKUXi7PSVSGyd294WYU87Ppojouwv8vtakCgKr,272804435,,,0,0
2024-06-19T16:45:56.024Z,jC3xWvnfC7co8WtT9rwyLv1TV8FVZPCErnUDTQ9j98FxpdYEnhH1TZ6Frw7EdTosexwHj4qAga5yK3ZzdJaS8Dv,272804435,,,0,0
2024-06-19T16:45:56.023Z,4gUT6XrK7i2qzW1NEcSpEgpCHNrzmTURu5TWn3X38zzgs5yhpMk7jbd5PqKBseAAnX2PX7t8D21QiepPejvoJgJ5,272804435,,,0,0
2024-06-19T16:45:56.026Z,AxFryWHK5VRFdS8UmjZjsLZ6rNNU32EYga34JE6bNQ8MJkgzG8vmrKU1RL3WtnEH3khDkjw8Pab8tTveLzUX5UM,272804435,,,0,0
2024-06-19T16:45:56.028Z,4JmU63UKShjNd7buLME6wQCjH611URhVsdh1s16iWw77LRBEwr2who25zGKUSkyLWSGQL7Fe5hRhGXMUuS529we1,272804435,,,0,0
2024-06-19T16:45:55.996Z,tRcdAZiSDtT4zx3M1utzLdxRkG93GFHMQaTb5UaThWqYbqoAsgTnrjJj95oestwm4CS63U4yUPASqhUAdRNSTRr,272804435,,,0,0
2024-06-19T16:45:56.029Z,265Sw6YoR1FuHZrbeok8Pv7hwgCjPVWycXvhKiJdh7YojbMNZoYod19G6vyXEbZhZVYBqUkzYvEo579UGM9ZUwHL,272804436,,,0,0
2024-06-19T16:45:56.034Z,2HVvr7t9mjRVDV6ZFYCK1HVz2YPCA7i76WFbY2pApLuZ8p5UaKvSs9APmZcfNqJi1RQrDRqXVskFpncvrGLttLgz,272804436,,,0,0
2024-06-19T16:45:56.031Z,2fo9TKJ16NVbuEssZf1L9jXrswGnFEPdEjj3kQUE9ceFMrVGQm3t2C924RWQQxeTEbm95SWRburSRxmhzaTYQuAY,272804436,,,0,0
2024-06-19T16:45:56.038Z,62pfzBqkUW7hYwWjowMeJmXFhyY47MkHBiDoK4pLYaQGjK5rLBHRbx51ZuVq2oPFMCbVeeBwbDBLw9un6gFbVNML,272804436,,,0,0
2024-06-19T16:45:56.036Z,4cjq7RTU61wnTRVZSYB1q7ogPWoLMZEPXcHaTWbgY2YYnphvcXcWLNAxAE6x5eg9SBDCyDcgjcxjY6nSd3Xjm6xZ,272804436,,,0,0
2024-06-19T16:45:56.040Z,4haFYzRS5izxXkRoJAGxY2GaPq8tbm1DGjNKfsdygp9eK7TABu8uE2SsrHZRWzXkSqwoJrmfkpPfatSNBqcxkNmU,272804436,,,0,0
2024-06-19T16:45:56.042Z,64tn9qFaWGU4foXzmkfRNBqzFRCBcrPYoFYUzKFU9Kq1bbBAuYBYZrD6jJBtXifufTA9HLwKfGvvWNL6oSdyB822,272804436,,,0,0
2024-06-19T16:45:56.032Z,3tttu7X8GZW3XsaFpuVZTnQq8fb3bLJzPNaTRSGv3KBCoxoFwy2PFedjZHxLdybyQ4nN7CcyKqNUZLsDSCeNEaWa,272804436,,,0,0
2024-06-19T16:45:56.045Z,2i9LY7XfUkDUs7biMxuWmkU27JiD32tny5uuTE8fif7JKQRiCtR773NtSRX473vfUmD39yrUZsafdE2NitrKX9rb,272804436,,,0,0
2024-06-19T16:45:56.046Z,4SH5LouuEz9t7gvzoMHVXwULV61Kp6CHY6KhjJBj7di3sWp65boEap4nMt84UrxvzPQpBkNeyAUpuo2g7A3fSELe,272804436,,,0,0
2024-06-19T16:45:56.047Z,RGEAyovyZHqhSpyi1KpPjY5TtDiqWfQ6VbMHZ2NZnosUEBQkV7rTo6y22nD64rTScV7MaNJXBuEWEtPkhpXna3b,272804436,,,0,0
2024-06-19T16:45:56.044Z,32vjEVaZzvxPKSLRcahE1gMMBLCQg8WxeNAuYVHKVRxgqoFtmqmmpMZesr3n17CgZRQMNecNjXw4N1Y9iYxpTCkd,272804436,,,0,0
2024-06-19T16:45:56.050Z,4qJtFrNSDqPto86HNW3bg1PR7G5QwNwA5dSashp445mRcFwJ7nbVtqD4ZFtq1Kec9yjFaKchaGu8szKcubnU6r5b,272804436,,,0,0
2024-06-19T16:45:56.052Z,4tHcju3oHU53U5x9CE82sk5zXmgXmaoNaeeAGFNzyCXrY2fJ3Sch7fQiEc5iFYwfWmroU9pgzz1wJmZTGyEj8U4v,272804436,,,0,0
2024-06-19T16:45:56.053Z,4vWgBV9Gbb7dDMLnmQ9fWcobJkCbA7g6ovkggVozNqNH9Too8jU1scBV4pjmSvvCWaNfmEzkkbucQYZXzwc6A8io,272804436,,,0,0
2024-06-19T16:45:56.056Z,2wqfXkkwfhMHKuYa6f2DdxTikN68wgfkoY9Wqeb34rUg4zpFBanEtomQ8oQgFtvWim7nTwdGimp1taDmS6t56Hqz,272804436,,,0,0
2024-06-19T16:45:56.049Z,SP241G93B4awYhSTtr7wcQhv7SRZrXTnHfZ6kddrhA85JQoAnnHAHMcQLDdRuH7WdHUCC881wxDHfFPqxzEMLzT,272804436,,,0,0
2024-06-19T16:45:56.054Z,3ej2SCnctGvxThuPQXPeZjFpRzteywyiZsYffdRJkqHMPvQJYyzefd91aM1WvAdhKkBvPhWNpPPgbuMxfCHFXesu,272804436,,,0,0
2024-06-19T16:45:56.058Z,4eXWtEoeLsbuqFfde3aaZ3tckNQie9ynsEjegvaiUzm8SBnxDpC22pNyNBHRUSxAvU632q5EseUzWc1DFLf9xtrj,272804436,,,0,0
2024-06-19T16:45:56.060Z,33WE7FUhe1FP3F77Wqm7CZZXjAD4M7jxmuot64MCLhqea9YmtFruEiNpRscnCiEUXtmgejYE5ynuUgdf94CvgHyE,272804436,,,0,0
2024-06-19T16:45:56.057Z,AVm2SvjMJvmaHXGRugimEP2UjqeR44TwF2p7oGdBezZxULYhpyEmMznf7tAvDRrhxuwhHnEDnt54v8FauZQukko,272804436,,,0,0
2024-06-19T16:45:56.061Z,5pHqU58vHVW4XERxLX577k3c9LRStyt3dG3c2QQtLt8WHkKaURBfwc768jfj4nAotCEqjWvn56oZ44ZDRrfGG8bA,272804436,,,0,0
2024-06-19T16:45:56.066Z,51trnGTNJzfsJbGW1WHkWyW9XZPBfr1bFFBYBnv2TZgmnu1psDYw8ZpwUaHHHitbT8Koz7Dr144rWR5RVcPQCCkT,272804436,,,0,0
2024-06-19T16:45:56.064Z,37iZqa81r5XNxUPsSVTSJTuzekN6HV4F5T6SCoTkLHJKXmtZNveBBuW8J3ArSSeG16Q1wM46Pi31AZmxjaaKCVwY,272804436,,,0,0
2024-06-19T16:45:56.068Z,4Ur88Ej1dSF2WEHqcYhdwgsh4YbjiyGkw4fcmjEzRZqnrbf1Zpx6XwzQwhypcdqY5EarYLVg475cCuiXTm1WejGd,272804436,,,0,0
2024-06-19T16:45:56.069Z,3UcLxxBGdQXxfSeAHhmtNoCyKFrR3D6kW82GtibvTKQXMc7EvEDfE65n8SbThSTF1kE36Uj1WVNhjyj25nz395hj,272804436,,,0,0
2024-06-19T16:45:56.071Z,5bF8cX6jo74jxUXoNfAjc1GUkoQYnupJCcop3SZrwuki5pXR95yzeDqiY6Md6vr21b6XY1iFy56TVWGR6rYrqQEk,272804436,,,0,0
2024-06-19T16:45:56.076Z,3DwFKPHTD64pyAbYcYSgNfBWM4sjN5svAKB43FwnyQBy2PVA4HLWj33fpFaNpaY45SV49DkrEs9CsvKtZ48bU83X,272804436,,,0,0
2024-06-19T16:45:56.062Z,4aXwUA3gwhViMnnGFWfjfBxsLUvnig6HMy2iXjbP59WnkvNHoMx14V4orDEjX2ULvDDhjqhU2B8NxrA1PowQkcjn,272804436,,,0,0
2024-06-19T16:45:56.078Z,3e4EmDvimd3yStpMSV5JkBwmMyGohqgjRr9z5hudhPZ2YFgnGoZHqGWBU9ZRxP9XK9T68JLEeH5GyokqGvuyzSbo,272804436,,,0,0
2024-06-19T16:45:56.074Z,5L9v22mCwoeLFsaBjB94xeuPCznB54gz1e5H3bft1Yz2fB6niNenhMRQV7R3DXTaRzsF4ZBq7ZPVsAP9SfmWCyEt,272804436,,,0,0
2024-06-19T16:45:56.082Z,3NdjaLt6eM8zVpc7WLA3a5UN7oiMn2npsSGzxdRTzjwVtAfQQEf5hAapsbb9JXEv5DvbozigM9N8spQpM7iPBJev,272804436,,,0,0
2024-06-19T16:45:56.081Z,42FLQq4WuBowRFJBHPDzret64JqMgkDfUuFT2BHaTgjGApGbkFS8LFNrjBgPUfV33MymuDyMvThxAfoMeFbuJVgY,272804436,,,0,0
2024-06-19T16:45:56.085Z,65fncJjAP4ZoUxWiq4gZAxjwJMCM3GM69WbgHo1fFGSpFwJeUmru2UwKDZ1QzCDqpA3Labj5qaPvAEyeH4cZSAYt,272804436,,,0,0
2024-06-19T16:45:56.083Z,5rXFN9CcGweA8UeuftqemAdTvZcJJfJNZkYAotspnsQZD7y7uFrGZ9qiKzjc63U9EFaEpiz6YeHX4bhRQNSMWhhp,272804436,,,0,0
2024-06-19T16:45:56.077Z,3Ph9oeECsG2God4BzfTPUuiZNjinpYz37V5GHKtq47jXB7aADpyQ6aFZuvzi6BLmTc6iMUnNs3pJRJjRpZzq35qj,272804436,,,0,0
2024-06-19T16:45:56.088Z,5fk9GeoBAiVLimHPYwHsLRJgmhouRnHTz2cdrVktCVwFXe17WvDxaQ7LFmWLSX5x3NfnrCQfu5ZijXUzT7VPBrrR,272804436,,,0,0
2024-06-19T16:45:56.087Z,617D6LKwR3tZuNiVymsrfS18TcbnCSAHbeyFqgXvQwptxeKYHgRsD3LnBpGyx1nADPCSFo9Xv3JFCLPiHFDxDrX7,272804436,,,0,0
2024-06-19T16:45:56.093Z,4gdQrLHm9iGq2bxY9vzdNrDezFasx3zoQHy7NL6Bk12ZugM9UFUZNG7LDemfBVrovC37KS6cLCYryTkScEB9Ycto,272804436,,,0,0
2024-06-19T16:45:56.091Z,55aMRWAuxX1fcoPnSLhgGFsDeGsegBYsjcb4EtdaVfUmjxEA1nas1afMuezTJSz5XeifoWH6WdLgb3BqkinG5Uu2,272804436,,,0,0
2024-06-19T16:45:56.095Z,5x6F48LEYE55TyiaLft1aS4uTWgaLLPP3LpyttnqGu8WjYrhxx6mnfCC7WaRgPdwYC1Zi9N5VTsdKcAA6YnaipCF,272804436,,,0,0
2024-06-19T16:45:56.100Z,4FQ3dYZVzBrm1XFthysthnsw6DDwAu7B3K6R6Z5zBuEFtLW48q4QHKFJZAvSkoEm5N9ZQHYdv6BJs2xkaQhwoMVG,272804436,,,0,0
2024-06-19T16:45:56.098Z,2yQJFuPoE5BbYNo3dXjDm74CEdi2SYWdRFrwiRCyy2SSpM5RqwGc4jYSPpZ8yYAwQZqQpAThBi48HQRvmWES3WSG,272804436,,,0,0
2024-06-19T16:45:56.096Z,4TvQZcaQsrxeQG3vYphpqtQSaLtk9RrGSrtc2nSfJ3Y2xzCzpuooo1roFLs4MMsdYKkxSZoircZ5fZTrv9ga24Lp,272804436,,,0,0
2024-06-19T16:45:56.105Z,5kfXNP78kpLwUEg1zYkTxoxrqEHdKaMd6UizUTjULhVs8A4R5C5L3Ru6NCXLCP3xMLh2jCJjuVCt24mTY8TiHnrB,272804436,,,0,0
2024-06-19T16:45:56.103Z,3mSzL1kjsDJ9ctzdgWyBYZpPHQh5ZmT5QkV4W7DW4yEWfd6uBUDz6bo82vH1fjqevpkFCmZpjUJyfNb7eNKeKqKU,272804436,,,0,0
2024-06-19T16:45:56.102Z,3DjYBWr3Vjy3tUbjipVT36jZYVHBZKpJnFi4RcJo7iSjNDWsBFSjXgZvzrRLavTtFfNaFoR1BbqdrCR16RYGZ63P,272804436,,,0,0
2024-06-19T16:45:56.106Z,58XpR6bUuS1Z97NzvcHYHtzfiAAMLJEqW1MMDSPa1Wvez3y99GMppBmoDKEimUYkawvNEetXpfcP99uADFbjM6uE,272804436,,,0,0
2024-06-19T16:45:56.108Z,5mH1S6Ltesd5g6Cbg7qL4atuU7imgzU3p1CuzgARTdvGFpJTqNsa2uEQfCrVKsyqnEhdXpsqCEgSSD7tWDU5zbtn,272804436,,,0,0
2024-06-19T16:45:56.111Z,5GWa51S3X7EQizBif4oGUZRT1AUy2XrH1TSZqYEuuosgFJDMFC8LDwVE5Ja6n5VqD1fbeVPUzPTjwaXz41qxvuxF,272804436,,,0,0
2024-06-19T16:45:56.113Z,24yK4LCdBBL54uRKbmedMvRJiSXccoTj5aQm3vXfjjHv4f4rGv58KNtQHABmKj9ARMpP1sMdYzCmxqDaMoxJNqTi,272804436,,,0,0
2024-06-19T16:45:56.116Z,5o6fhhQSJSDf3zB3Peo9ZLjTgJ4tShJztUKEtNEStAttYX1jnuQ2TtU28hsiAphN1eNAA4bA9boX41HjoKRDg2Vs,272804436,,,0,0
2024-06-19T16:45:56.115Z,4TSKprRgWTDP5xtwF2CPYcn4DQxtA7Cb8KYibDqCsDRC67qJQp915qYdZ9VKAgdK6PmkH1nNExMhFiHcug4JgVru,272804436,,,0,0
2024-06-19T16:45:56.118Z,GXL6zhSPxajpPQhVD89x7RdyUKSbKb572xXUanyo6jZ39Ap8R27uTEZqQmuC2x4kvW4vWYkgUpwW52LqDJYf4AP,272804436,,,0,0
2024-06-19T16:45:56.112Z,3cdWY9gKtGmqvrUnwN2rYZz1BsLMEVnbR1wzrWr4uuR1Y6fCh3yzwmr9Tz6vHyzRcavCaWhfMmrrwPE8iDFxitbK,272804436,,,0,0
2024-06-19T16:45:56.123Z,2Fv6FbeYyo4yKBCRrBVLK6NPNq8qS8J9Xk3Ns26dgvWQepsfuy5THvZx5zi8vMiFwSMHhZqfD4timyYgjpV4obaZ,272804436,,,0,0
2024-06-19T16:45:56.121Z,pN4N5zGCpVHECJgF3TTGUW9mTVXnMyRcS5k1X31JuPhLLJgzhXXvnwUdnKV56o6RDpiNMRqgNFMu7QPbWhRNi6N,272804436,,,0,0
2024-06-19T16:45:56.125Z,5BccqMnwygemDDbEzy6NMTyQBx5FtCg3EnMGFXzUVWHG4wpDcT2g6LggbEiLmW59thuCRbG1Dyp9V7saroi2SVVk,272804436,,,0,0
2024-06-19T16:45:56.128Z,2eVcKNXWMrhs57CL2XPyTh75QQahtkQVJYj6RDBLcrMaTHFnLGDsgo66TMPSCSDHgFd7LLf4mk2GGoGMnhmhzsxV,272804436,,,0,0
2024-06-19T16:45:56.126Z,6483x7bMpB1PSyAHkae6ktsVUvQ8ND2aDGytTeLvNyDpe3HZQvuQN4k8SGxUAjNBRouLVbvESsWsAumsc8GvpMDq,272804436,,,0,0
2024-06-19T16:45:56.120Z,sTGSg8f2cmbgK3eScAkbGFtUL9VAzt1dVzdk1ntw4Pv3ScjzyQQEHvCWwoh82JR6sdcSuGhR3Gd8GFhJV92FDCP,272804436,,,0,0
2024-06-19T16:45:56.130Z,3v239GnBghucFe1f2KqSKpdeZP7b7y555Tnsy1dHvDBmDsvLiiT2bjVhAsN3qE4jGSKFrqj4PzLh5ZDP9z5YkGGe,272804436,,,0,0
2024-06-19T16:45:56.133Z,LU5rk8PSDtXvftiWWGeVwJumStPFyV9Vq27hMwrKHtFAjwu7xGRCxnHUW37JCNsirtY7hbAyZKFtfC1N77i8u6k,272804436,,,0,0
2024-06-19T16:45:56.137Z,5MqDABfpUkB6e4BkRRGZ3rHyKe2g3PXVjbD5N8x19tvGVqoCMj2EssnnLfbr6AQ61eFp3JLx2EgmSNHYwrDbwSAh,272804436,,,0,0
2024-06-19T16:45:56.135Z,GzAxLiifhCzjrhpLAgbku5Z6vYqn3mEv1QtRYBQKJpgGWNRSNq3uhjBW5vvUtRmR3YRY6WFjC7pXer2hWng6NLq,272804436,,,0,0
2024-06-19T16:45:56.139Z,4nZYcZ4KdrWESoCTKHmjar9h187RC8tdKcPDAspiDAc3zTTdBRr3jSz4YHnf8Re4EgFcq7h6a9LPec1XD6Bcp4t5,272804436,,,0,0
2024-06-19T16:45:56.142Z,3E2rezkM4hfknKmN4WGgXbZrbMM7A7vx1HmkyRAE79FjszVEf4KuQmjJcUJytZGP5phB5Kh3xeGb5mpaujijsifX,272804436,,,0,0
2024-06-19T16:45:56.141Z,3CcXomj4q4WxoqPAEtEhxggctLkDLy8f8wkuFe9GTEdrzyH1u5Yn3fz7quPp9hKdAKk3TfZrHHQN3Pz8ejuYDZhj,272804436,,,0,0
2024-06-19T16:45:56.131Z,qtZVtA8VzEhsitWiTyx9xBjxEqCez5phcXY4SS97GmY9c1H2qWMmjkfcjZFLo49rUo3SzizYz2GyoTfdbiNPKad,272804436,,,0,0
2024-06-19T16:45:56.144Z,29cJKs1Xu2fNR1J31gnEUHuM1SwEPtTxaA2JkqRxgfFwp9Z3MRsBrhe2fhEkTjGfnzu4EWKzdLiT7n2mKBWRSx6U,272804436,,,0,0
2024-06-19T16:45:56.149Z,4n17DTctn5HfRWQuDwB9zZTESTSjcrTFuAshecnupojhNuMvs8rm6xHmSNz3PebHxuEUywodUbAmeTDUqPKnEau5,272804436,,,0,0
2024-06-19T16:45:56.146Z,3LYUZ7FSWC7xXbEqrhd1qMZ9pD69RekXC5bTtwetHC6d3ArWhug4g3eULG1YyzM1LJJUkenVMMFr7Es6EzVh6gmL,272804436,,,0,0
2024-06-19T16:45:56.151Z,23N1q5bNoErq7YPwQCS7Rbf8PP3XZho3KaHv1PDjxVdE3QBSfXhh5vEuBFGDoqpkxeK3V7V2VHfbgDye7wGZTHSh,272804436,,,0,0
2024-06-19T16:45:56.154Z,5PRYwrcBLGuEoyBExkuCUh98LkJUzA7qcUTQduF7WNBqmBmbwp2MuAm2VCoCs75bL1J8BgmjjcZJh3NPUMJZtq6K,272804436,,,0,0
2024-06-19T16:45:56.148Z,3vm5ohMkJZTaqt5LyTrasMTi2Jt23WTfVXtawHkTkeKwwgpx1W9dh1UWucJhSNeUQwUvtsSkiBWBYNAUTqEXS8Ey,272804436,,,0,0
2024-06-19T16:45:56.157Z,3TVdMvQ52nqSdAKx4w68xgw2P1LTC51Cwg3c6bXEcCGjJSJmkiibexXHEiYaYBr8iSTbdQBJNHLFrqxtZkdipFby,272804436,,,0,0
2024-06-19T16:45:56.159Z,dm7u6pVRBy21gGZu4C5oCr8221G7rHouFVG8GhsFYDbo3maVNtLfFAJbiEQufTRr6dLaHLeRQwBgReidvHnfepp,272804436,,,0,0
2024-06-19T16:45:56.153Z,2tyDPSwtwuaoY13WRgwqQg4oGTcThnLXHn7B1bwL8rfhU5iK8pZrHqqTnVjMBtgVS6T88jwx7ahrJoyGceFaCHGa,272804436,,,0,0
2024-06-19T16:45:56.160Z,2BRJ58mk8TrgjhmfBKHzqaGdzBVNjEGwkfGHsNH3AzXvvP7yccWVwDToWDGRAEoo4DkneBxQDHgRx3X7P1GKNPKQ,272804436,,,0,0
2024-06-19T16:45:56.156Z,2vV8YQpieUC9YGKvaF4HenSgG4xr73ryZVFG2bMFtAHfwegeVim9rrWWuhay2k4ahmTG1N8WdSe67gjo3SZAwC6Q,272804436,,,0,0
2024-06-19T16:45:56.164Z,5puyjPqeBP8j3un5oQHiDyxRAyw7dMTMz6j1Mt17Xi4haAxVs2RaEHC6gaQe8bnw8pcb2WJJPigGyVX4T64DXNM2,272804436,,,0,0
2024-06-19T16:45:56.166Z,3p8vHZFLR5xmxHSnLcq43wyyxLo8Fmskca67iNkEU9jb1U4jP6yACEv3Sh9i6Bax4XBZW2zF8TLConKAgMwKEDc1,272804436,,,0,0
2024-06-19T16:45:56.162Z,5s8n5HMSuekt9U9qsG7mGCABH5w3RNtdpei3pqzjm9sK5RCDPMK1q39RWXvez81Bi9tTyfUtyvuScr3HYMa8iNEq,272804436,,,0,0
2024-06-19T16:45:56.163Z,wmD174k1DqGr8HtCrPVo8UeB9r23gYT3yrzfyUAPoMh7iVyZFpBffZ7yVsSu7U5ixo2DDmrcfkvcrPtXKYntDWW,272804436,,,0,0
2024-06-19T16:45:56.168Z,3Ew3UVSCipxtUAyhbgruaF2xySR1Y4dMJmdTaCPqMC9tqFVz5BPvdaQaUAsC8StBzo7mBRfGtLXBABpEracM2zm3,272804436,,,0,0
2024-06-19T16:45:56.170Z,kifmdAmcQnu2Cm3Xu5cHv6ehj8Yu7YdHxrEiKW3NkXkSb1Y1yY73JHfqRuxHCjLoCYmnK46LtdKyf2mxRDgiXks,272804436,,,0,0
2024-06-19T16:45:56.172Z,4Sh6LzPJjsBu9s3U4EcCJAeS4brUmwc2XGY1TfXFn8tfe5zgUkEDezse6aMEfvwE35yNWWbETEDYkowMKs2zS9nP,272804436,,,0,0
2024-06-19T16:45:56.173Z,3sMnXJkiz3NvBZ6UCYJ485yoEKMAuNbK1NE6UnyNcqk3PaGteEPYpS74Lm7Cte3E5xxamzuU4G3R4uR2iE7jnq1,272804436,,,0,0
2024-06-19T16:45:56.175Z,53KWXizYd9acmqbVRk6KvRZkFPVpCCN4cvmiM8LxhhfVCnf6xRj3WcN5fCVfoYkw1X46p1DE4dMP4htTuCihYMxE,272804436,,,0,0
2024-06-19T16:45:56.180Z,iRnFCg4PetEqvRfR7B1vQmqKwcKaBdqLUn7CVuJETj85vA5etjSH9LrtvP8WjAHvQpcxYhXJLeUS3zYAKzV8465,272804436,,,0,0
2024-06-19T16:45:56.182Z,2VY6fqkZspHEGYnWvogfeQxXq6iwRHKxFn6gdCxtrjTj7mV8to5cSqcggbPQmCX2WaXDFiakfFvxUpKBwyMoaUfL,272804436,,,0,0
2024-06-19T16:45:56.178Z,CmxULybYSGpiNi2kaY39Ee3MaRzFH8YDL36d3X7BtKDAjugt4xrZzFkTeeC3Ps4qoyypFtKSnD6RP8iSA8SqBo3,272804436,,,0,0
2024-06-19T16:45:56.176Z,hBkbmEiwZVhX5Bg7cWq9Snnzod4QwgYnui63zP3nGVT3Lf29iW1Hv7B9wpyJyy46FdZJSf9D1QRQvXhtUJtcfU6,272804436,,,0,0
2024-06-19T16:45:56.184Z,43pBybALAZ6nzVmjbsmJiQcEyYEU3M6eY115VAk3ftecrjVzYYac9wgBYLYH6Pe5Yn53K8fajGzLXuSymoczjcf2,272804436,,,0,0
2024-06-19T16:45:56.189Z,4eEGJm29h14kZGwPfsT3ngTByUGELQC4bH7ep4pe3rMGf7n1gdNR9oSXn5oTBv4JXticNeQXuQvoiSBRH7ZwjUpj,272804436,,,0,0
2024-06-19T16:45:56.185Z,3MQzAk4kBuRANgFQS515iHEzPHS491CdpFrkEZ2LPAg7t3aqN9vy1DEkVyiTvGjX4ARa4fjzBf2vSifsNfthh77q,272804436,,,0,0
2024-06-19T16:45:56.187Z,2q9NTfryi4KVDeC4hB61sEaabNEzZa4EVkQ1yPfbfk7sPu3ZRFYvNJfZhfxQhDdi58aVu7YzZQcHqqyDyTrcrZxZ,272804436,,,0,0
2024-06-19T16:45:56.190Z,hXcu9suWdkBHMT8QVkhMaKZgZFfxsQYzqZnutB2WT2cJeiG8KsgFtzRhRKcWUSb7Hkdzw6VHvc3fzZ1ry6GJqvL,272804436,,,0,0
2024-06-19T16:45:56.195Z,2iqr3MTz5JJ4iMPWpxugwHy1dcz14po9wyRy9VsSFFbVerkHFX14zorLVSexfyQQXgsCmAqK8NN5nj223puFwB9z,272804436,,,0,0
2024-06-19T16:45:56.197Z,J1HkwYVfhQUyhYWjrRLt6WPoVQRNiivbbHBPht2U9pbPh6PNPu652GjJnybkyDuMdH2sahDGJBCsUo4gJhR4Pn9,272804436,,,0,0
2024-06-19T16:45:56.192Z,FXQQscf3wdV99dBk55J6wcbqJ8XDWhNaNcdcPRPGCFcdJJwoa2tnNbP8S72b2H4ib8oxjfAFKU9wrBNoQmXvpuw,272804436,,,0,0
2024-06-19T16:45:56.196Z,5RzvJFhPpfo8CFAv3ubv3tGdYFYVDkN9zNLyoKDdMH1ZFmqRePCsjMPQ7aRYdHHG43JjBheznc7ynAG1BWic2YGH,272804436,,,0,0
2024-06-19T16:45:56.200Z,2QMHB2XhM3DgVHjKXtxDdywQZXBq9uyHxnaxq7YfM2zoRhWhytQ7JWFzH4PN3GTAVhQXCw59DVe1n1CDPxgKQe9k,272804436,,,0,0
2024-06-19T16:45:56.199Z,5gq1GxKqkuGVkhbw7ChczR3GQVNSaoy4tUKrky2EGDY4zRhPCm26uCVbxSorQgvKVkB98fnqbw758s1PfW4zmUaw,272804436,,,0,0
2024-06-19T16:45:56.203Z,4ZYRnKV4ms1NWkiobbSrhfpXZRrAR3gE3HDrQzBAGgxgP6TGiKEocbECqjtLrGck2cXMZog5vmv3jWSC2kWkupdE,272804436,,,0,0
2024-06-19T16:45:56.202Z,o5bSonHzv7Wp4WSWyJ1YZU5vb5okXCdxESE8Nj8QazFDvWjK8Kmb2peci3LBGysnPNJhdAKdefNoLqFLuV2ySMo,272804436,,,0,0
2024-06-19T16:45:56.205Z,4B89FPr9vNNnZYxQ8Tp64G1kvwUx9bLhdfiGYC5co7cmkLeLre2mgVQDm8KE8onoqoBrDt7dPMg43LxD2iMSL2r4,272804436,,,0,0
2024-06-19T16:45:56.206Z,64vBQVnB796ydVtUW9QfBz5UqccrmUbbin9ywTfaXedsLqos4cYSvjhBhW4nUcfp8x1iXW5Ynu3WYHR7j53ytpb8,272804436,,,0,0
2024-06-19T16:45:56.210Z,5tYKYLzRdUx4ZTuz3BN7zrLviAy3stVgxMmXhvGr4wFhZKjrbpugggECe1ZbJxZdNS7C3TZxdcw7chcZGHtJBSeW,272804436,,,0,0
2024-06-19T16:45:56.208Z,2oUq82cfHz3qg4VPyhmZ7cNZAdbhNenbpCN9LS2dmErew8oPAa3vjYi89Xvm5EqqkC9w3cdKjVmhCGqGYhEF4awj,272804436,,,0,0
2024-06-19T16:45:56.213Z,PqjQFppDgSK68P3gYrKjA8FwqvCtPKbbDCG6aGYKZ41CC2ecsvqrVTXMpPv7H7fmbnGk3a4yvDv5kqjxeASNw6N,272804436,,,0,0
2024-06-19T16:45:56.212Z,2Qj5h3uKyYdpD7WqoMdZKnMCAVBE2BNdtK1iqGfDmQnZ5YRvDLc8Q6Wt12sgL7i3Fd8hAdJHkrpxfTMzEmv69D1i,272804436,,,0,0
2024-06-19T16:45:56.209Z,48rt3MAE6tLB95WP2q8XAgbK56ePoCaJ9cNdBt3PsHifwDLjff5Cuv6NhYUCrD8E2n3QLbUFKXqfXzKGtn2pMSAD,272804436,,,0,0
2024-06-19T16:45:56.214Z,66oiixB7b3mXS6ji9DFq3NzwuLiKP7DNCMYx2AAexCW9Lir43Yj8tQA54J8HYUP2NCnzA2AqU9CStTadsD6RnuvC,272804436,,,0,0
2024-06-19T16:45:56.216Z,4gC35vLSiysCME7VYDqcMp33Lt1NHfbW7jS9aavqbjbJzWndFPSzRS5GhKghBKZbswhycKkGHrWfoMzeLr2yYAzd,272804436,,,0,0
2024-06-19T16:45:56.218Z,4jx95zqnSq1Uvf5ti8Q8KejcPecU9AtCLPj7Gvqa6HTsTcvqFvycg2qvYHkxGGH46ZDycSrXo1mvnSpwKjewMThq,272804436,,,0,0
2024-06-19T16:45:56.217Z,4jQSk2NU1BMJx3AjWbzGojJT5brGmq8txVD7SnesWx8Wh5inGcRyWJCipYFyoK6mPdkZWP62YUaeK1gmLEgnN2fB,272804436,,,0,0
2024-06-19T16:45:56.219Z,5TNmFNjGqepoRc82uuQYTFom4aiggvvVUE31sEEBWGRaLdTLtWJzWKT1aeFxAsgayVHjxpdMx9GQjEDoM7PB8iM,272804436,,,0,0
2024-06-19T16:45:56.220Z,3n9dCjNV4MmJW7jMcdzvjBrB8WVZ169wnYTcrpXgBjC1pq6bUTiGphM11UjN9E9yBNkmTYhJ2bQxcA3bDQYsUjja,272804436,,,0,0
2024-06-19T16:45:56.222Z,eS7rqsZPSp1Nn6MCfg1TY6EKCgmTcHYLV2VHxXHuqJWdf6PWAG9RC21kcUP9kzqYd3xqT4rUWBZWUo5nkXw6VJJ,272804436,,,0,0
2024-06-19T16:45:56.223Z,qaGWuug6XXto7XS46imjL6jvGgima5SrhURiR4pPLPiV1BqbizFJdPpe92g5Ucww5gf8P9XvYFozs1ig4mJJG7K,272804436,,,0,0
2024-06-19T16:45:56.225Z,3KZokzoaPt4ffU96M9y6qQsgGdHhz9pjTnRNqKugpXrnybnL3GTd56F3zo3Dw6HCBCgKpRhM9SCHc4Jk92UEst5v,272804436,,,0,0
2024-06-19T16:45:56.228Z,3MpFQshrxeCaFs5zJhJhmitRoKLapsC5VJfjgso2MAhnLHLPonrbAJQaZLnT76B15TZ5VKhuy5d2Xq4u1sTfPzq,272804436,,,0,0
2024-06-19T16:45:56.231Z,39dwtDt37S8y7dFkP6ij8xzC5kbj1eA5G4xh9Et4LhXXH81drtMPdbAmwMmxExwiJRbym8fEgAzBBbQcUnzXyvjH,272804436,,,0,0
2024-06-19T16:45:56.235Z,Sd7eEDJKZ36TRq92CAEwYJB5GwQGjGN98n7zwuQHVTRHwjzHsWJmAeMVQFsEhHTn1ht3tFH6oJYM3p5XYMeuXqy,272804436,,,0,0
2024-06-19T16:45:56.232Z,3Ejo4Rqerg1gDADw4CU2HyJKMzxqy4Qmuxv4qALE6kQ4WcEq6A97cf3A39AnfScLK71pUuP4cnpCSYwJrpXxCrgd,272804436,,,0,0
2024-06-19T16:45:56.226Z,5W5tdZV8gbCXZnmwm36hYLepKdT3BX8HACW7a5sduzaadbTBssnKUix3AZQEFNYrVU5CqQmbKzv5SyreocRpNrrS,272804436,,,0,0
2024-06-19T16:45:56.237Z,4cS6jgEYai1mrnHH6NEMA5DKxGgsJt1FYFtsuESY8UCLLfQ9YPR6zTfmvyrpwumzGkbo8atNHx8PSDHWpwjdnjMA,272804436,,,0,0
2024-06-19T16:45:56.242Z,28pFc7ZtZmZ3n3F4QsjNJXNwTnKLCLwazt7y6bP9jtx4nMXYsfUtAFiatqy4Sxf2AAHbKehUcucc6NsD3yUWYZTM,272804436,,,0,0
2024-06-19T16:45:56.241Z,5W4QLgWXfRrrAzUkixpdeVxhT7wsdLe5UgzgZtZAa7gV7jEokTqdMW8cy96aqpYxxHHg1VJN3YThNFfAVVD4QYdz,272804436,,,0,0
2024-06-19T16:45:56.239Z,53NAcw7Ar1AbrFBjeobdfaLkvWata84NGhkQiadLSbgzDfymThdoK38yzieBcNAsuJ5S7hrMThdQrb2AfqbBLnNS,272804436,,,0,0
2024-06-19T16:45:56.245Z,TR9TtFEbBbU75i5ZZ5y2yb1dipPvrw7e1STDFEDrvebdwsmUrpWqUH7kbJDHgNGDo3QizDaoVNekEVrGzdT9Yss,272804436,,,0,0
2024-06-19T16:45:56.244Z,2BBczEMEeEy1vMqTRpKvPEZoDrYsU8PubYtkiAX4V1xrgvbRjuuy1ozezjVGdkydX9GYvnhrKdb6hguNTU3Zaym8,272804436,,,0,0
2024-06-19T16:45:56.248Z,3bFRCG8icCi5yLXrx1QUEzeJ9kM1FmyCUMoURZ55ZjdkQ3nZ7F5ZuWfTAPKD6LLdFFz5mJDPKP7JK5yEagVLE3DE,272804436,,,0,0
2024-06-19T16:45:56.246Z,5V7b1cb5FC33Dnb7KtLLLzXXJgPbBngqUnYkbKsEuSBUnG6tnRUtXryBvpCLx5Au493cuERWU4bNSVm3HU8S6mLG,272804436,,,0,0
2024-06-19T16:45:56.251Z,3CaDM6HC9G4cyJZLUCi3k2tWdbnFJupPZkbYWWTPdNxhZzBNH14g7qTtNw1u9hubJ7jCBcTYiHRjpXpZ8iUUzTU7,272804436,,,0,0
2024-06-19T16:45:56.249Z,3VVdWPxzQajEdwRZm8ihz3jWcqQQsgxeoxmnfiw2tatb2k4eesRbNRhTBWAEGzSexxsbiJGGbSTDYSXHU2rUzAWx,272804436,,,0,0
2024-06-19T16:45:56.254Z,2TN7iEMKEvLJqGhfeiVtM2DEoZZGj6c27JkTjKoabDeyFZe6ieXBRdDDHRkPeTGeqA7q2L5vtmA4zPsNd7D9XCwB,272804436,,,0,0
2024-06-19T16:45:56.250Z,5jH7KW9p4oU4uBARWHECniS3BwGmwEVoRkDaU74pAZ2NP7g1LxrpE3MyTvkQceEupKJXYPSigR9wiKiwjzxcgRN3,272804436,,,0,0
2024-06-19T16:45:56.258Z,3sycZDHV7Mn3ngdG6svPrniVDyGLGL9exFH4YKR62sgv1sHafvcLinhXEEMVvoHj7t2MGnMTqFWaSWNWPVNFernj,272804436,,,0,0
2024-06-19T16:45:56.257Z,4DzuMkJXSpKjWaSbbJaBSmte98qF7Fnf6BcpYEJPvV2p7WBdHg4MkG3U8xDhsZ4gUDycrhnEVY9UDyS2ZmswbcAU,272804436,,,0,0
2024-06-19T16:45:56.260Z,22w8yvaXV3HWE5QewBNjYLKVdScA8F6k2Fs6XSN3bUxd4fVnsSZMUf5fpyvBfhGMr5UaAWesMERr6f9mwhnUDoDg,272804436,,,0,0
2024-06-19T16:45:56.262Z,3UgiTKkqpz4ng4RHoBEeMXgj8E6kLE5sPsDaLVQ8oWeD1LawjRAyd3vFqAm8mybC2LR23q7bpDyRVkR814SsWSsc,272804436,,,0,0
2024-06-19T16:45:56.264Z,5Q43yjsBs3XFhH7ipsvP6oxfZrZgHt3S6gZ3qt8BJ1YF9gfuLwq4smgC2JMJKcw4t6MCbBndjPD7ojHB23JzXeks,272804436,,,0,0
2024-06-19T16:45:56.269Z,k2RmDL3X89dwF22vEJkn3MtfLUPUhq7qH9oAKKHqkpmsMs1yWTXk5iwyiGGvooMN8mnPs4jFsACR4Hf7XAFvWja,272804436,,,0,0
2024-06-19T16:45:56.267Z,3RDZKTxDGkzj7NpA9BkDc62YdhFUSM6Anc7SqNsVg7q6DeoT8Mq2cpnsCgezwTYsyeiLNuxBWWj4eW6FzTw4ufMK,272804436,,,0,0
2024-06-19T16:45:56.265Z,66Td12SUQRuVS7VjY7nwTX3VMftnuH6cNsQpGXveoVb6m5Ut5sDHFrpLf17impeBEGuPcAvKufLQZvbtydToxAPA,272804436,,,0,0
2024-06-19T16:45:56.274Z,3VTiKNKz4sk4xeBNxrRpxE49LViA7vuipbKFmP8m7jsmtgWgJdf5dqX5dQGJrjqhnv5mK9KaRfoJtfwFNFHoBnZC,272804436,,,0,0
2024-06-19T16:45:56.272Z,27xW4RAcmRcD1zRWLNU9351KExvRvxyjGipr38r6uq2aUESJvj8iWpSVtDAkcnhvBwoFVTv9wqKMQfXdVViXjDKp,272804436,,,0,0
2024-06-19T16:45:56.270Z,4qSLqZ9YrJqmRcAzW8PCDbZXreETnBVgEc8NPrBu2ZPPsnbiGeAoQPEprLhrT2q3kPJB5hvew5dmmWpeEWexR24f,272804436,,,0,0
2024-06-19T16:45:56.277Z,3L1qM8HoTDLvLjpgbPRr2kt17Z3MgCvhc8QLtaxgZjj8XpnLyZw8yGk1p4CPM2VsSvUXV3SX77iRui6E6MxvkBD8,272804436,,,0,0
2024-06-19T16:45:56.279Z,2d2BNT6YqHoyGpGGfniL8wMxcnEn2sfPavTFPC9kDqvywcmHdgryWSkCXY1j6vEBfS853YGLaqqnW4Msb9R8PYuC,272804436,,,0,0
2024-06-19T16:45:56.283Z,56hyi7N6yuLf67GU62nfVmHMxExu9kPFWRxuP9LKRH1gGBeJ3Ru4EgqmCagNbbAfwZdJii2nKyiBBve1WHcQfXh4,272804436,,,0,0
2024-06-19T16:45:56.280Z,MewTQumtjMvfYqjmv37BGDQxVk4Us8u2rYtMV4vRCY4xCwrAq2t1VpmETH4fGfRNgpqccWaGmcdXUy66ou9UtRz,272804436,,,0,0
2024-06-19T16:45:56.281Z,22R8KkPGPEyW6cwfSGEc5rpjJ8i9KfuS964hC5HYBa1qN6ozcje8isytTJqEZRa4vsAyV2sdFnGfxMm2nNGvJ6dH,272804436,,,0,0
2024-06-19T16:45:56.292Z,2zHbrQtJiqktSYc9TrWtFFkqGoKRhQnL3qYy1rwWMnDwmjUNAPBQQcHAYMch1uicti9kzPqM3hqpjjD5SkKxnC3L,272804436,,,0,0
2024-06-19T16:45:56.288Z,3wzhz6gZnF5XskMxEP1D1QuAZ9mFoXM2c8Z5NSoS7xow5Z2TprFvYepV9787HQMxcxRJwJi7FeTdTu3EcnUipg5M,272804436,,,0,0
2024-06-19T16:45:56.294Z,5VsPgZ7iqsGDKazUS5xVQsMVybKd6FdZadsZ7xYgUAFoJnhcQN7epFND4kBg8K5pdQeYAwVNXHb1cLUtDeg7WNCD,272804436,,,0,0
2024-06-19T16:45:56.300Z,4LZvh1zMzwF9roDkkuYVy3FJ8ERbvcGViqbzcXFXd4P6RhmRHRNdLbLrw68EX3nwBmTFoxokfNkAzn4T3fvU2t2q,272804436,,,0,0
2024-06-19T16:45:56.285Z,3XGbZ87nX2dgJTuXqP7gGzokGH1JQP2vTLZ2ucEKyn1RJisgWiKYGWH6DnzfrfzWeF3feNk7wPg3BwvjUKBz71FQ,272804436,,,0,0
2024-06-19T16:45:56.297Z,4esS9rPhXip4AQw5tKXNDLhz11YPQTJK3TCEyDKucujvu5iwRW54P4E5un6LLn9MymuwyctaRpWG6s7dwme8y4da,272804436,,,0,0
2024-06-19T16:45:56.303Z,GB36y5zU5z4FrFsakTMbdYNXijk2q8gyety3fZr79HfQunEdk6cvN2Mzbt287fYdKdMGmQgacx23j4w2ArfmvqG,272804436,,,0,0
2024-06-19T16:45:56.306Z,5pLVKYoHq3ca1vZLJoPgSWvjuzGkDCM6euXK2oJy4ZroQHgTmjaB6sCAraQsfwyR45qyfgePWcAyTbTXi97HAYmG,272804436,,,0,0
2024-06-19T16:45:56.311Z,3FjC56UxLjNhVAjKemkpGg5tQgpBFCTQQG2iMAqhGg5B7UywV9wCeiserzWsbe1xHVmdei3JdnwxqiZkWP3RiRoL,272804436,,,0,0
2024-06-19T16:45:56.309Z,5wgUfKsbgngqLQD8FN944fzSb3qj6ZMqPaLuK9Rw6UFMdY34Ei4vq2YnRstB3jdfKeakQf7BtaawSXMzUgWxbh6e,272804436,,,0,0
2024-06-19T16:45:56.315Z,2UVXbXK4CFrDzqb9QpXpauNKGXMoeLDfo5Jkb7QnHHTufS2eve5D72YhoRY6aDiRXSoFJhRSxFnN7QtMPBiNcTGH,272804436,,,0,0
2024-06-19T16:45:56.320Z,5mPGWTujPYMKaLm5adu42xFfhD9KgcbYBeTBzXDpjj9fqUKKjeczXwjCq4v3KdibpRGMwJGRmGNaw2DYUkGKf5yR,272804436,,,0,0
2024-06-19T16:45:56.313Z,5wiJX1VcgtiDZDZT4n5ftKw8PF9xBpbJG3T4tfnaBC5MrFCo5hmMs6TaFaBuimwpsESyAFqEpZzQN3h6dPXWwhbx,272804436,,,0,0
2024-06-19T16:45:56.323Z,4oARrQQiD6rnpYXjAZ4PHwPgcEACg3M7MGuktg3GtaehiRgchS32yjckRZsY5jPFR4NYRNr3bsCawukDB9ywjH9,272804436,,,0,0
2024-06-19T16:45:56.322Z,3Y7mUjus5ZMysR7esaSoS7aNFHivRcibKA3tmYztsPUqvEmKZ9dQDZHeUuo42bGPwvxk6y5xgoHvwbbEJnucriPu,272804436,,,0,0
2024-06-19T16:45:56.328Z,yCnnmGhRNP3ugCwcdGsnrWHoowCRnWYBAAoCpjBEqncx8pJWM3iY3GQer5cmymgpRYHB8z7QgcGocyVe8UEdw4s,272804436,,,0,0
2024-06-19T16:45:56.326Z,z1pgH8hnQpmNrPXSj6CLVniaRCHK9TCt6XsHLe7Lpp3pssKTsYXekrrtUokTmmpUVviAGcMgXrXXyPA88Yq8w4C,272804436,,,0,0
2024-06-19T16:45:56.318Z,63c7jA6erqgtxV3jDrWvKbDtK3Cp9zHJnd61DWDsvG1bMsoeTis3sjm8mMeTWWPS7bu1hQ4hFDk7Eoivivn69Q72,272804436,,,0,0
2024-06-19T16:45:56.331Z,2EHi4a5n96vuEAh1y8F6grV3v1NR67myCVtYe9fja1L7UwyV89K5UMtujsRak8MPja2yMJ3hrZ5uCuuiVgMC3bzH,272804436,,,0,0
2024-06-19T16:45:56.332Z,oYC54a5z22ncPvkfHv76dQYuPxkFXM4Afh53y8yw5sQ6pWPt87Phs1G8Nf5acmGd5ahLBRbdRrkSd1xKj34nSVx,272804436,,,0,0
2024-06-19T16:45:56.334Z,4J3FGYG1DtH3P3bhzkA7Dj9qnnfFJbaJKMP7srEd28aEXDv7p2ScKBqB2Cm1mkdwjw1HVZ7vuVSssspeV3B3Sh3n,272804436,,,0,0
2024-06-19T16:45:56.342Z,3L6wit5uFY9hwS8vW62NJ4TJLyYSG3oHtFhfxgARpy7uAjiMrKxvKMC12YAv9pPqCrQ12UDkYkk7afAfZCtU5kJj,272804436,,,0,0
2024-06-19T16:45:56.345Z,3c3qo3NqeiB4S1Sx1ZNyDcXsSnZmYrxEqgTpGs11sihCoC99mAykwoJi2H4WbNddnHrePBUK1H4ttzfVF7MwruMh,272804436,,,0,0
2024-06-19T16:45:56.339Z,3tmQF5WGABgWCmCHQbiQjgrvRLzoqWfgoV2aThfSEZ2JTZcgG2diDqUyypXJE81Unf41PoQUnirT3LkdPiV5qJzu,272804436,,,0,0
2024-06-19T16:45:56.337Z,3RhnUyggnYcdaTYRnTbWo1ef6kMjCL2NLtYr3mBCWvJT2JtYg5LAGt9zphhCNBBqa8d68V88EPsajrNWGnsdnizJ,272804436,,,0,0
2024-06-19T16:45:56.349Z,JGysRPRXZFh3VdRsuAFM7gvcU4w6MvPDi3bADRuPCsGGSXi4Zw52AtpXdcNsoGDAmkda67rQnLbeUauCr5wdc9G,272804436,,,0,0
2024-06-19T16:45:56.346Z,2ZeStKhduuJM7pdKGDJG2Z16bVbBiBZHyik4w9oAEfVu3UAmt55oyLQggxszB7nGYzjpZQ97ssW4cpQoczhgwLHc,272804436,,,0,0
2024-06-19T16:45:56.353Z,3Mv1W8osurn6guCnfvCEh53p1cHqgieY3dZ3E7D6wYJizgbnqb3BLFV9rxeYBZ37eht1B4oG37HwGW1K8esWYwyR,272804436,,,0,0
2024-06-19T16:45:56.354Z,4UMZz7pZKURKvfGQFAG1Zoky5364puUBSqLD3UarkcwPcKYpWFr8pbQit8b9qh3x2JBR3Y3DTwyMvA6XUHbxXgMe,272804436,,,0,0
2024-06-19T16:45:56.351Z,64wpHi9pzAR34kfN3Zw4q45VcaAFsEVSjnpPwLzr9aE2ZE8MbaJF6A3fhgyuBbWaxUG68YJAgZTGW9s3zr2cvsvh,272804436,,,0,0
2024-06-19T16:45:56.359Z,uDhL81Tuykb9ZG7MXxJDWGdmbB6JE7QhxWRW6a8ZQzYJpvqsMvFLSjnkBAPnCXLiCj8XCbBAW4dPkGSxckKDqvY,272804436,,,0,0
2024-06-19T16:45:56.358Z,3oVSVYW7oo7twxwUzrXU58NggP8G2s8AZMyb4uHptMAhkyGoCKt8DM5nnj8HQKE5GCjgsHT99iPYP4FMcNLp9VUc,272804436,,,0,0
2024-06-19T16:45:56.362Z,3cRx7Yh2ZEQNCY3nxGUCvqKtGWMDEXaqeYuSQ5oFjetNdat61W8oAfcPnJ9XArj9APppxEDvfMgmF4rauywibgqF,272804436,,,0,0
2024-06-19T16:45:56.348Z,4uKWdnDPwP4xtFn3rmbeLgjyadb9xPRM4fTpisEo1n1yMS6YVppGVHrjBheXVo3g7thb5C94cCut8PraAE5Lwh7n,272804436,,,0,0
2024-06-19T16:45:56.363Z,4SnVC5RK1tA3pcD7wRAHUSe5Z4vs2st1ajd7Wjp4eb1HiPqAU7pp84xfYqnQBMueUAj5rantAdJT8AGLe3t63soN,272804436,,,0,0
2024-06-19T16:45:56.365Z,yPrK1HB4PV6H8rsWQ1Dw8LittM1GM2Mh6VS9aopwNcLCbAP8zuKbS73ZfRi8ZJjQveW9QFLJBpqWPoT8weQTswk,272804436,,,0,0
2024-06-19T16:45:56.367Z,3n15w7hZwSXZuwU8ADmGE9XfHjhu4nJyrFmeV6zfvDCKRuyfDPpoYdreXnCDjVi5CBipFzGD9Nm9F6C6McmnyoSN,272804436,,,0,0
2024-06-19T16:45:56.368Z,5HVtkSnhXknXPvZR3HJp9roe2uvrVtXvFencmMrGMjHPSwzdzEgTTRayEwuhCZRfiKnayhbTdxT8wMxobbH7MvjQ,272804437,,,0,0
2024-06-19T16:45:56.371Z,2LWXGsm48hvpGomWM78vfUM2ty3kPi7Q7bQJLqKYmBJrRqBTx9b59AcYZJaeHGtgWDUuH6HwvgpdA86ZWboygaET,272804437,,,0,0
2024-06-19T16:45:56.375Z,2Jvodm2rR3ZP2G7P9djVmeCcXD8As8UZzVnztaiSaf9VmZjxWnEvnQEhvcdeEtET2o6V6gVCeJ9QGHAuJaD4uTbZ,272804437,,,0,0
2024-06-19T16:45:56.370Z,MQCJXVrpq4TT6gU9kXnPvdfGozX1BBnSRsVyd5xC1LBxzdtUUiQ4R4oBJxAPwNiSV2sGFqZrMRiHJZeR5HS7XQT,272804437,,,0,0
2024-06-19T16:45:56.378Z,ECk1h2gBrGbvjwXznWSZ3yhSivqrqxjT5xAdETGZmKMwEXy2x8iPzfN7E2EnUXZabp639FxaBn5Lq8VkPugBwE1,272804437,,,0,0
2024-06-19T16:45:56.376Z,218YzLQqTmgEK4C6kVZZm3yQGw4R5KUVWoTMc56UR61j2gG1GSpRVCofXzh7RHEnJAgwC7pYTSwYtu41KAD1k5EH,272804437,,,0,0
2024-06-19T16:45:56.380Z,34xSiaeojFNzdNX73A2mEzKKCPQvNqGbki9QjaJNvjGNxQEBHuSpyBtfqUKY1WbCeRqxCyoPobjEhZAaVAa3RGAg,272804437,,,0,0
2024-06-19T16:45:56.373Z,D96KsVcju8RybHgPzJkPivseQmfqDRcf5EPhMzcDgkHWeNPgQXTi3YxeJf3vqoF7afsUfSGKKrJXJzczA3eL1yJ,272804437,,,0,0
2024-06-19T16:45:56.383Z,5DcseuPXdyKj2K3uLbiDHtsYbNqK6ceoNpdMKguZ3WPzQj5vUFHCunNiGtU3cg12Jf1xPpTF5eSFc2bcupVgMhaQ,272804437,,,0,0
2024-06-19T16:45:56.386Z,5N1VEZu1iQumPgsgShymRUBuVeM94ND5DNm6WtGMwmtHvMnDfJmSchSchDgpx8g5tHmLdjMJZPtZSMUw3cjZPYhk,272804437,,,0,0
2024-06-19T16:45:56.381Z,5N1tDJnd31Q1GaheZjbH7g7kmU6C34xM3AUHNFM5YxDgmDFd1qKGyS84vzi4Pva8fLf7SsqPfrhAf5CdjQwKq5LA,272804437,,,0,0
2024-06-19T16:45:56.390Z,5KJ61VyZcpR2d5DAVgRQuDk6tvpKBBb3LEiYywK9K9UF1i3intULYov9q7oNPXRhSgBaaERSzuvKupsgfcZJQHLE,272804437,,,0,0
2024-06-19T16:45:56.392Z,U92W6CMvEVRbKFVnZxHKzrjhPpo9iWBie7RRj3K9kW97eUmZi8rW8SCtfXecNRwej37oFqjG1YxDUKtXLwAjPKx,272804437,,,0,0
2024-06-19T16:45:56.384Z,3LWGSRQEiNjPsRc12C53WfeJrjZSEbkda3tcMWy4KDHuUSh1WsYHtPASSegyL3BPGkeUUsu2t1DSnakJgR1ZYtoP,272804437,,,0,0
2024-06-19T16:45:56.395Z,5Cm6obJ1FeuqvxUMBWfpCvE9RvXFd5WEjfxEuJcwSerR4PF8TtAcW9nb14Jk8chX2n9nWKsAiHw25vGSvMCtmLXX,272804437,,,0,0
2024-06-19T16:45:56.393Z,2qiDTMJW9PWga9LHCtAHBVHzkTyZcyhQxANqfUQummzEYasRoShjNDi3wCEvja4SfNJwULR4Zatx95iouGu67G2w,272804437,,,0,0
2024-06-19T16:45:56.399Z,56tKEVhh5yAgEQAJe1u4AUwBQFLaCMGDhM3SSCsxRXAo5aeECs3K3tfSLpLoKiJrZgmAysV5jRPef9zj2y8g4CfR,272804437,,,0,0
2024-06-19T16:45:56.401Z,nj31mN59mcvRaLa7zFSZJY3Ag59rPPi7UjHBiJwoQnHjCQrJyey13cQCKGC9769tukketycc6WfdJZiniwNBP3Q,272804437,,,0,0
2024-06-19T16:45:56.388Z,pKupk4HvKsYwtWi7JB9yGDsz29CvCdKZwn3JNmLFVznKpx1cVa5viY92sh11TFnJ3NhWQuLbno46v2tM6DT1E4Z,272804437,,,0,0
2024-06-19T16:45:56.407Z,2YJPKDJAAjH8vfXsFVQSPiFNt3eSTUtR4nPWrU5D2a4c88UF5VYyfoabF756KZebQzcFDjr8Qdcboom9HMq4yUFU,272804437,,,0,0
2024-06-19T16:45:56.397Z,iksxFZX9eshh5BRTiAra9fz4Q3F5NNhFs3Md1VLfSEUwDmdZFeeYJhE2uu7rJDrfe2hqUU2ceyt55KEaCqHd4tq,272804437,,,0,0
2024-06-19T16:45:56.408Z,31tAG3TxmSuemVXG9H39eEvcxUUXr95vdrriyPr3EVckMFqaDWKqijXyJkJS7VQ7TdEHk1EFgTqhiXUAa1EfCwSE,272804437,,,0,0
2024-06-19T16:45:56.412Z,53C9arCnZaV7UHZ9v9spCwmxCcD7BtZ9D1azBrDuy4HRpm3rgkNxZZTsaPLYRd5H5827VMRKFTegLRh9zSKz51bV,272804437,,,0,0
2024-06-19T16:45:56.410Z,3X65wiGSc9NpWvJeZhkN5JfD1V7XnQRZrGorMLZZxVF4XG6c791sQYoe17ggQh3631pz4aq7e5w1GfEtmgzeCfB9,272804437,,,0,0
2024-06-19T16:45:56.405Z,vNfLHi1cghbb3dZVPKymqckDvtGfcYSxKQfn1qxySoh1ZUZJJJD7siZiir9PcxXpNWfwFwm4KVC6r4cgXGuyENF,272804437,,,0,0
2024-06-19T16:45:56.417Z,3dPDGegsANzrP8j1SPS7M2S3WiJJHw5c4k72edkRwqcg7m4QJwUGCVtt6SyATyyeJB4dA6txPeiUbGFFcobK5EW,272804437,,,0,0
2024-06-19T16:45:56.416Z,jqX9yzQZETRsFEBH2tHFucFHzHpmNo2xuUfvNCby7cjNvMpryTwxu6nBVPBrYxTsTS7XWqRBXSpUC4hn4nG3Q1q,272804437,,,0,0
2024-06-19T16:45:56.418Z,3FAKreea9phFKjngkn7E1PCQQ2T3chJeXWsY4A7FCoaffoYjgsmb7zVNgAX73RfEJygQWUYmmBm9o6oN2VJMWTBz,272804437,,,0,0
2024-06-19T16:45:56.415Z,aPdjxNh8NDGsZSHzjPsyvcXT8oSREoTZxKEXeCRipCp8N3sMKUGdEEbCZ6VyaUDGxwd2ERUQjGdGisWTTXpFqJC,272804437,,,0,0
2024-06-19T16:45:56.425Z,4BgEaFVzDLfQHxquwfxyS1xKj2YfGKfuELSuPzGJZW29dG73JfqnR7CDAhzqu5Wym69RqQzND2x3BK6QgrmP22vY,272804437,,,0,0
2024-06-19T16:45:56.430Z,vguZVjq1LQDcnXAKzAeEhvV6ySfAeWXCfQq36LApdB6kTM3twhLJeeUhx3zkAsRoJBQ8UuMJrMXJ2ApBBcZKMTZ,272804437,,,0,0
2024-06-19T16:45:56.428Z,5KFokbNSpPfh71bukczM398iW65AyHLe8zcnenFXnKxavBRtXnNEKvhCqGDJbETfB5HFJHHCYn8PqHRR3jE6ct7V,272804437,,,0,0
2024-06-19T16:45:56.433Z,3nWkJ7fFu9ZemvFYrRaA5rdMM8togHhRXQuMxHsyHwZnGvLRpkzhD3eHvenNvA4Ue5QALjLnrQ7b6LFNiUA9DARM,272804437,,,0,0
2024-06-19T16:45:56.431Z,4FJLvGxMGQUMhZvgp5UXfpt2L5o2f2A6ydeDyV8rVnA73oWtQyXoLJNdcRMqnwWtgcnNXBJLjU9emVVZhrKMiq1e,272804437,,,0,0
2024-06-19T16:45:56.421Z,3vC23CqemQ4oXRrB5GgfWdAJpev78xzjhiUfSNW6NNUWC86i9dh4ft3Cb69DMkUmgjxg8aRKdjtC6ibuWx8HwuW,272804437,,,0,0
2024-06-19T16:45:56.435Z,5mLvvmNNALqNxqUZ8BeSVYUnQd9ht6Cs2rtZgd3K6Pxf66UfGGDyd5SMG3YVdoLpVhPXJXYnw1YYrQATqSn3yqJq,272804437,,,0,0
2024-06-19T16:45:56.437Z,rnW5q9rnHTWFd1crRYSpM4vHsMAYNKdAn8Dok59kpqr8WDU4PYF4y4mKyN8yfFCsSGXQpuGt9BVZq451vtiAYew,272804437,,,0,0
2024-06-19T16:45:56.441Z,4QbLnEgtEpDHWrVBfCUnEsCtrQ9rVajaaoHGsNTVCdrtLHB3HPKeLDW8iWT9xxbCRwPpw4xW42Uxo4Q1HreeX2Ge,272804437,,,0,0
2024-06-19T16:45:56.446Z,fphdLhD4fap3g986c5BcnHu6R8BBTsGW5sJJfHPNkpTWixfFXFcuA2uBtvp3YhqfFaEp8wJVrwyyaXVmgZw33wF,272804437,,,0,0
2024-06-19T16:45:56.444Z,4vwpYYbey9qGhPk8hhN4jowjcMdPDXr8WtysUMR6W2SPnVQ8HdtDSAJt1PUQ3UTdPzuxhVepkn8QQuK4vRCwPi1T,272804437,,,0,0
2024-06-19T16:45:56.439Z,5tw9Kvwng56xacdk7zmqAgusKJ2dS5fpsxV2MCSo6nx34GWt8Kt25SAa98ka3BCNSj1Poak2qBbAqeBfgvBgRNT8,272804437,,,0,0
2024-06-19T16:45:56.448Z,3wABmdW8ngtkyVjQ8k3ZAidaEcLf9GRECXf3tmthRF7o4LTma1q8RNyvUut9TS1xZCzJg7UPQsPYpX5xjpAgZkUE,272804437,,,0,0
2024-06-19T16:45:56.449Z,5wwz68CUE3xPrr9kLKREp25mG3tZkwZuZUzQU7t4zQurcT2JXtpT4dmyaQWLvaqmnEyq8ywK2cpjBSjJTJnYL8bB,272804437,,,0,0
2024-06-19T16:45:56.451Z,4xpoxPP9MwkzepL27ZtSbeg6QS2Srgv16zfAb7S4oYJvTFQdcu5wZqXwtY372WucgLYnibSmmP7bv7hdYg75wBT8,272804437,,,0,0
2024-06-19T16:45:56.453Z,1xfrNFKxCQbaxvXoYWMagQVrUBHVAh56tRq5zRFw63JJpeRjHbuWWDYeARS7n5GwWJT99ftoKHQvxivmqGtn8sS,272804437,,,0,0
2024-06-19T16:45:56.450Z,3ZgHMmWTQ4JnXFF5nAuLE75C133AHWTTSHdctkzjL544jchVsYZFCtP6BAGVawwDVnAn3sLqbjnYB3GKfMnGfxZH,272804437,,,0,0
2024-06-19T16:45:56.454Z,5y8oBXYpsC1Y7JHCvY9QKhTrPRFAehfvqTQtjSF9sUj1maX59v2QtAqp5JTKW1jz5vcB68s7iunxT7ABcsetmw22,272804437,,,0,0
2024-06-19T16:45:56.460Z,5zJV71NSoyuZfL33fkr1KRzkQgnJaE1fQRvjKDTiGtjXNxr2YGpPn5YZaxBXTkcFDPg2Bc3PMbomP2VyJkXwR3Gx,272804437,,,0,0
2024-06-19T16:45:56.456Z,3QCHW9Enfw7kE9qkMUvpQQgmTKUfckrAdHGb6Z6KTUCNqnNbo1jufUQHWQDtHpL5tQneoQrbUeVEtTrfABRTB3xZ,272804437,,,0,0
2024-06-19T16:45:56.458Z,2UVyYsPezHupmtC5AjdnKFki9VjCjYQYYL1yuPMAMnn77VWJRMQCeuiXD3XoMpL9ocnJtvae7uw5SUiMPcTBW1XU,272804437,,,0,0
2024-06-19T16:45:56.462Z,3K7maP5GXz9RepAeEeYkZNbFfjZMceUURmdM4fBDCTaZPsxnE7uqgpZ82TtFGwcrapWE8zbd2SKfF91zqEXb6s5s,272804437,,,0,0
2024-06-19T16:45:56.467Z,36aymCgiQQM33KGutrnpuVBaCNDHsVfNmADhtcqJfjRadWHKy8KGyvYwgW4bxrrQT64H4r4NWLAnfgEqMtuyhRxu,272804437,,,0,0
2024-06-19T16:45:56.463Z,3psVJCcNyadeMtcAx4A68JTJgSVEoWvNPMdf8E9c8TdX1QN3oakGkach2GjRMsta3CFDcZDWotbNpb7xetqArNox,272804437,,,0,0
2024-06-19T16:45:56.465Z,5Hp5Ykem68XobthxxG7M9Wg7Y21n6McHQeEy2nFcdMSXnzAWUxoUYo4neSHGfvgqyEEAkibkQejPQuds1gogq2eF,272804437,,,0,0
2024-06-19T16:45:56.472Z,SLMn1GudM7j1nTcC9hq9fNWb5JrC7k4sTWVy6zBGoVyrbRL8xEGJLjDGYQ7h2wuTvReocHButHYMNEF9B7MDcy5,272804437,,,0,0
2024-06-19T16:45:56.470Z,5Nat41jmbNyS7ehxAy5xAY81F36BWBoTwFbrCf32YX8RCHRe6NKFv7UgKxKsHKUue6wc87rj5TmrYVXFtySungYc,272804437,,,0,0
2024-06-19T16:45:56.469Z,2gEM5ApENDAnCXj6WcJAPNpjueFc7gtQJzt48DZGcJLa5zwXe3dk9JpMsnF86Q6bEsiTe3EcJo1CBR9PGqAgfgJv,272804437,,,0,0
2024-06-19T16:45:56.474Z,4TLZwRfXa9w6VsYuTTJwHrZsgrFEejY9RSqr3sEWhsaEwnBeCAouBGLcgohN1Za1N7ei6p8ijqcG875tBt2CXn5D,272804437,,,0,0
2024-06-19T16:45:56.479Z,54y88yPfZQwBcckrzstXJWYEt5xhFDfnH13LPRu7gbrrrFDU9LJwWtw6K3qYo9oP9pLWS7W6x2DL2ka9kmbji1Aw,272804437,,,0,0
2024-06-19T16:45:56.478Z,41swSVUqZ1AFkuMvUdAx1NK5b2w1Hvatw3iYu3UJjbvKTiAFFY4VhNTCyZudejMF9hybddshUNym19rncwBDiyb8,272804437,,,0,0
2024-06-19T16:45:56.484Z,zb2FM6qLEvuuLQGmSCwY4jLb3MfrxXAQ1DsaxW8GP3AWJqDnjh8yqLZuBf7mHxN8828bLN3pdMXbxVyghiARZcc,272804437,,,0,0
2024-06-19T16:45:56.482Z,2RCEG9Gw8E6pVuhZWuy8VZLNhPTD71FjTk9dCCeosQj2PFzvFiRveyFwsL33EwTqfuPgGwxquM7ZUEUfsu4ikvny,272804437,,,0,0
2024-06-19T16:45:56.475Z,4fJ4T5gY954WkSBPbAoCTv7aYHPQ9tfyA4bjYMhNhpGQ3zyEZBmsdRmErhLM1X7CGNLv8sjd6TvaAUvKaQf1ZH4Z,272804437,,,0,0
2024-06-19T16:45:56.488Z,W8ChHq7MViq716vgCMpjCMtpsqPbU85bQpPsMBPus1QD4E3dZvzkrxfyevptcqBnx9hzGxMZ8HXhV9wKxHk98s9,272804437,,,0,0
2024-06-19T16:45:56.486Z,66mAeEfsZysZPXnTCxmFN3CiTBm2SZFrepaaVXigMmcApEYbHnUr6Vr6wMSCj9vMFSYUiPB4gSRWQQhPdVsXxgJ2,272804437,,,0,0
2024-06-19T16:45:56.491Z,5gHDKNP9mVkTHFsmnBF2rA5DxFBUmiVFB7gbiwbH2D6yU7i2TYJ9h21tVqzee1Ubv9RHY9uDHEDKx1NdgBFUoVeV,272804437,,,0,0
2024-06-19T16:45:56.493Z,4KU1TgC68x4QmAM1yECoffUCTTe3XzegPE6oi7P6kLabcw9AULtqGW41BWQedzsHrVfL1cGJNLrKK2RsSVpsTrck,272804437,,,0,0
2024-06-19T16:45:56.489Z,3PMkY1MYdCFHVtNavySEEA5cF54dwngHkrDrBug6L5SNDDYprX3BYKZbJDUjAJDvRWENqkGwkGST3P1xZB4Wfygs,272804437,,,0,0
2024-06-19T16:45:56.496Z,TWCf6pwQCskEMgV5NB1KArwqpPpZ9fGV8YqXbvtJWGeqjUE6RBMp7h5AEAKk4k35hSKaRnZMEuipueMadaJFuiE,272804437,,,0,0
2024-06-19T16:45:56.494Z,24K5Ua62QhG1Sr4YpRNojv4ma2NH2gde73i1XchoL7NoaoDhtmF4cuGfp3t2AFPBrAzkbmNECAEfrT8oUkuHaawy,272804437,,,0,0
2024-06-19T16:45:56.497Z,LvxkGKwZ2PyvMoKV93AdPJRwKzMUQzzFVUdK2cQasn5XyZy5BNHtLUXk7Fy6tfBUCma4b5L4KGiEkZhkauEvC5y,272804437,,,0,0
2024-06-19T16:45:56.485Z,41MZTwDQjMEATrkjT4N8aBGtFVvBDY313n75roVpEKrEUkCiM8otVcBcZQKuS8cAzCqf53XBoM2JBkhCaRmcKU1x,272804437,,,0,0
2024-06-19T16:45:56.498Z,3EWnfKani9xm3n9hvkqCYycW22A5hruwpXUoT8FWaKk9Nq5j6bQsEavcqYDDYK3r2PZLQq7Jp8jWExfN9Fejyb27,272804437,,,0,0
2024-06-19T16:45:56.500Z,4YJuofgsNsL4Un1VHEVNaiGEMgRfn7yHAAix1iThXimHJ1ti54q4LTxp6KVkBpSFzgJb6PSmDt1q69LcJ1uPchaH,272804437,,,0,0
2024-06-19T16:45:56.504Z,2fTjvAvXbi4i1hK5JMKETNZkp6Grz7GiRu3S6c8tMKuSxvL9LAS8JoqHe1CSYiwAP6gCXJ39posq3HF2osaQnca3,272804437,,,0,0
2024-06-19T16:45:56.501Z,2gy6PRV7NgJveTVQWLUm7pBhcpLUG2Lf87wm7XzV7npXPmbAVhw4MHSxsTXoCDVprjFeznc8fCmNGyfCYNAaWEri,272804437,,,0,0
2024-06-19T16:45:56.506Z,3EDtti1wnkeQUdc7DHDgNFzUgUsPtBS52AF3LQwcbENZ2JBNeUZTADdUuf3KpXJUGY9LaWBBVsECwmkrwDcVrp1g,272804437,,,0,0
2024-06-19T16:45:56.507Z,aE3xCyP1RQ67whZVwoxuRmafrELJoeJeojqyRSLYg7ogD6aTk3cnqcsYpLdJLYbqkw4YNeKXWxbF1aVkZzSTCDA,272804437,,,0,0
2024-06-19T16:45:56.511Z,5mMiHKgnBcQVj55KLHdTdmJCTJknAhN6dJ7PeDDkmXV56tcnK2GPXxuC8EyfmtPEDATRoicGcjEPqXRWLh6DH3px,272804437,,,0,0
2024-06-19T16:45:56.509Z,2eYCYnKGqDTY4hVu3jtDiKKgVMD4eyQiQouUVg6TYfEUvtsUubP7ru1uPqzqN3qSDaT2pKtE6UN9BgXPjJjsVz9n,272804437,,,0,0
2024-06-19T16:45:56.502Z,3qRmCA2TGa5xSuz6qC1oBdzXo3fDFBc4afcjf47YHTQKYkGmHFJTJ8Vs4NHin33dDd5mMybL64isADsn2ZJc7Nn,272804437,,,0,0
2024-06-19T16:45:56.513Z,3nU7ibudD9bgTRedqb1xBdAJ6EREEb5oAZcSvqctmrMkUiTv3444k2ahZXvkjMsFDTBb9jJaZQtHuoYHoAf6kyr6,272804437,,,0,0
2024-06-19T16:45:56.512Z,3dht21Q4iqTseocaybKAaqqTK2VwZZYMDUvqTjTGwRzEVwZgx2u6vzWLGvAGxvVLcoZ2XAMDfojfreLkGRqSjy3E,272804437,,,0,0
2024-06-19T16:45:56.516Z,a4g1EkP3jQjmqourqhzZVVaxgf3PNyP8dFAXJZHUcFdKPgmNGsL3ZiH9ZArrJbEowoC42MXmrNdh1M3wvZ6F8BB,272804437,,,0,0
2024-06-19T16:45:56.517Z,5hoRaoe1aHzzj5ys2dobkikqKdtuP2viwD6EDYGarFrZCXEYqbrqckQ17Du3ne3NwbiCYezWUmhPX4p9ZryXzmNJ,272804437,,,0,0
2024-06-19T16:45:56.520Z,364SUXjarvyGq2UFsitDSVGuNUX7tHajLK6G84w3kkS1QyNbAubsUE6oHfivxoSHkcYLNyXUKePZ8wYt9BRyqJ1k,272804437,,,0,0
2024-06-19T16:45:56.522Z,593wg4dD1FPB9kRSSHoxaWvUBEvFDd4uxx89nnHurrVryi4iFhGbf7XWLorV4jpyeCnTCBjYkYohkkmnoYuQQXVm,272804437,,,0,0
2024-06-19T16:45:56.519Z,3FtpMm631RA3SJqbrxhZ7q2uVeqY6JkByNSjC6sgxsXypnqDwC86rtGuqHqoca2boat3MoxbvZBHuQY9YFJCLtMK,272804437,,,0,0
2024-06-19T16:45:56.523Z,47ZGefBCAbqxQ4YbZT59toyYxwEknN95h1V8xQ3cKhK4uN44ZSfXPK1a9EcNkQ6fryYit1JA7FHrDqkVfav4pbFs,272804437,,,0,0
2024-06-19T16:45:56.515Z,2FNvLyBJq9j6RLbFZnbLxSwFvWyyNnHqGtKaMPTaQtYNLBeRkLCTSjXQscEeyXWKy43kDfaUAhDJRaLfTDzSaLY2,272804437,,,0,0
2024-06-19T16:45:56.525Z,3kRwzQaC9Q5gkraWEiJznzDcVQmtZtuPFxJW3u5SJzLVa3ceiYhR59wVeQGpkELbRiniMcJUMzfxXTFAXXWLVH3f,272804437,,,0,0
2024-06-19T16:45:56.526Z,4k5RZegUokJDxSRMGnji7NzKAf3YSMKmfpUqwRYpYErdGRjsDDahtdSeAXjY4pgUiGGFEofVPdo7qyqw87S7xkFs,272804437,,,0,0
2024-06-19T16:45:56.529Z,565np8ZSnyVjJ7U946F4jzxboSZ9L8jGiDriXLL4PAV2W4REUYmKWMbBgT2pCn6uWcCnAcDkB1QwLB1akdnF7y8V,272804437,,,0,0
2024-06-19T16:45:56.530Z,47XgH4jZfMQ6NdPgCFTYjBPBfEjstLD54uAHRyxmsjV3xTo7x1ydoixeno8oS5Bc47Qogo8JNP2goX8jW6yFTmEt,272804437,,,0,0
2024-06-19T16:45:56.528Z,2pC6Svt2FvtKkS3ET5hgB7De96dG3KvcyKcZgwUBUe6SpzBpDWXN6LyawktPjavNS8Y3e9Jh6ap29SiSa4xzthFP,272804437,,,0,0
2024-06-19T16:45:56.533Z,4aCcwjCW8ys11jGK2E3DCHXjfsh8VY23voE2LmPK4wWBn93S68vCkgj5hiBbVUisF9KHayVLivXk8STXHycjgNC3,272804437,,,0,0
2024-06-19T16:45:56.535Z,42d7SWLUpJBkPydNG7iqCY7saRJbS1Zan9jFfHQnpYYJFESHzAmbMMbBWKgweaiRQ6MB8fPXPj3vo8SdKkJCmcUE,272804437,,,0,0
2024-06-19T16:45:56.538Z,4GaPWQDbd2H7XAxndkCxVBSdQPfqvVQwJwdkvREzkyedwj1feGgkqQtXnhsbDpZqgxQKWKvn8NegKVADm7KLKL3c,272804437,,,0,0
2024-06-19T16:45:56.532Z,2kgu7fhTZPRe3q2gsPNQNBM5MPeyesunTjwpMg7ogpYZNULLMR25KHf3W7w1ByMBmELqnTb7E7hdFZ4JtsFwnGfh,272804437,,,0,0
2024-06-19T16:45:56.539Z,4S6qrJCHKeqPvHpdFrkBf5NUSy71NZTfnPfSNbXc4T4Q2W1uX19RYQjHQvaHZqRca9p5FfaBcJFDeeqHbhhjojUy,272804437,,,0,0
2024-06-19T16:45:56.542Z,ymAEkVp2fy6U8y5u3WbbNhWbA4CqYH53KRKVq92Af4exxgrcFL8gHdf4dk6waP8fLkqEj2UkRoC3VS9jRge78wh,272804437,,,0,0
2024-06-19T16:45:56.541Z,4Ye79AFSsSjuMAmnQkhb1amn1n5ktCTAkCCmwxueMRfDnU52TU9Xbr8rZS62MdhNuqFH9GpUFbfYLzbgEJLd2A4B,272804437,,,0,0
2024-06-19T16:45:56.544Z,2BuCmJ5Pe6vkyepiihdFxqSgzK2yTez2pKhYFpRQJ2WmwxZ7XchNaPmtre7WPAgGa69tFuxXmtMgz9nDiMgiJJM4,272804437,,,0,0
2024-06-19T16:45:56.545Z,2ZKjJVfT7f4GWmcU52HGt7VwPVvWtC4GwxgpS6sghedMzSASVWMByifDTU4RcBu5Gwezm2VtTYV9wPg9JS7BL2fs,272804437,,,0,0
2024-06-19T16:45:56.547Z,5Mk82HuA1d1rnePQ84GzJ5Ax2j8j6e1GL3LLArkEn79bXqcynxEzeQorsnoPs9H1PMexyqCoiibwTZTp1DR23nQP,272804437,,,0,0
2024-06-19T16:45:56.548Z,qeM8e9j6X2J8d3hv6H5nf2XQoAqEjKHCC1nGsPi3Na8i91uEPDaiqAkBRmAC5iXsXkLbosUyuzq61kYKn5mLFRj,272804437,,,0,0
2024-06-19T16:45:56.549Z,2VwDDHrES4kPeS1kJz9mUZeyYkUgnzf5EeYGejkSUADWmYj3kUCECQx2PkZ858r5jRKDMaXFtrfaQTtAwbFv873G,272804437,,,0,0
2024-06-19T16:45:56.550Z,ueWoURp1FKK8E2HvUAu5X8wpxLpKRScbqd1UWZZTrWoepLUmZabgobe45XeeqGmXf3bVFBH4745eNPY22adjw6R,272804437,,,0,0
2024-06-19T16:45:56.552Z,5PTuTwStLCM9xxwzzGFc1ECHUwpQ1b9rJMPXk9sJBNf2m2wwGKa8SdmgugLE2y2ZUp6QqiqaaiLg1mztKB9vy6k4,272804437,,,0,0
2024-06-19T16:45:56.554Z,5LuAxjzgHn8rrK5FscypisTm6i3Xk33UHxvegynWEHHkHrNPxD54hwCBuYUj5jzg1cT4Zze5Q7oEuybzguVQtsaP,272804437,,,0,0
2024-06-19T16:45:56.556Z,T3VHjU17Z9fERYoaYSi7wQUim1nFmVQrdjbqtSdUZxWhQqYgWwgeycbHA7xxFFAvDdWZSxCTZrujpbQebG5GsXy,272804437,,,0,0
2024-06-19T16:45:56.553Z,2J3TykKnMu8ZWFwVaMscT7Rq8CRGjTMTG9vdtPXNkYrA1MTfrzRopNu2JDWq4KhmxicWqYYv6xM7iC8jZDDr8MjC,272804437,,,0,0
2024-06-19T16:45:56.559Z,a5MuoixroaUYydPs13S88NoG2Y39rcpjeWsreia5ZqUiDivFCLLvU2Kss8rCNmqRLFbpKjLsTAkLo6r7QeYX2Qq,272804437,,,0,0
2024-06-19T16:45:56.536Z,3MaysnfBBFKrLDQ7NaHx2n17qVmrF2FryUvXTDQPyXvdYDcW7ZeuGwnFRdvqSbAv45ovgXmoGvHKL3ePVe9jcbDk,272804437,,,0,0
2024-06-19T16:45:56.562Z,4U3aXx7GkLSTQpUKVEqGCuW8bzpPQfrF32nmEZxoA7XMytFs2VJtBw7rrNuBYNtKGp7diZLunpDbD6MkXzeHcZy5,272804437,,,0,0
2024-06-19T16:45:56.561Z,5KPndpwbfaV3f4AC5g4H6ukc9uAcYBn4dWaNrGUNNYJg9U7c6Hwu9GesMKhkjM7HfZQMYEqixHEq3zNSqmm25t3t,272804437,,,0,0
2024-06-19T16:45:56.558Z,4jniS81dxSHf1W21wTE5PfvfhwpKZaLBNGwQvq6sBYkNxHeBprnZjMf9jvazxCZJyoByxKn2Sw6MV4UtStMMfb6k,272804437,,,0,0
2024-06-19T16:45:56.567Z,56DXz5erbEsmM9TK4XUiaktDGYdpdAKXYiEeRJ9TWW1pijMTUoJQhY9QRc77XsZyrBw93ff2o8FvKatm6tGeren3,272804437,,,0,0
2024-06-19T16:45:56.565Z,5fRoj9VE8CMv4BvfYGZWqJLaRDiwXt93iXGZZwk3G6KkyiJKh9aarMkpJdSpEHjuMQe3CamTdzvo8DLigjLrUa6Q,272804437,,,0,0
2024-06-19T16:45:56.564Z,4BZQLffgBapHpUBSJVA7vfWHVqAroY5rLUq1zTouvPUfhJm2mFwFkP4aP6YMoBcMBUBiGgn8Au5ojFvu7xMQ2vk3,272804437,,,0,0
2024-06-19T16:45:56.568Z,3thxJUqsdpkrDZ9StNGuf8ex7m9WXEjiQdXdKMJPhQERNRZM7b3Nwqst962jq58mskkyxkrrwR9ejApLxuFZJvA,272804437,,,0,0
2024-06-19T16:45:56.570Z,65ea9tAGamJ6BMftMZvfrXF13WWhDjJMuBZzSJZrnwzFmyErf26Yimix1cHewcnUfhZTv8ixXZkUxsGX4dgre2hW,272804437,,,0,0
2024-06-19T16:45:56.571Z,5GUHxNE81JC655aKMp2RhvPbuYd2x2dJ1YDvRFrXbkEvnGPsfKtEK3Z1vFUUJHEB7E6CfkiGUVYsNa4YbPP5FyBz,272804437,,,0,0
2024-06-19T16:45:56.576Z,CgbFgM2WnDHddwdHqSdEUzc4ob1LdhLAViBfQkntEbhtWmHiqYA4UWUEVJFDUA3TRiCZTULcVbRtfXPmTTKjTqF,272804437,,,0,0
2024-06-19T16:45:56.575Z,5JeRpTdRotsDYL9Pdctaz3EHzWWfTCUFNnWKusc9McE3usepD3sS8yCWoNmVEu2W23YfNsaxocmT3Y1N83mKLjxB,272804437,,,0,0
2024-06-19T16:45:56.577Z,3M1pmMco8muhur2Xxirgc27dzn8NPExE2w2g3UWW76dKCRzFKJsibJXqDG7cisfLKSQwMRK5xfcsEXMjS87z3Enc,272804437,,,0,0
2024-06-19T16:45:56.573Z,3S3LYDU9bVWMrZLFRPTu4MfwsWhrqEMQrq17f7R8tfmdH2ZbpYt4YB9smJRp55CAv3eqAWBXUV5W621gc84joCoT,272804437,,,0,0
2024-06-19T16:45:56.580Z,5nJWmhqVrUSrRgbhv7NdDnxSi8UfdeuL1QLLeGG1QCdnUzcXnqtXe729Be5BJiX4EgKX4CoBb2wXdP8mSZmFHWCG,272804437,,,0,0
2024-06-19T16:45:56.578Z,3Y4yiiZy2vqYmbV3J1cJLH4cSGwCA3MmDs9rmVtWLtZzKx2ULKLJKRpyYyZX4pBfpMbjRAz4aJTTVoUkiVnYBanC,272804437,,,0,0
2024-06-19T16:45:56.582Z,3UTbo7KRT3cpDGgF2bSoyGssV9tDdT3vDfa7EqHB3yzzymng7K434RuWfJh5r4PfFkiLjsd5KMcqcdgYicAXGW9H,272804437,,,0,0
2024-06-19T16:45:56.584Z,3BkmAUfLijrHNFgbYDjsXCraShcwbgvDGh9b9qVQnLr35WFCiHv34pZNb3iGx5DCdBsGMantAUZk2yFsuB9oMt6w,272804437,,,0,0
2024-06-19T16:45:56.587Z,5Jmsh7gEnbHwbvzYKrq31QuSGnEFz7Q518xmBSdLLmCpg8Nhbp81LfifbzwXGhnQmb1yeehxb6jiAQUXf4qDLLXP,272804437,,,0,0
2024-06-19T16:45:56.589Z,58N1WojYU6qtFJKF1fUaXPYKKZzkS8t4PmYAf29bj9qDZvuGy6nTWYqjaK3Uh3AGAg3eTVttKbsXvzsKwhaBQdhC,272804437,,,0,0
2024-06-19T16:45:56.581Z,4CWA4hkdbkEMftQGMi3jLqhV4cgNet896ipr2uahYxJZ6DNUijRLF9DXc2ZdZYsdCjxY2KkQSoBYAL8tyDoSQv8N,272804437,,,0,0
2024-06-19T16:45:56.586Z,5MQ7YozPUEaPFZWwLJDXy5uvDwsgedMyTxJMpwePoWmWYzXcghQrZxh4eJhns5FYCXE2LBteRh59f69nqhdjWvXV,272804437,,,0,0
2024-06-19T16:45:56.591Z,3559odSX3nkDr5iToFvZpxr1YgtqS6ThsW2yLz21EEJ2M1554y2fKoZ8tuRCj1qwgznNHgYxnQnazEQrYCngBex,272804437,,,0,0
2024-06-19T16:45:56.594Z,4PjFDFkfQfRhZnGFc3w64sv5qYHgsYJLZQ4tZTahNe8m2Prh5maQb7GwRfdgbyGbSna7jrYFB8eYqdBpJTewAsvS,272804437,,,0,0
2024-06-19T16:45:56.597Z,4BnqJNCDdn363NTDmeiTfJbcnHfHDsmmP5mn7gh9qM1CxqjZDp7j7SJcyWXBBYv7jV3E6qYtecRYLhsjZGB8J6nD,272804437,,,0,0
2024-06-19T16:45:56.593Z,hUUuF7fVuHaDT9YeW7XKMJ9xRziCbwmx3qtfRZjH1SDkaJ1Srp4dUDDQzW97iT3tRTKBJkKgFkEp7a3sRcH5aDn,272804437,,,0,0
2024-06-19T16:45:56.596Z,3X861frcaXerFUUkfteCkcQzAUc6mZJ2ZrJs2Hi5PZXkwkJ89myVx7GFJFvhxfYCkZ6zaNDPnB8maD7V9SVCdwsA,272804437,,,0,0
2024-06-19T16:45:56.602Z,5GpFPTryTHMCPGnv8KezeFtphG9ue1Fi9XyHzYmpsLu96BBfKRAtNgZGd7AdjsGvp1AdFMcJHVWf2cSWeTMUH9FA,272804437,,,0,0
2024-06-19T16:45:56.599Z,24unsZfdWDQEBu4tpZ7qu7uJvYYCtrJaK47YDQJvxKGk1qsFGRcVbbyp5wGs3nWV8p3G1idwyJKnecD3chyL4ReX,272804437,,,0,0
2024-06-19T16:45:56.601Z,2bqRt8vbfKCGoa5YDhwfcmAa518a8gkDL9jvoFUYgYU5LdMsosSoN4xuLyyBYzZjJRrLWzoKz4zsASYGvRmDW5F9,272804437,,,0,0
2024-06-19T16:45:56.603Z,63KYWfuf3UKKZ6upXQwKZBQXnJqyr3rNqcEWkKNRYbNZQP9mDpgXdJU9QVFnD4NbUXwwJgRBnED73i3UcFx5vE6f,272804437,,,0,0
2024-06-19T16:45:56.608Z,5dKXGToDcZJAk7e7gdxKHRM21gZ2AkqSe7LpXVQXMUNitiYJLciiLJPHRuWtCW8Z2Z1fHxKGFEbqJcFgW7G7zjsV,272804437,,,0,0
2024-06-19T16:45:56.607Z,4ZJBsxSBEuLmAQSuvezmCskyHJqicP9628zrYbw7Y7P3gmRVhqWkNS1bpsiNLtexRAGhUU5oNgZAymYQBp6ULQQ9,272804437,,,0,0
2024-06-19T16:45:56.612Z,2NbAWuKNh3wpa6bcmysrMKybVJYRMVxX3mLN3yDFE3XDVHm6qz3z4Aeacg1uqq61a6zSjAyx9UgrjYpXE2b2n9fz,272804437,,,0,0
2024-06-19T16:45:56.605Z,2sPsR1e5TwHQCuYoEqNoecMcSsGbUGPWfDcGNfH1KGNioGiVsUPSa52e8wYwoPuHXzRHAGMf9qHQjZYymfQWS3mm,272804437,,,0,0
2024-06-19T16:45:56.613Z,xrR8EqmkZrx6d1aK17WgQN2ZasVVUG7xtSvAgEo1v8CXYosqkQhuFE4AnLW9pqVnpuetmthYCpuxk3yow7dgDHV,272804437,,,0,0
2024-06-19T16:45:56.609Z,4s9kabqpNCjsMR5Ag29Z1j693eQCyxW89f5izNyCMgcnYJpCJJMiHZK1gtexGzhRXqxuyv4mMguHv8XrAeT4c2w4,272804437,,,0,0
2024-06-19T16:45:56.614Z,raNFjVjdgEoatGUiLd4F8TLYbg9thDpihSL2pZqo2BX5FpiPK8371YoTegN2uXaa5ZKLGukJpV1iqAKUMbp1a42,272804437,,,0,0
2024-06-19T16:45:56.611Z,2VMTmiLwkunqC3JASHte2AaxvBryRy3SpN5LWMPNfGBiMxbNCLxCWmfUqoXXkEN7vFJTaHxsyF5kwrHvD112wGif,272804437,,,0,0
2024-06-19T16:45:56.617Z,4ZjixTW4dWjNieL3srQJEFg78TB8LuUTZ3Rvpcc4HJgq628zeBnaEhLTHaC1umB5bDkKvx1nGP6iC6zciUrLdPZ2,272804437,,,0,0
2024-06-19T16:45:56.618Z,289VjNHnLej4DcfiWsnY1Nu3phqSnhe8efC64zaQ63EHuVU41J4F2PPgZE8dzT6EbuSUa9jG8DgbH6q3B2PMSWk7,272804437,,,0,0
2024-06-19T16:45:56.616Z,3AXci9RZ45Xfi5wJaAKcdEzrMc975xbtFYLaYtJSz67ZRUGthwZPTUPfjZkwXZgPCRqJEcHHSheFex8mcnv8E37K,272804437,,,0,0
2024-06-19T16:45:56.622Z,56KJ4AfVJtL3N3jLyvRqDDXTkK3mJGbz2oauUkqcvVViwcb71DmLtwLa3gccV7jeWGFpucs6CxcR9uK9mGTG2CLL,272804437,,,0,0
2024-06-19T16:45:56.620Z,4iBnQ9NNRt9TxG8ZNjCk2k77W6rpKPHJztLbcMeMT5w9YuqDku8WDZit8XkPMkVBZzMKrdrVHCqRaNiQ2uLYncff,272804437,,,0,0
2024-06-19T16:45:56.619Z,4GBsCZet363nBh52unym2HvbEAozFqC7G9MzEc9HNnEqxFsT6CX5frWN9vvkEw5TzqmdXHSJQGPKuBPDniXxWaTF,272804437,,,0,0
2024-06-19T16:45:56.625Z,GxCftXvnvAfm6inmP5Q9An44xzdeboTp9Bo4v4tkCt58j3AV77amJK8BiXS2hmik7ePaBvCq196hpgAfygkfB8C,272804437,,,0,0
2024-06-19T16:45:56.626Z,61SwZTJDBFdn1rkffZBHN9MNTpBYZV5uaJjtCy4BVERNd62Uuiq5KxdPQhUmqJVkUXyPJgZZTq5sWDAe348MvKXC,272804437,,,0,0
2024-06-19T16:45:56.623Z,K9nDLXfFcz5JSgsBM5LvrtdgvnEjqrEUZy5WnigcPVapvLtnnAmHH9aQkh3wMTfR6Zuv9HgEtPooq2Z669wt5Za,272804437,,,0,0
2024-06-19T16:45:56.627Z,3mmzv7q1K7HNJLdaX2w8cNAfSv59GTvg95WGKGyHUtKBbCekbNaYg2G3ssnH3XYDpa315owLU7we6y7yi64pW6QB,272804437,,,0,0
2024-06-19T16:45:56.631Z,2iySyvQkZUAcRgitzxBfPbPioEugEKEhZe78Eg7Y8oDnTbHML9JwgxZyQaX3mhfDnV8Rn1yLmsu8T8KiuHjcSHVH,272804437,,,0,0
2024-06-19T16:45:56.628Z,5yHLV8kWSN4WLUJr49d7EVw84Wh5iUWiZiYW2XxNu7ZdBpF3VAS2A7jZT1xGDT3vqW1tnS6if6JCtRQL2AEo1q7o,272804437,,,0,0
2024-06-19T16:45:56.635Z,GGAFzevAVw9t9XRSmwQqHS9ns64ESvvWJCZRgejqbAswDZ1VJSQiiBMH2pkiKKXBcx1rGHve7SW6fL3q7gp73cP,272804437,,,0,0
2024-06-19T16:45:56.633Z,5PyGhmXV7usyoMRqTAfQypL8tb5T8MFTiLpqhvBZr9BvR7D2HKjTnVjhDVnpgwEiuWnvnWHbJBYLWBcDkpBU8DPE,272804437,,,0,0
2024-06-19T16:45:56.630Z,5CNKcwsUpG95BEmbEwmwqgB4h66Vw8XNiCo8vHPFjZJVggVj3Yuws9dwrbGJsnXaT2H2PtHVXVXqgvEiSX7sVoL9,272804437,,,0,0
2024-06-19T16:45:56.638Z,3gHCQtsC4865dVJF8tLfrKNx1C55j6r5pVVkRMHFkGaWyLNNmm8uvpuFycBCmwGT2sEqdRszac1BDgnJBwATY4v6,272804437,,,0,0
2024-06-19T16:45:56.641Z,qB6mSaRLVw5cHsJqT2uoKzNx892zpzmKiMXB97sCT997Jk8RkfGT8rHXkSXzffVxGFSybJLgYxHGEuSQCePiTAs,272804437,,,0,0
2024-06-19T16:45:56.644Z,3LVUozxY5ACTmS5bxpMTSHnzknKm7povRktyykspARjq25GAuvytQjhJHZ6P62SPJLMiscETBznM1xXpH1ARFTJt,272804437,,,0,0
2024-06-19T16:45:56.648Z,5AEr981UzjjnXKCGx9EY16qPkBfURVxRo4ZPwdmWtkWuqZ5pwwrAoySXhP6FewhKq3ScQ959ztTGp8jXRNxA576y,272804437,,,0,0
2024-06-19T16:45:56.636Z,2FXjbqE5h5kJNHTuMxF9VXMuitB8bgJpV8P93PqEdyKaqQZRSuSemCqjqs67PEzfYDAy3GpRFCaHfd6TFgbKDaLQ,272804437,,,0,0
2024-06-19T16:45:56.646Z,4KNUYVMwJ7UbRCyMQxYu9x7kapWB2Ly2v6zCPBmo9HFfmf1JetBnaaCDXcsaQMnPj1Trb69cfG8Tcu7R4ovLv49z,272804437,,,0,0
2024-06-19T16:45:56.650Z,5v9YBDi76Uxa4gQbFKg3UDJPbvNFb7i8WbgC5MDpmkXc7UWM9mBLYwTLjj2eYjjuVFtPfahiwwCKVLndoqjXUZmw,272804437,,,0,0
2024-06-19T16:45:56.656Z,cyLwBXyavYdfo5pa9SpGY4QNkuTRWSkuQ2QyRAAGaiyPpmBP8oe4UADfLiiB7Nq1F6MYpouphbi2rfhNZi85WWn,272804437,,,0,0
2024-06-19T16:45:56.653Z,3UcbzsQrfE2GCvwSAQAHqoQv8NCo3f93jStGAT92pU9KkJvTbcC6oGf4gvERMDpKreD2UBsVACEfqJZ3JLpuMCR7,272804437,,,0,0
2024-06-19T16:45:56.661Z,5X8qGgDp36RR5VWdiTaPfXN4xaeGEj4NM5KeKq7JGR3JrbHTTX4FfZ5My3bmVwhHnb1HZjeSKvocHCG2WCS2Xi3o,272804437,,,0,0
2024-06-19T16:45:56.666Z,7UhjWkBENpSHQYvsJrDuvBhDfxW1qznnRQ7764Z777dx9YMAVEbcvFcJZAyTKXXvjkgK7fYLhMmtaqk36U6msHD,272804437,,,0,0
2024-06-19T16:45:56.663Z,5TBid9VNkSDoXwx1qzaiwzLt593dJ5gLdAyLr8i6nLeotUFUeGaPg4Po3dqZBFGdS9aR4PEPE5Kcqn8fg2j7pDRr,272804437,,,0,0
2024-06-19T16:45:56.658Z,5GnbwmnbtVM8HTsHPSGsVkC9DHjfw5MWmegLh48Jxoihn3j5i76o44WqPapTfvGJAzKjotQi5WWnsbPp683ABBm8,272804437,,,0,0
2024-06-19T16:45:56.668Z,476vw5YRhZaeXbMKVXVeAiDoxjjzALjMhfr2nTtqnHunynwXQ64YFdhEZzuwzHD4hzmkzNUNLLcGQgxknb5KpKsp,272804437,,,0,0
2024-06-19T16:45:56.673Z,3BiaB8TueK7xrBgQtkZ2apHyQ39eYQ5VWqMPKvkNAdwQfB6XSw73vPuUuik5UB14sburMeKVpw2DfjR126RmsXoP,272804437,,,0,0
2024-06-19T16:45:56.675Z,56oBR9VDDpzV7B3ytsdt3TqJLbvt5rnvwYFKVGtySeeVLXXTM5BFrgfm2GaxLW8P33L7Qd9k3dtUV9Z7JTm6spX2,272804437,,,0,0
2024-06-19T16:45:56.677Z,qGrrp4gmwwxrqMBfibdRuDTdovo4odjHKZZjbbndMYAGvDRfrWgGo7QzT7WgK1ZvjEVZziPLgqPaMdUWrMcUwD9,272804437,,,0,0
2024-06-19T16:45:56.681Z,2qSbEWpvbErVN4xDKnTkrkx573LVtcE2aahorbLircQsjw2RDaYtj9aSGyDHX6w3VjWQJ4VucchzDiNyPhKpUEWx,272804438,,,0,0
2024-06-19T16:45:56.670Z,2CFMVMkijoPEutEgj4ixgwd2WyhKDEGJz3yz8ySushjZmRF9ngPRq1AxVZD4yGSKmwX3d67QN6BwBDHUaCEhjnZ1,272804437,,,0,0
2024-06-19T16:45:56.679Z,3LBP689Jdkr4YrZ4ajG6j9KFpEYZ2FyRCaAtdqFHjFfBWMM2WtrwMtE1ztVzjjpz7HC6B9jZGPLENBeTRmDVUtQu,272804438,,,0,0
2024-06-19T16:45:56.685Z,25WckEGwNBVU3pX62kVspf2VjBmw7DpB8APNrJivPmrCWZqSY8bCvP9dJdDt1aRGeAvgfCA1JPBXJPnV5s6ap9yi,272804438,,,0,0
2024-06-19T16:45:56.682Z,3UNqHtKas1THb2hTefdLMe8GiiA1R77pgEzDmshmZsEDKp7pffMitb1tiT6zdvDW4y1jPewTSqCQYBJ7qe9fFSxz,272804438,,,0,0
2024-06-19T16:45:56.687Z,3oJbxaeQsJHmKHySpbJsaaZmaYnukP2J6pQc8NLFTztqkux1t5E1mLymP2Vr6cZ15BEc37ThxrKHHuUez2tpW2bQ,272804438,,,0,0
2024-06-19T16:45:56.689Z,vPdHAmgi63AdvrXqrCYqXb3jbBCAbNHuzq4Pp7Y6sMh1didvDkdn9osuECuszrHyFVa7TwTu6xNJc8RkPggxScv,272804438,,,0,0
2024-06-19T16:45:56.684Z,3J2XBMSDQivTMZPEEHfvUhX2UmXB5b2kDAoXzbB3MWvhvW8r8KQWsPdgdDAwP3hUsbwVLbg5mrNGh6VxFeEQKL4J,272804438,,,0,0
2024-06-19T16:45:56.692Z,281mX6j4TqKq2in8j1QKR5tucmCTuAvxiQWLKU8v2idZRUKEeTJDkvjBMBWmVrva8YeYM5g36XCrHBkjZKH9CGF2,272804438,,,0,0
2024-06-19T16:45:56.696Z,5KdJfQSzq6FojfZLCddR8927vK3xH2qXEKA1bc64u2P4eBPQGUXwrYTFbu7yAp8U3waikYZR6MeWi9N3p5oNm936,272804438,,,0,0
2024-06-19T16:45:56.691Z,2QgCmu8vvQLddUxbaKooiJigVhT8xnkxs1P5iDdaSaDAbiVqCnrGi8LwmH18GWioaQmqWp1Fw49WVotM5VQSz9cX,272804438,,,0,0
2024-06-19T16:45:56.694Z,4jTTbKmKaim16A8NJNwUvn7UvhCfDTsJXLwGyzs4HmUcDLGa8jYe1dG2xhhEtb6X6UcLPkLzZqKx1TD2WacaHgs6,272804438,,,0,0
2024-06-19T16:45:56.699Z,5xfenVq2cP5q62gSavrAy1GkZAmxjc7UfLxrpUnXmcJ8ad8XVBeVGWFNdn65bKuVyuWY5FTHAAoGLLNTrJCchDrm,272804438,,,0,0
2024-06-19T16:45:56.702Z,5ah7oco4Hs4g3L2LX5R4WNMacyP6F31YH6No2uF817CC9t3oL67CqoVKzfbhdYxHuEGb6TFooG6JQtp2DT4TgdDh,272804438,,,0,0
2024-06-19T16:45:56.697Z,3Re6JvXUp67B8QZ58WLYpMkebuDnFBCBLXV1aAcwhUebAtDhLtafL8kiRZaybm4gjWbsdjDAJuoKkPtqNBBp3edn,272804438,,,0,0
2024-06-19T16:45:56.707Z,26a9zpkp8tg8xCGwEZyDkNwwg7qfjyTbbscuPaTXey5M6fMCxdaCEX24Krbg53zXmDWU7zs73rUoFJdMYxn7jAic,272804438,,,0,0
2024-06-19T16:45:56.706Z,3rhLYaMuLegDS9tN1gmn8ckW3kx44VQ1ngb85hgyVfQ7Y5k2tHJgz7ELqWhJGTqpCGAz5zZ1Qg37MMD8qCcU5i2Y,272804438,,,0,0
2024-06-19T16:45:56.709Z,51hPJWSjC1nJze1B8sVaZYUe8RwFwSvF4mfD3todPARYR8rzoFeXLiyMf3ZnedztLApa7gx6n3DyRokZ39mRpP7u,272804438,,,0,0
2024-06-19T16:45:56.712Z,4bZC7YD2izZYZqsDLxm6vgcVMBxmftNiU59P8qEGs3Ywn6tudqnz2tWi44EMCkkJW1JJXGWLF2rzgTRXZHpdGhsV,272804438,,,0,0
2024-06-19T16:45:56.704Z,3omoaKVXD7bpiEgAtpkDTpbTXH6ummgccMCc7mmCZUBL3SJDZNTMcP4jeXF2rmRACP323jxZ6RJJX2bpQMgR2nd8,272804438,,,0,0
2024-06-19T16:45:56.715Z,3mtZniDv3gNGQDGJ2QuD2MMsCPz9xvr27v9dfPraNTTHBD8M3zLkdAVh6ogVitVZkSNZPHGorCDGLoEJr6cc3pw9,272804438,,,0,0
2024-06-19T16:45:56.714Z,3JyW3Fg6iCgonYenNg7dAW7YEAHEJxkQvxbYfQrHabHnNAci1XYZdDs2XBA7R9fcZsU3xowok1icKJ786v34Qoty,272804438,,,0,0
2024-06-19T16:45:56.711Z,kejNhXE1rTeSZ3YK5mVNW1xXSgxU39qxTwBWMZy6KjsXxfmjWtDft8LvuKF7C4Bw18c91kL7ZDRhMdxbQJU8SQb,272804438,,,0,0
2024-06-19T16:45:56.718Z,442vz3U2UTBeHt9Rz8K4Qut15AEBvzYm9CQvrxDeHL3coQ8ii2YcWs4oaxWKZc4HBAVZBJThkDWb2ryN6rxomKjc,272804438,,,0,0
2024-06-19T16:45:56.717Z,cikWXqDhDbvDw9YCXjT8fy3KDdH6eAwdrr95HA2QXapBRzwj9T7QErwvaZL7D4dLkNqwqdTPSHu5m5Q8PdbFv4F,272804438,,,0,0
2024-06-19T16:45:56.722Z,64JfQEb4pnHJFjK5gzzxq8SaLv11ssVBpaTaquZbqnUXXqSP4yUioAcxpj1Std9w43FDK1HvKGxLwXLHWay7j873,272804438,,,0,0
2024-06-19T16:45:56.725Z,4FvqVC9ahQJTiTosrAz3VVdeExvJji7mx2FTvBX69kSdYDNopgW1dAwAfEQ6TiPHj9X4nQtEvEP15ZuERyJ8zMrb,272804438,,,0,0
2024-06-19T16:45:56.720Z,4wi6Z1ta9Eb9d9jtJZT3HG3ohqQP5jFMUQMJtV8WGq4CXTqZdm9mUVd4Q9kvngE2ChwaB4V97sfKKcp1Q1ZTTb1A,272804438,,,0,0
2024-06-19T16:45:56.727Z,9zV5FdAuwK6b42brTE3tW56SnVMEB6pyBEcuegeGCXSRTY1JJBna9yyAd1vwgoDMGt8Fx89TcdJYyBVH98H1WxT,272804438,,,0,0
2024-06-19T16:45:56.723Z,4BZknSQmXnvNwbsDVhksXEq1DzPnAdPMjtHbSLGj6oHNMQQ8pfCrCJwuoaU1LBSeMDsRFXWWkEQAUv5Kw7QchU59,272804438,,,0,0
2024-06-19T16:45:56.734Z,2uZsoqR3xTKirKeAgWB55eHiT87gN9DgViSxR8X2376AG1PQs2ibmaiR4ccYYrCXPmvJZpHeLm11TLYXYqxQ4fXT,272804438,,,0,0
2024-06-19T16:45:56.735Z,7fCKqSSSyjsU3KnNHGrkjKZG1QkGkax5WPbX3naHuMmNaDfPVQ99AM6NhAxS46QAHMU2sHPA1JkkFjLY8WKPWEN,272804438,,,0,0
2024-06-19T16:45:56.731Z,21FFwnf5MZrMXqmus4TtpgXMro4qSnErkj2kLUtUaiwcuFegCMKFemDkmTfM5SxdcuM555Xs9aMPCLsij6jK1N7U,272804438,,,0,0
2024-06-19T16:45:56.728Z,kr5mkaKykYgY7k5VDVFELxFvm5Rwic19Y7LEF7eAYrq5jNVe5wo61RHKtpsFo1qmkUqejz9L9P8ndmLNKmbgv4k,272804438,,,0,0
2024-06-19T16:45:56.737Z,226SMQTvu3aQB2Ay59wpXH3ALCJGtMTiERbyC8FJt4AZPewqskbJk7JG4juxUhDMYWfJsdw3QaKNZ7dgrES518GA,272804438,,,0,0
2024-06-19T16:45:56.743Z,2gRaiRzSsDbL25NZCcd4FgKpon22bWK6SxaZro3MkPHxY6ahYGYQeXELfwpYg5iPJJfnvzDAMLPNCmixz7Xu2P4N,272804438,,,0,0
2024-06-19T16:45:56.741Z,5dpQdR3t7W8YsPrCazMLRp8k9i3Adf4UdgVspd5HioNUjgWViZJKtpyD6NYNEzffuev2kyT1AV4pNpAgHst1KZLA,272804438,,,0,0
2024-06-19T16:45:56.738Z,3YZ6vFhhy7F3DMQC4PxKqWJxxoqcs8tS7F9sGyx2mskScQK7hjBUtDGBYwtNeiDbbPrbhMmBufEztpi8GT1yuss6,272804438,,,0,0
2024-06-19T16:45:56.746Z,34SaVqB4d2RWJSfEgbzMq8cVeqeDSg3nskkEDxHkr3NMdqnUQzY4fiD2GkahJqHwh3a1nkQvRVCppcHbPpMWhmRL,272804438,,,0,0
2024-06-19T16:45:56.749Z,43trm7TBpKzpg22dqWQ8aw9g2asBKgN5fRZJUSvnAxtLbD97uFXEo7hiHcJHRUbhMXYvfyE5LLr4j11H1PqszJTq,272804438,,,0,0
2024-06-19T16:45:56.751Z,4GX5cedpGnkjX4XTAp3wmKyopSi1zvb4MV8ppWfqWeAJqGnAXaGwKTvTUsnnEBPCMuUrqudWvsYfp4NZWJ6yrgaD,272804438,,,0,0
2024-06-19T16:45:56.744Z,28GfKc6iGdgsAPzM75FJyjGbzDcw86WBsRvGqYHUwNgAyFL3o2HoS3Etm3GMXn5JuAMSbyACK73SMFc6bTAEiC5x,272804438,,,0,0
2024-06-19T16:45:56.753Z,3BFYua5MgPaLBvQmriuyagtsUudjcS3PhtBQG1p38MGRBxbZd3c7mwzaoZLCuwiKufWpYkyvV5dSkFUtNkXLdqsf,272804438,,,0,0
2024-06-19T16:45:56.752Z,3qQuL3YyaiuWxkGh6rp6s596ai5gwxpUHKqchesWKxjzduMk1cgvtYGaN6VLywhwWj5YwrBh5bP3PKiN1eD7LTB5,272804438,,,0,0
2024-06-19T16:45:56.757Z,2dt1fKMUorZF4znwV7NQ9tjUuRqd57U3zto6ZGPMSKba9rymimcbdFQGNHJSEZxCCkrfLx1QqvjLxsB6KNrePafa,272804438,,,0,0
2024-06-19T16:45:56.748Z,2wyCdbkqaQfoZXFmgfmmedqn7Drqzq3MnMTuq6ebbJdLifbGxdMpWupFUutZ5KgSAnSSUFjpPML8HD3GuqQ42QEc,272804438,,,0,0
2024-06-19T16:45:56.755Z,3F7iqUrujMcYXn8KFdhHcDAGyPXyMRAaisyi7k6eyM4AfiHteMKgobHmuejpAVWQNrRyQxNxKRB2C5mFscZpXVSF,272804438,,,0,0
2024-06-19T16:45:56.762Z,3HNmGjkYAngtBwmKjPq21ifVxE3fLuPSZc95YHAwHGcWgiGw2BhL8fv7cbsJg69nBU5N2yuLapWhyNjoTgy5ZF1B,272804438,,,0,0
2024-06-19T16:45:56.764Z,5p71E48uwSFtk2st8imtyhu3eqCwtQSmfFBocreFcyyRSKTf1iKys3KPEFZskP5bcz6ArtNhBBfkJXfMwmQUo6cj,272804438,,,0,0
2024-06-19T16:45:56.759Z,3XHHEHJEnFYY68pX9cfa4izpcceJp6j91GeZ9JHj4buspPfV1moRborXUfFSa5FHkwLbtabDCPwSkFCffYWTFM7d,272804438,,,0,0
2024-06-19T16:45:56.761Z,3K4t65pSxYTRV9KxKYjsVKz8iW4d8BKvqmBWAJjZcxUB9qGKqgbg9VnEVQWdCn77ZWNrzVA1zE2u6LdTcpTU51UT,272804438,,,0,0
2024-06-19T16:45:56.765Z,X5nFXMfVuPFeo5rmcD1ee2PcCmDPTPVeEYuMRuhgiP3MMHJ1ALA1fY3p34Sp7kUP4yd6BHuy9ZrbG6DZbYfseSL,272804438,,,0,0
2024-06-19T16:45:56.767Z,ujxTa3qyAtVnt6PtFWN86Ckd6dXmKbCrBsB5sy5LoTCs9iwF96LpJP6gQabmrFsiZgEGNRJaK57nv5UCeNoExj6,272804438,,,0,0
2024-06-19T16:45:56.771Z,47vxMwbXTw6p1jWJvZJoc7Db1HCBYSu1zFVSdFd31WTMdvKupu6AC3erNW7CsojNGH14Wzfkc4T9ht3g65shxCWL,272804438,,,0,0
2024-06-19T16:45:56.775Z,wg7qco38mt5abWPVJwNU81ZaEkQxXLkz9TFudnat2Kig5qerx12AyHANCucRM3T3fESENzAsbRpUBaLZbVh4zJq,272804438,,,0,0
2024-06-19T16:45:56.773Z,5AYvbM3P1KvDgg9taAT17mezR5sedrgDjznpokxermDWrs8cuZ26i8CmMnxXsY2b4dnrAnWmcTGpNhHrgNzUh1We,272804438,,,0,0
2024-06-19T16:45:56.776Z,4rSWhQVUxzBuXt3sbsFiQ9VY7zLoFwwGxD7XDdfFZaKTs986NL1JYqJhd1BQvz5NqxpaSVVSxFL4sFhn88niZpVj,272804438,,,0,0
2024-06-19T16:45:56.777Z,4ateB2p9qTtCVVAhn9MGoW1kHnwUKjGSprFpauwwzg73dgop4HfqtKCGTAhBaczSSzZwYiEFqoEpmJj6i4Aotq3V,272804438,,,0,0
2024-06-19T16:45:56.769Z,2YrjNsupqEuqkxcjQcmYndcur9g6BGDH2gnVRvhTSkZvm6KHS9tExMHZPtvaFxjmBzemEaCJ4UA3PR8dkgqr4iLq,272804438,,,0,0
2024-06-19T16:45:56.780Z,5qFsHEytcRvCHBRVD6U8QsZ3rJMJ1YA5pNovifgr8jBXXMPe3L4GaCbjmosTqqdFpWovMB7V4VbwscACQc15vkFF,272804438,,,0,0
2024-06-19T16:45:56.782Z,5Kg3TrUENAPvwitoei11GAbQ3whDNWqrkReXd8twEnUzeVqcFqVJ6UaKTHHyua3YvPAqWQwyAgwsofeqJZsQi3hN,272804438,,,0,0
2024-06-19T16:45:56.779Z,4BTJAuovCqQuNoTbGJ3bDsrgfXGteEsQVmN1bexe7jqG6W5E76zTHPtPZubCeq1FGxdJsL9bxJr2xQBdi5r4kUvz,272804438,,,0,0
2024-06-19T16:45:56.785Z,2F1iSFu9fJWnaQxezeuLYAdJBzjx4wAT9KkD8uTtFxYhUMU7f3TZPtgtABkG3BUc5H5xorQbj7LgoaSJrhgtVPa7,272804438,,,0,0
2024-06-19T16:45:56.787Z,2ouhQJyG7qEJDcmc6ovYEkdnEhBLqAmefHfmzxTCDvTGnSuZWwzihtPwNTruzpR7eNmadZHJgEqHp9emChEya1He,272804438,,,0,0
2024-06-19T16:45:56.783Z,5qcU5yEaYpS7LvgAmJiMPsUVoioUtiQpCgcUyyNafHQQPU1i1aLupRqzRvGjiCD9nW1KmMX5229BYHPQTcPvskBL,272804438,,,0,0
2024-06-19T16:45:56.784Z,48x6nM1RtNQuPEsyCzx3DDvgZVNAK7xezdLqASqGhvwkJ6bwsXKaw4st48HqnMmQ12D3atBpBXD7KTSadNqyjvnK,272804438,,,0,0
2024-06-19T16:45:56.792Z,5q9NpsSEe7EtnGXyfTYXv2fgTzb5r2fL82iyoaQpE2eHTq5MDbZQP6HKMJ9yeQBYi2ih6F551PzxEqzcCU568Rsq,272804438,,,0,0
2024-06-19T16:45:56.790Z,3y2ruHQnENdjCNhEPXFKfyWZDPVDhGtRNSJoih5GYB3TeEc5TZNPmyddBfyiubNazoHG5dBCuRMEqPQ5TGmcrAtY,272804438,,,0,0
2024-06-19T16:45:56.795Z,HEsFeaZXX28bY1fb171qxpV8JpmPZmEhCvXK4mqgAd2RPngvcEPk7V6mproWDFKkDwspyp6qr4zogHZV9FKAM5E,272804438,,,0,0
2024-06-19T16:45:56.789Z,5y76YtG2t1dWsGkjCBFKrrEvC62Hu6UU6BVVjZHzNfcEiNufF7nPBKLBRfHsKr8ZFQXQLagAs5Fswa2SxCUwLEpU,272804438,,,0,0
2024-06-19T16:45:56.794Z,LwCmuuHwQxbhSyLxxaHDRM9vQnYASfcos3WAcMKrfTSE7e8N7DVVwFmUeeekocvC7Y2jbnhBa1a2tnw9qB1fYoE,272804438,,,0,0
2024-06-19T16:45:56.799Z,4o36cqLx7rPBgedUmtbMTGrMbDRvqKUiAa7qTahHGHacBe9WdV1BqXpvTLJxPhos3wLzpNwBFEnwVwdYyiVXEzBU,272804438,,,0,0
2024-06-19T16:45:56.796Z,4LpqVrAGCJQGLSSSVUFMFZ5VoSxZKMvUqE1xfALnR5gqaqGo3BAC57TRbbqDJUD15QTrYi3KxL4N7zZFMpTjJkb3,272804438,,,0,0
2024-06-19T16:45:56.797Z,5ok77ALC5g7EPxfEqHDwotYBkkruZXxQpAxNoKtnczUEjkVvrAoqkggg72BtcEu6dt2LhzHHPh2rBf53wjZjGYd5,272804438,,,0,0
2024-06-19T16:45:56.801Z,7aHsW6YeHaypinSRAtdDq2AC3UW3cRodSvkmbbW9n5LRvgnyKvFQ2HLRGFc38Ad4HTV4b3yQxH7tu5M6RvCxtgZ,272804438,,,0,0
2024-06-19T16:45:56.803Z,3EibwCt2LkENyQuKoCVX61rh5FMXii8QrjCTyD8i5qTA8KwQUuoTyfmPrKvvAKSHeNScorpbyDj8JEohwH4RZsCT,272804438,,,0,0
2024-06-19T16:45:56.807Z,VknP2PU8YVbxT47QeF9pRSyYibZUTBVLbRmRMnWAfhcjh58LwVZErMYknsfnysNnspSFyoN9ejArMRLjK4gRRYK,272804438,,,0,0
2024-06-19T16:45:56.804Z,33QNKMqZMzzkBcbwH5X8EQ63sHTMV1Fi8qije6Yv1DvJZLv9xCuHNtCXokKGn1UjW8MmcT5pQoGeEFaVNCaiEFCR,272804438,,,0,0
2024-06-19T16:45:56.810Z,3nmPVGMYkhnem4JDHehomvfcufSGjZ1psm8U7uyKtfL2Us18SQTwTFMiicarX4hWPMZHn6pXi2Z4JuhzY1MysWf1,272804438,,,0,0
2024-06-19T16:45:56.812Z,3L3eqA3S5QScS4H7QoQd7FPXPSdXcwfZWdatUdzV8Gy8TbjpLn3WYeSDHEnXKEUikz156Yj8a63o2ncUeuoiZHqL,272804438,,,0,0
2024-06-19T16:45:56.806Z,3e7NrvxnR4o68efwecqUawHzMwqqYQM9Za9kQNCar2syxUk29jVLx5FLoUWeY5BBKDVpCzw4TsrrRuG69Hub1oz4,272804438,,,0,0
2024-06-19T16:45:56.809Z,2PD4TcrC8SfX5nwX4z4rak3iRt7bk81zAAaR4oFaPLH5rUGL3bqzCv8xj9cWFeLEs2uHMg8by5DRwY6xF5xsnXdZ,272804438,,,0,0
2024-06-19T16:45:56.813Z,3jeTj2D43jgtgx7xP2o23vh3KmjC7HHmbbwkUCkGDH2ZScciiYypvPkZLnh1LcquLLTnQywMuGTbnaH8c1fkudNZ,272804438,,,0,0
2024-06-19T16:45:56.816Z,DmBr3Pf6SR4tkhGY6gphXL6cdXUS8MVj3A4XjhRP6c3y94htZS15bnkpU3JDbiNMHJy4iuAsWTwBd6cdgfRiKzu,272804438,,,0,0
2024-06-19T16:45:56.815Z,4Co3UtH1vWUCRJaFumNoYB1hGS6t6sDuciqGQEVgQLF1dhZkyQSDsg6iK4pmZ5zRNCzHVpH1X2Zafj4tR5pQGvBf,272804438,,,0,0
2024-06-19T16:45:56.817Z,3dVUaFwuisMKUUE27f2kcE3JMbUzQHvVh6D6kg9yM2qkn9abpt2r7u4GShaxazP7xZmwereHjihWwyLySbJTCU28,272804438,,,0,0
2024-06-19T16:45:56.820Z,y3qMSaNs24BA7CSjo99cvRr9HZSxxUnmastCoyk7GSmDjTAdGf7yyzezkX7iCYt8r9XAxYJ1v7rS9WuXP8yXgRE,272804438,,,0,0
2024-06-19T16:45:56.819Z,5qyoMe23SEmRkUrAFTKcFbuTcqA25pfc3wSqWxcBpn5SJWXmm65xQJKLsmxqBtvKHgf2uzDnY72mYa4d2vf6j6Du,272804438,,,0,0
2024-06-19T16:45:56.824Z,4yEj9kFcDk3wnzizZGbHcBAKEhwJz33smEaCstjdHBHZkECn6BQq9eMX6g1UA6UWx6V9pScJ8C7NRa6din1W4aLD,272804438,,,0,0
2024-06-19T16:45:56.822Z,4Sbj6b3zQkMAzRMW4CaPafPQQJVSKbmTdcgqKmFkqZJ1G7f7wdQVRpkjEAY9utBj2SKcbrcm2JgwJn1nSKXUWweQ,272804438,,,0,0
2024-06-19T16:45:56.825Z,5DwRsCJCR2vzMwCgmPLyVuy8DsUBD7sVfQ4gAp943vAKH2JDwQpG1NwsYyynat6zksxd4gzQskTkGxktg8RjFntH,272804438,,,0,0
2024-06-19T16:45:56.826Z,uu7C7tvszz92FaZF4zA239Lj8dDY5wvpf5fYmnSspYhqa9FPwvcCM5nA7kRDC3WRyMj9GzvWXUzVJG1XxSAR6MN,272804438,,,0,0
2024-06-19T16:45:56.827Z,2dCHQ9NfdJtUjD7jmpKvur3Uq97jtGzeQ7Qu5L6iALkA6iViav5mw9JHERfnujPcHifP2z6fzkDRTeRibGk8V22y,272804438,,,0,0
2024-06-19T16:45:56.830Z,2z9yQvinSVBq2NAYaAwhgeyim3Ks921f64jJKEnwm3iW5gr7UJxJnEXzeiNPbvcUwe65uC7DexYet3KHzcNULtpm,272804438,,,0,0
2024-06-19T16:45:56.832Z,XeoXYfgz7d5FwTWPMHs15ocjzVUGzwMEopE9BkEHT8XrTWx9Kda2TMsqs9gJYywG2q5vAScgaXBpS1MjjMf8iSc,272804438,,,0,0
2024-06-19T16:45:56.829Z,2pFFPgUGTKog66gh7Fbvsw1GEkTdPxAbBME2iAq1Ekb118RoDJHwF3Gbmv86dYW8TheiJkVtBn5jdcTizn8pyeXz,272804438,,,0,0
2024-06-19T16:45:56.833Z,5U6naSJF9FF7yFshZUEKAuc7dKWUEdMSD4yQAcT2xcjwRNrF1HyU6YPeeH6MWinC2cQVhCvqig6L7GFHQ4jwJ83L,272804438,,,0,0
2024-06-19T16:45:56.836Z,3Jpmh9hrJ72ihtFfzp6amP6R7pnEsADPsrV8QakANWL3fn9rwgvKH9Sxg3pLS8dZqX8QLGKyFVaGXpqk5NWabRyz,272804438,,,0,0
2024-06-19T16:45:56.835Z,5i1rNP1Z922oGja2vokKGUoc49NggmDZhr3d3irWvuQUQhARKnUzBARaq8bmYVxM34MGqcXNnwvmWcQBb9Vaai7q,272804438,,,0,0
2024-06-19T16:45:56.837Z,oN8jsF4QrrxcGWrzZMmksL6reK15e2r89ovzreWSt98dqDuHKoCMYfS8pZyBnuZKX4SJmCowGN1u1vkKnRaSdN3,272804438,,,0,0
2024-06-19T16:45:56.839Z,MqUMc2Jv8oU25iUdpNwetDid31mdSvukxq2GtLLRfcWJhMFKD5moTgF2SVYr12GotB6bdpxGq5ShtYiyu7LDvu4,272804438,,,0,0
2024-06-19T16:45:56.841Z,2okKEjecmSz14gxSgbmPk9AoQxMHAc5B22saWcwkizw1qjqyiL628pr59jHY7sgia4TPWG9ZM53XaVTdpLUozFEv,272804438,,,0,0
2024-06-19T16:45:56.844Z,5AXaDtGitrfCsMkmPNBPmXosexGbnt7jKs6BvJZ4SXXVsaKdU6uoNwa9AX45EgFjZWyAb4UcSa6VJr71vJmQJEHz,272804438,,,0,0
2024-06-19T16:45:56.842Z,4fhqxCFuVUhc4pyELCB3Hb6vKPd494DNvrpVFejwJbpdHdDtyWRXeGR85yV1VyLRSKXTHgLcqkNbwyezz8BT9wqx,272804438,,,0,0
2024-06-19T16:45:56.847Z,2c7JESG9uGyFgRp35bCrF5guHLk7dTeRZrKohtQ8GWmxWGMCaAiDfXBoJxnDG3mppXCjCTJwMKaMpKzXqQGbY4eW,272804438,,,0,0
2024-06-19T16:45:56.845Z,BXmgQzTkz9QJN39wwLTJrkKFJxW9rmie8xhTX3hviXhydisLs4FUhFBRfHWQ9L6YVeo279runCYpQWb3mzMob6A,272804438,,,0,0
2024-06-19T16:45:56.848Z,wVrTiPgVyisKhBd9saERfRhZNqnNKjqY54KyxAMgoAuTFNLFSdnnwvqWt5mM7yeEBVaGBWKUVdLudYTPaCTJRAq,272804438,,,0,0
2024-06-19T16:45:56.849Z,2xD3236P7pJHQksqXqyqiJLUu2UX8gsNEJvt7brTAS9QvKf1xW4TqFnvfBL8pnE5W8WNWwHF2Aw6eAkCXHwdeu9f,272804438,,,0,0
2024-06-19T16:45:56.851Z,5c32J3sY5pdd9AzhtegnzkxXhiZvc9AAQr7zRaFVuTgcjSS12kS4b3aC4aX9UebyunYTjvU2wED8Vsbr9GejP2gW,272804438,,,0,0
2024-06-19T16:45:56.852Z,465BVaTCQ99oQ8VWxYSZDnbBJGQQBGzUpxC7wWnLwSMcD9bqUXwbgtugdRUs3StAoMy5uD6W7n7xCUePbTEeHfQ5,272804438,,,0,0
2024-06-19T16:45:56.855Z,4ZpyEHgivDrruaWwK2SyMhhMZq5Uo2WgeD8jzDEC42WAUzwRheaDiKMxC8V71eFmEE5id6V2y3E9fgyw6zR6L2XL,272804438,,,0,0
2024-06-19T16:45:56.856Z,23fExGAb7CgTBRDEUsXwBhrhLfRxkCsby8Z3zZvi4JJYACybEYBDZPtSQ9m33ZPz2UN5tS4wHXwhMdQ5By8DE4Lf,272804438,,,0,0
2024-06-19T16:45:56.853Z,5joHvkNLbEdgnx21RDcypUvtHfkeRhinwD68XpsoyvKHiHSxLNWyTe3KNL2kpPoirnScsJBK3phEj3mcz6htNux4,272804438,,,0,0
2024-06-19T16:45:56.858Z,5EkW9PDBDTYgG5mdRA21Ht7wZHQuJsZi1wGNxYxQEZ3TiGFaBhQoEugB3RGHQndoV33NJwSK95aXYrqxLP9t8BQZ,272804438,,,0,0
2024-06-19T16:45:56.859Z,36aPboPijH39t8mSwCgzbWLFgY3tSRuFKZAmjWf9SHKAyhKNYug81rVqoAM6eqHboqWwdacN53tkSWu3A3PW3qsQ,272804438,,,0,0
2024-06-19T16:45:56.861Z,bMFPS3ATRYzTy2cmhwwv1gW83oqxajbjyThHpRW1DAfwMQU9Yzps3KSg429NMkNsi7cgTrVZr2FnWCNxsEuv5kR,272804438,,,0,0
2024-06-19T16:45:56.862Z,43w6ux4AHTneDWHEZze7sheFpwqLAR2AvcaXsHQ9rvCwtYbmx3EEKSvdQEMYzMkNjfAJteqdxFdwQDfE4hLCJppN,272804438,,,0,0
2024-06-19T16:45:56.864Z,4r4R3JXwLPrckg4zWfBXecPUh2EPdWnjkVYgVZxZmkXkdZJTKvx95jGA3pBmqhPXz1fTgEEE91ZMxEfsF5i5BF3s,272804438,,,0,0
2024-06-19T16:45:56.863Z,5Z6y1N6qJj9hAaYxLysjfhuNz5gSndcqmzy7EWxgPAsoeidBY2m1NmXyNqk9yn4dzbRjXN8j1pZncNRunq4qsG4A,272804438,,,0,0
2024-06-19T16:45:56.866Z,4DY7U4RgRgEU64gc8ZA6Q3CuwCyanw4FQSSofAnq1RY55f6zriiQTk6pX72nGukxG1VE7f2SBDLKnFdZ9Mj3hyVi,272804438,,,0,0
2024-06-19T16:45:56.869Z,2cwpp6BXeS5y6PfPqmSaMQYBNgo8Lahx2PEmwWPqwfGJD8MvTb7D5MjjozGh4FSo2w4BzZp71pdABpxZDukw8M9N,272804438,,,0,0
2024-06-19T16:45:56.870Z,5RPxxFNKSHYYPzMPXXPPtMBojKLKyMUcpFVxYbbUiyEwHCAGgiMv8tXrhzoB9PeR6rm9yRArGNLaSm56F3pmNpRF,272804438,,,0,0
2024-06-19T16:45:56.868Z,5T8Vo4es8YLKJ1LgNoA7FRHjg9M1Q1o8CwK1eouW43Ekw34uJFj2huxjGAtHrSagsUtq7JatCqbjeXXEf2k9LaST,272804438,,,0,0
2024-06-19T16:45:56.875Z,2PqHu4eyrVGGgh8QCgzE4WB6TYz21noeHKzw5k2s7Ueko7Do5UUKVr3pLYVTXD29GjYqh1kpS7WcsfjuEUH5HNPK,272804438,,,0,0
2024-06-19T16:45:56.872Z,4HWhrTPsmeytMWBeBwtqkDcqTX4AVNsnpg1h18ainUWzprvHSULN3HZx2uhtN6tNC2LJtTeZBKN4pJxwbjLynaGL,272804438,,,0,0
2024-06-19T16:45:56.877Z,4NhtqQQFLeDYakUHEHbMg4RijJW2z211KRHxhU5TjLVZx1oYZexYYnai7AMhbPfe6iiXyLBBCKcVDznTqgZdH9VJ,272804438,,,0,0
2024-06-19T16:45:56.876Z,2pDQoRaVWfUQAZDkojec82pL7Ta8YS5keHVMS9PMkqB9Mx5gHee7WKNipxG5nsKTnLV8DcMQGARTjJ3h8g2eQP67,272804438,,,0,0
2024-06-19T16:45:56.879Z,mnfkvLR9BAt7972MqoirJFnTCTxgXkhF8MmittBuRQy4Q1PawhMpnz4xv5v7XX3KybDqXHxdbny8A8yYSHDQvZy,272804438,,,0,0
2024-06-19T16:45:56.880Z,4PsKMgj67YxCRwKv1bwBAmX8DQgS2tRJoWCpkB8bjjm4GJTStBMDQtHfeB2qkcfVeNSQ3wZ8bcEEmJA78ijvvzVH,272804438,,,0,0
2024-06-19T16:45:56.883Z,4kT6FDH7qBb3jGCJPp9ketwf8YjR9wE4ggpuojM4hQjyLpm32fN1JBRDAbJPQDj6sySBdJ76soh4mHrJoYssetqL,272804438,,,0,0
2024-06-19T16:45:56.881Z,3GNoDGE32HxrGPe5kTKcnjrLEEeLJPE7XcLfMwhJpxnLJNyeV4X5B9BRnJEg9wtXDeN9RX4XEaAM2Lu2TfEbRGiT,272804438,,,0,0
2024-06-19T16:45:56.873Z,DgqhnwqsRinM6tKUvbBK7r7Dwqqs2DVmARHUUrrEGJjvH2EUWVBX2NtJTusHmMwTNLW7fTm6Frhq3TTMCWEi4Vr,272804438,,,0,0
2024-06-19T16:45:56.884Z,2p1MBrEDczptXsNb8eH4YyEBT6V752ZzXvmXqoR2Wfu6n19nhmm7x1aR1gVGBqohwTe12VffDhp7dCBkfR6XTaL5,272804438,,,0,0
2024-06-19T16:45:56.888Z,4XEM6EkkVpKgAxrnFYJ8bcj5EZpZXPpRc8wqswQfXJYzPXMB7emmzP4JtZMQZyZrPT3zYJ34tgQR2cUEqzV72uZs,272804439,,,0,0
2024-06-19T16:45:56.890Z,2suFoMVhpu4qQcc5NfEq5355mSUsx5d3yxsp7NQyQhwvExQvL4nGo6QoMqU63NeyVovdGXA33uokpShRSE8fWszG,272804439,,,0,0
2024-06-19T16:45:56.886Z,2L2YFLWJMvsokWwHNBBW5jCJBeYGxSTRdPWjEvVLeJT8zrz6SDyfQGFedBVbAkzUrapa9onDq1NA8HpskoJZERXn,272804438,,,0,0
2024-06-19T16:45:56.892Z,4qBHf5g2EjYoBWUPerVMVCVg53m2imkmzt4uL4yUZSEkmXyskk3cGGcN5Me7nEL5txS3afFZpaSfpxNteaab287F,272804439,,,0,0
2024-06-19T16:45:56.893Z,xj3vdFggHSFgwwS2hmSzqnDAD6pkKDu8xvrAfAUxWm6WKSg5anF3hma7mPAupve2vfF4Yfzo8e4G9MPjN4AtQ1b,272804439,,,0,0
2024-06-19T16:45:56.887Z,3c31v4epctRaazPSyqgb6o6MewEGNawD7YJgCKUADrBEKbMEBo8GQxXQY9AfHyeSUJ5AWyro5xUejHYiX95RKFvx,272804439,,,0,0
2024-06-19T16:45:56.897Z,3vScKQFk1vXuBB8TPvwUHBxwRdhHkqXCiPo2M9q96TQb1RniRmu1XozyzMzGS76WVERsQ4TRe2RL8ccSnfpS1Hg5,272804439,,,0,0
2024-06-19T16:45:56.894Z,4bNusTLYk87KwD95qx58b2o9dnTWnrBzWf4WcTCxhC9c455nzBjNBj1yBF8sVtTrbdDfoL2qqZaCSP87cFDb8Fnc,272804439,,,0,0
2024-06-19T16:45:56.899Z,27xJMPDuCcKLd8ArW3TkEhzD2fLercUQ1ZSWuqAX3PgtvuMxpysRzz4zePGPBy6kzXJ6Xi4MeKeXj3aPnsmXRmy7,272804439,,,0,0
2024-06-19T16:45:56.895Z,3bsyEnzXFUsAD5Afg3mSG7oEXNrQ27RJ89DRha73Ro5BNziPo8iveQUN7AWgqGohXsrxPeUFCHEXR19tQFFKTJfX,272804439,,,0,0
2024-06-19T16:45:56.903Z,ZdhF3agDaFqmDHPodXA2udsGRAh8FxrVDHZ5pgxmceG6DTninL9ekRHAtgKw1QLA4Xd61mmB6TyTw3BW8GrTzKj,272804439,,,0,0
2024-06-19T16:45:56.901Z,FxLXDvWrvTu1Kh25GyQQ7EiFuJZSdmuM6U4kwcQtgQaHgSxLR1Y3wewNa55LjFc5bPqbzJteaJ5C1ZrSGPBt7MA,272804439,,,0,0
2024-06-19T16:45:56.904Z,47ciq37bCBSZPWZnpFTydQf4HhBxqJ1GCoKfMorq9XZ29DnAViWfEBcCwTVFjbFWCxvuzxn5wwrt8ghvnF9YZgWC,272804439,,,0,0
2024-06-19T16:45:56.905Z,2fAru7QBqGERdxA3r9hQj14twcTQRwN1QP6TvVEEgS6LSppbAREYuqqwe8WxBtYgFpz7U8mb5Pfw1f99XHkwCgex,272804439,,,0,0
2024-06-19T16:45:56.907Z,2ogdxhN363mXnEoEJPJpd5M4inxeibjhDWNdkF97kkSRBFihPRpPKU73oSSuCGmWNcgkJtzbLQEMF7ZhZzfQeKru,272804439,,,0,0
2024-06-19T16:45:56.908Z,kpiWtVySd4thnXEbhnqhN43Tj5rd1fC55raxgSPcdPx4XQJBCPZM4R5d912WwX1aXaEgg6WAyMy6tFUoT6igYLP,272804439,,,0,0
2024-06-19T16:45:56.910Z,5KSy9tEBGHrMMcHzRZL8qXuD57PjgmQDYd7aqU3KC18SqNDcNTTc9MmiZNywJsFfJLC8bH1gkHbzfdTXVNMe1rYF,272804439,,,0,0
2024-06-19T16:45:56.911Z,2RUhJYU5M3zLvQF1SCKUAq35asjTLb9jwADQY1uhMTpDFpnPEWdC6VtcgkBKy3j2PJDrZhjYygBrycryAtAqSGvU,272804439,,,0,0
2024-06-19T16:45:56.912Z,4NsUuFZvCUskiJ2Vx7T6qV4ivVxZ7uSdfPecJyMJ4RfvRQL4RNe1KibU6feFVDn25yqiuLvJ3Sd3rYbmjgogGo2C,272804439,,,0,0
2024-06-19T16:45:56.898Z,b8wu8VYdUgjCLots2g221f7oiCNp4dqESY8DjtBejCfAu8jNqv5Ki7pMMSjLtSEjJCDqQnPBBK1oyKac8iMZnes,272804439,,,0,0
2024-06-19T16:45:56.914Z,3uLuqjBwjupexnX4g5CnKhGk27vmFzumXKwTeEgHfcspyL35fn1sxtPYMiuKs4m2gEReoAzmSo149rSTNTnFFn3K,272804439,,,0,0
2024-06-19T16:45:56.916Z,57JPwsG8jphG8tBbSfBBCaRim9unoG7ydgzr862d8fTTK5dZePzurWR17kGP2rAMNAjDA4eiBJfQjG4saeDgCVS8,272804439,,,0,0
2024-06-19T16:45:56.917Z,qguSHPFcGSi973PVmfPQ34iV739GJT4pfGJSPJVTnjbc5VNnFPhcgc6GcfPCrND3fGnAWfVosvzi9PCnDNfXXvZ,272804439,,,0,0
2024-06-19T16:45:56.920Z,429hcfXbvT2rACGXvzV6qpaHKK4SW2xhAG2fSeESXKcf5bDQ2gyut13XrEbwr43TDj2B86FzGCk1rWbgpnJWVWsM,272804439,,,0,0
2024-06-19T16:45:56.924Z,5mPWiBNhcDkD4yJ847MhRXtZHPVYxDYbD9Aq15J7CrRgh8VS7jXH2KhXpYtCEfGipaPh8GFwu6H3u9Tf4KejyQUv,272804439,,,0,0
2024-06-19T16:45:56.922Z,H5MB6RMEpA8jjHaxZFyCE5i6XSkttYiAzUKTQ1SwvLT6gf62oUEzjDwFTfTKFiWYd7yJvJGQCmLAiHezeDSjyk3,272804439,,,0,0
2024-06-19T16:45:56.926Z,2pP66tTfNYx98iwkuVgteWnTZwQqZEhdZSCx5jmEvDaNC2Un8WJcenMSb81jMDK61snNNNKK5PZ9VyFUa8bNwxPA,272804439,,,0,0
2024-06-19T16:45:56.929Z,5jLMxSd1BrJFaXRKTJTgJQRv2rnyrXcMLo1xhAaoL2W8WpnSuAEMPtXNcPuH4r9vqWiKtk5T2aykK8KHsBHuqpd9,272804439,,,0,0
2024-06-19T16:45:56.919Z,3FVaoMugkPRR4e5MrQV1yqXnfU4LmoVpcjBBLY6pmsQgkEq6GgbifD3Zt3QfEQm2Y7vQosPSkFkQKH6dQ1pshUmC,272804439,,,0,0
2024-06-19T16:45:56.928Z,WW38UbkmJfH5TqhDBNDDX4W53pkDehgbHSHMaoPi62WcYABUawAjBXf4zwiRnuNF8Wt7BFSnjmkayRWdWbPwmeX,272804439,,,0,0
2024-06-19T16:45:56.930Z,23mWmo4sLLJpqLrebfWmZaqCpet3tzvpgWLurBMZvHk5JMhem2UnDrUVvsFqa7rWfBRPhUgJp5Jea4DmqoJL8wuz,272804439,,,0,0
2024-06-19T16:45:56.935Z,4bZzEzLxxzGL4CX3hKxy3qWFsQ9br5qCt8AZRjEWAvQL5sZUv4ABfAJfaDrgjQLg15gyeRdrhXVdWbHidiJxawTJ,272804439,,,0,0
2024-06-19T16:45:56.933Z,4pjjWwtDTkcvkcatwDD15Lpgy8To8RX6qtG7rscFyDA6QSP3nsgsSa6sUpYUYD21hhVFL9uRL22K1cHTBd83YjHo,272804439,,,0,0
2024-06-19T16:45:56.936Z,5KMt8tbUyyr558t1o9YdL1p57YkNdWyUdc4RKhizHUs4sD3RKZTthMTSk75wGtX3MgnbYLanDSQNojMMPMSxU8Mz,272804439,,,0,0
2024-06-19T16:45:56.937Z,5nKq94XqMpVyzvUy4aTusiWX57y466ZdPFhcuDtQEKrzhps1mtfUyZjwJQ8idmkybV7ZU8TYrRKDkU7xoVNdHaC1,272804439,,,0,0
2024-06-19T16:45:56.940Z,2CCYyGyvmhTPv1Zjg7M6yDphWmGD21mijJMqLAAKrbb75GaWZ4r9cEDLjgwBCRedeLa47dThVBFWE2G4cJ8TCG7L,272804439,,,0,0
2024-06-19T16:45:56.938Z,cccHMzQV2g9pwQP65ZDNzSapDMgSwHpC5ArKFNZ4KVPpJmiA5LK3e2VPbumf8S1WtKrEsUJxDDX2joSS9696n93,272804439,,,0,0
2024-06-19T16:45:56.932Z,5itboWBjmNkENhLtR9hqxejKNUwWu99obc2fEdPjNDFy5sgGGW4HYo5ZWnEqSnu2AXYmM6rMrELJdatQ3aT1E325,272804439,,,0,0
2024-06-19T16:45:56.943Z,3jdqFiKS4ihAtqHjRjVHmVCanz5i8kd4sfMh85KHp4kFFz6fNLb2Zh2Y6CxyJo3fYRcA6fjsAcfFfNZBPik6YHeS,272804439,,,0,0
2024-06-19T16:45:56.945Z,4JQbX13x5tLi1yNye642CpR8nU27L2s8ZMeiiBzzAvKxV7bDt7EiJCwvULZjdmmHk6siWEAtXrHMYP7FNrF9pVDG,272804439,,,0,0
2024-06-19T16:45:56.946Z,2FRaGx81ihJgkCdTBgBf1xoxGTV3c3wzWxgZ1U6rQUw1fBLPvKRKpJ7bg4P3sysmV6zFNPQNq6HfHuV1U95cx3Dz,272804439,,,0,0
2024-06-19T16:45:56.948Z,4KJEmtC7jyxVZNo69v54PxwtPihiSjM78q4ikzJGfZnGBsimP4c24FdCcgAQuNw5f24uwkEErtRzANWwsC5VMEci,272804439,,,0,0
2024-06-19T16:45:56.944Z,2VWw2MRqaGcLuCWhz8CorJcY18gcwGd3MjjDc6eeauKrbw222PUpZH8FcwCCpAGtrK6C8phVbKjbhzwobbvJDUHA,272804439,,,0,0
2024-06-19T16:45:56.950Z,2j8nFA47vx7u4Avk5f8ZXCrWe7SqdNQhKfbjHwUwmAdpiQUXRhP1BE4Fzz11FBv74vqefDe58UJyCTjRGL5qsnd1,272804439,,,0,0
2024-06-19T16:45:56.952Z,2azZJvQSTFG5iCjKFfjQZiEi43hg2DLbPLCkv85nxt4n3JNhYnAPrqmn8ngAJjofM5jAdD7rWC3LPgD2mjeXaJmA,272804439,,,0,0
2024-06-19T16:45:56.949Z,5W2sjFZatd9ujte7kZmXVWntcvELd882hekkVdFJZT79DXJCbbxeQoFrNVdc7fafwJPsAatd2rFmWSvenuFWx9w6,272804439,,,0,0
2024-06-19T16:45:56.954Z,5Sxwo4MKuDhAcVqt7uYrgyUSFgMfmrTsUXRcJ6Ag6MDZQHCbaKewguZAwAex4yZ1J9jXbcLan6VPsYkhFFY7Gh4g,272804439,,,0,0
2024-06-19T16:45:56.941Z,4uP5MsNvN65DF4JQ9VRx8XVBksSXcKsFANvTE7sBr7oLAqP5yqzRns7v6NYSxFddDfMvesHd5y4poMYGRrdRdgxy,272804439,,,0,0
2024-06-19T16:45:56.957Z,3z7KxT9DeGzr4H46Uq1EcDaLRTZK7Y65M5Fp8aGQN3E7J9zVv4wKKsaFe2b7gW21xs2BSEFuoK7ToHdpjQnJGy9F,272804439,,,0,0
2024-06-19T16:45:56.953Z,45enpFwdmuTFBLnFD51c23YkP3jSoFvAocsW4bUF77wdvTbmRHmqyc1dJo6oRJHpmrzHKkxffoDg5kjkYq8xTzWP,272804439,,,0,0
2024-06-19T16:45:56.958Z,74eo6KV7sCWL4pvmaR2gpxExZnFzmgLRCebGDqWr9LDfVga2KFo8ca24Zcu2hpkXR5zparzk8KwyeUuUygDeDz5,272804439,,,0,0
2024-06-19T16:45:56.960Z,5LME2Mqfrs2R1acSHrNUvQP5ss53ckqkXEujnjn5sYUGAso5wa2xS5tcwWg3ySX3aNfS3hDxzHAwAFuUjysFucNL,272804439,,,0,0
2024-06-19T16:45:56.956Z,2DFFnQCyZ49ojBgYRkrkcNbafvWBGEGb4vh23p1ma4gkZS2JiHriKsoXBg8B4sJqpQGwpFKgrZHH6AUSSoARRvy8,272804439,,,0,0
2024-06-19T16:45:56.963Z,4E2x6NDJ6SNQm9kvz3jZAEFoaG9zZdptLNrzjLoXRnivkNCTMECpUJpvJJmRyYZuji87qgtxFxcdY2y5ZkUAtJRG,272804439,,,0,0
2024-06-19T16:45:56.966Z,4Z6DGXAFpkKBgLYTKsXMTShaw3a6f3VncV3yYQbvquQNwbvZbi1p77W683fYiaVnzdCRRjT8nko8kGoYoS4YV7SQ,272804439,,,0,0
2024-06-19T16:45:56.968Z,2tZihKqY14zxLCAFWpbZW99Hz4VFyn1LEB6KkxbftcUJ6N4ViVEyNAmxPkA5CFmQLwvwxu2tLG3G9NfheVjm4YpA,272804439,,,0,0
2024-06-19T16:45:56.964Z,2jCATiYwAeF2zYGi53cKXye3ewnvsvRpTGcPpNQmAdv8WTvsexcrrCVVTjZtL6L5aV9p8R1BbzF1Dfqu5yPf1LFQ,272804439,,,0,0
2024-06-19T16:45:56.969Z,14aRSm8hxszcUcZUfFZnaJCBGXQvvSzYhdfVAb6xokwKw1NmTaevmCuZoTcSpE6BAr7q8dhhwaV5S9rh23GbZtx,272804439,,,0,0
2024-06-19T16:45:56.962Z,4YbFrC3hnVsBttr5kmGYCMcinxBqfAzdPMzdPpps46VkaAKsBCxxjD4btjzvKMm5Ngm89WdkmMrLCM4urPFuAfZE,272804439,,,0,0
2024-06-19T16:45:56.973Z,3EiFXsYNbWoq1iJ6uRhVdeyzqFzBqSwt3EBLKnQH4WReMRo4YhcaE3U3U17AymBq5VTfNmeXp5oaGgqZYaVKSvZJ,272804439,,,0,0
2024-06-19T16:45:56.974Z,3HSY9nQMT2F2Sqmqne5XwATdAMB3JERaFLLGpqQ6nHMmULeA9BtM1pdamRxJrwBBrLG9XJ28E1tAbFya69ySg4R7,272804439,,,0,0
2024-06-19T16:45:56.976Z,37iXGfncSWRq7p25Wcu1wz8vwwpUxZYx68ExYZeqU28mwYqrJqD7JbARHsjS9SJKWtHVTQfzhbiG8NLXcbpWLrE5,272804439,,,0,0
2024-06-19T16:45:56.971Z,2To4Rw1cWfErbqSVnLv8offt8VdTKE59B2nC4TbxJkvok4vQJbj9QxQT2haBhFCVPo5NdDfAZ2S5jfDHMkzaKoZL,272804439,,,0,0
2024-06-19T16:45:56.977Z,5M1JHDu37GKn3UHapt2ymPG9TEx7zAKRoYWWzwUnKKeVHkzdKDHuGZKoFP398PS8pbop8h1aU54cwNvHjZi5DriR,272804439,,,0,0
2024-06-19T16:45:56.979Z,5q53x43aTe4MGSvEquXUJMUAPA6AHqDc8HdkuhGQYSTBWHPNdxMwV8S2BxGX32XKa6rtmsUQRKJ9X8wW3WVAbh8v,272804439,,,0,0
2024-06-19T16:45:56.982Z,2Xdbm678NoD4BNbaKqhBcXwP4pFD8EaNS3ekP2tUSorK1LD8kfEnqW5Ga7AjUQsden1zsRLJHUpQWPNMzDbQgzWj,272804439,,,0,0
2024-06-19T16:45:56.985Z,UjcjtibQa51XACtFRfb4dA7czSuvHzpVLuM7Vx3qu8MkbkW73XKedNYnisidiXka8ez7yat6VTLytNsHXg4JYNt,272804439,,,0,0
2024-06-19T16:45:56.981Z,zgw4Jufj59LcXGuj2cVfHX9P5b6UL2P87GT4ZAhqLbVsPwinAVFkFtawU8ua6GHGgU3upwhpwDe1SaJSuRAX3TR,272804439,,,0,0
2024-06-19T16:45:56.984Z,296dBUWG8JQYwQcJkXgv1FD2ACRGEiwm2xqoe7DQN565o6FzLBnoZvZtQot4xmog9DbXYrdptUb3YXtEz6UufopT,272804439,,,0,0
2024-06-19T16:45:56.987Z,65bvuBiqEfbwt6H2DR9BGz8eMrejtnYiKzm2TAAuEb2wuzoFscmm6uVCGjtQbNQsLcKksfXQczg9Sn5hitY27TN,272804439,,,0,0
2024-06-19T16:45:56.990Z,3NYvBr9en9bDNakDBAdb4MmUtFpiGv9b63k7jsJt9rTQ3U1bwa8tLktWm5TcsDR9HHdvQ8n42E1ZitKQC9u4pHYx,272804439,,,0,0
2024-06-19T16:45:56.993Z,LRVF2hytyr79KUewQ2XPKYx8fhGL1JjEANTLJ4NAKFokxbjXqof7uPDeHPUWk1nWxx1VF8fgYfHJ4iJcWt28fXY,272804439,,,0,0
2024-06-19T16:45:56.992Z,3dXf5vfHVEwJ1NbUe8QEHUZV4JeNYCKdwzF4NRysxmsCSXfiaUZet3utVuYnoLndk9TU6ZoVVe1nQkBXeg2Wigsd,272804439,,,0,0
2024-06-19T16:45:56.995Z,hWspMMnQMg2EsTYi79xnGZHuuBd39vG4iLJPWiB9DLivMjmhipYoLjADM7XUx137xLQkcppHFCvdp4Vm3exPt71,272804439,,,0,0
2024-06-19T16:45:56.996Z,4vrcM3rtzxbStan5utUxd5gKqgz5DdAcrAV6RZt8p34kxtLjHdddcDzLrJZrxWBBSgQtxtm5krFMmSYNBc3qjgTW,272804439,,,0,0
2024-06-19T16:45:56.988Z,2LJut6tFupQ7XRwSYEBLNxALoS8AH83WNUSGz2zg9xx812iBcC6PjJswV1pyqxH3egmGEvok2YjUXUA4H4YAuk1s,272804439,,,0,0
2024-06-19T16:45:57.000Z,3XwxRtkNABbAc6bvaxnpMyx29ExLdmKp9hQtCe78F4GneEMWWZZ7uzeUoL54qBxDrLtVXdipR4Y1zpZ7jCpuefoM,272804439,,,0,0
2024-06-19T16:45:57.002Z,2nXiCB2Ddss3n4rPN3gw8szvW5FnRx5brhmfdqgDGFDiaqJVibeLtgE6Jo7Dgz94ZyK3GeC2pu5x7r8ugknVQsdR,272804439,,,0,0
2024-06-19T16:45:56.999Z,5S5dNBsJAuUgUYCqwSX8TpzZoZaP5HvN8MrAe6LEQ4xQdWHazpsbzsvsoEzZNGYVRTXb8LY9ngHK5wkm6vPoB1r6,272804439,,,0,0
2024-06-19T16:45:56.997Z,2Kex5WP7rkBPHXcXKeJRWzrzVPgdp24ud57eSpWYtCqvv4QdayZBB4vrM9UccRrw7V57bE6NyrciqEwiM1H5CpZv,272804439,,,0,0
2024-06-19T16:45:57.003Z,5q8DyYvn4Y1ZEmfvrp2EQGtqgDPayUafW5CBVZaFNcSZF4Cu8i83Hnt3zGLznQ5djhmoTSLJoF6vUNL1vw7zEQwz,272804439,,,0,0
2024-06-19T16:45:57.005Z,24jGKKkJFDsVEduuzLt5SVRvSJhA6rxqREABCAPv2Z6DD9dYSJHufzqaUgvaTfpwdtaASqohtSPakwvE9JRRg53f,272804439,,,0,0
2024-06-19T16:45:57.009Z,5w14n19NHcWuC7wL3CKCbtPSu8uigw1kMwVBf7BwcURibHPdPkEzGL9JzXC8Jfy2i1Ni2m8k2v8Lc6qmyMN9t6My,272804439,,,0,0
2024-06-19T16:45:57.008Z,ySWRH1mtBXWNTf4z3bzaSRdjm9Z2roVwwEqNUoE1RtSgk9H7dnb8aPR3U4uE7XXBsskcddFEyD8vcgRG9nwaLvt,272804439,,,0,0
2024-06-19T16:45:57.010Z,3tChMKesae4ZGrtVjED4WnSbCLkAMs4rirCqSC9EdP2b1zniet7Huof7iyjaB1chnjvGjmDqUhRDEU8nrvES8BK4,272804439,,,0,0
2024-06-19T16:45:57.013Z,4TyTpiKnwz7cv9qNAcEj17a8ejfQt8FrnwrgZt28LAo6tohSRFmFyj4Ykh8i3xHwgTtMXS6awCyJQ6XR8xPkX2M3,272804439,,,0,0
2024-06-19T16:45:57.015Z,5iHogwvhQjspGotBUPGRmjexMJsYUGKvfCmBugPrh3yoCNgFMeHbJpFWc8ujSsCzx4MkHX3R7YU9QHUbJnd4sT1c,272804439,,,0,0
2024-06-19T16:45:57.016Z,H3fKThBHksUDHzbJ5JhEVhTNUNrfPzcVZNY3HUmUa2QQKFK5q5KigBhsZgt8Pkfes94fdFMWZKnucxTvpF1KgyJ,272804439,,,0,0
2024-06-19T16:45:57.011Z,2LPjmhvwEFCXLNYBBPmdwHi9CvmBKbcXW9SJLEwYvQiJ3cLVP3qDMLv7eGbQoB9QSeEGZynPQaLrhuKtaNH4Sdcy,272804439,,,0,0
2024-06-19T16:45:57.018Z,59kV6ubnn5LFMUGqFsEcsitjjfB9yo2M6D2QR42UGgwxksz3vPjgqpdkXhFa6K8eMxk61VrrDwRsbi17CAJutTHj,272804439,,,0,0
2024-06-19T16:45:57.021Z,273YtnSRgyAUKoj9B6XKKWXJXkbRnhosFZFGhGVxZu3fPqDcMymj7R7CMKDDxFqtMyGw4yE1zS9CKedEYcE7bdT6,272804439,,,0,0
2024-06-19T16:45:57.006Z,5NKBAeCCWXW9WhAUd3m43XMv8YPN5PLBa7Gp4SnpZXrzT2fWrrZMVw2RbGKwU1uBYUfUDQVPgM95LBJfDCcyrhxm,272804439,,,0,0
2024-06-19T16:45:57.025Z,4ngETkxmmvcaaXKCv9nw7HVGv4vzN3NAbEwK8CBCHaF7jo8iX1qmuLiiXRcHR45s6z2vCAewgpdXNjZMdoyD5VrR,272804439,,,0,0
2024-06-19T16:45:57.019Z,5oTqVDhNLb8H7uWBVn4e7a7rPgPDfEJH5Fr5NoUL9om3zj3RA27pqyqkUGTbdiWyhUrsRWBsdWGrgefwJuYG9SVM,272804439,,,0,0
2024-06-19T16:45:57.028Z,24cb2uqfNrRgJvGKWuuXD5UBEkdQCmaq6ru4sQjZMEQaUttTtXeYD55ZMYAN9vnNUgvcoHDUKMjvoSY9UY6appaq,272804439,,,0,0
2024-06-19T16:45:57.026Z,3oKitRfwj18ng4xqPJs1CYudW1ukP8uHGQhudM3yxdtTTd3b1CB7ySregS7cs48GzjyLLHnADdcWNw2XuASMwsR6,272804439,,,0,0
2024-06-19T16:45:57.029Z,4dva6eTvEirarurt5Us93edFe6LWTNdWBECvDgGUjkK2omBXYcjmWe5mm8wn4Pk9SS1pCBMVR5nvTE4Lpb8A3yke,272804439,,,0,0
2024-06-19T16:45:57.030Z,37hv1GaU3HffBkaGaR39tjWKUXBFCo5qSkYyyc4RL8DSmUia4iNVkQcLW4CkiF5ELtDzHzfofgoLhejW7Wg6ag7K,272804439,,,0,0
2024-06-19T16:45:57.023Z,2HWgDMZFHyRNJ7CYs2J6fRdkSLsh2VQTtQ8VyKEj2HHm8rwdvWcjWGwB4yQ92HtpvCWU1Z57Aw31rXKEHQ9dN6gx,272804439,,,0,0
2024-06-19T16:45:57.032Z,2GCniZyas3i34nwJMnCGPRHFweMaVKm9heLKcw539viwueiMEpRtTDtikryvWYgvTXqYFpLnhVASbWdBfxMw3xnj,272804439,,,0,0
2024-06-19T16:45:57.033Z,5LgppiwzL6JNuLbirJqkBXfhq87PTxa9Q6NDxfWmahqNe2nACHszaWfJdnoSgZit6AeUnbvQ3LErYMxV2EQmhTKf,272804439,,,0,0
2024-06-19T16:45:57.036Z,SH2WUfYH4a8dmNZPwpGRuBjtjdTJ4PoRsUTf1X8X4PwadtSXKxKRrp5qFbMFPoxbr25nyqiToRLWmZxsQ7okjzb,272804439,,,0,0
2024-06-19T16:45:57.037Z,KTuQRHUDM2zQjufaPQQwpyF6tjuxsunHMyVtvDGGMmGJ1mg3TFfWhoxCyt7Raf8LBfCzCggbFc3k32PhM4oXp9k,272804439,,,0,0
2024-06-19T16:45:57.035Z,45jrWPQmG8jNFHWVNjVuUZfLk3kuJGCNqivxuBKt6LDNBFb3d2DT9GQKj6M4DMK7X2JL5uHAqfE64dnonV4SR35c,272804439,,,0,0
2024-06-19T16:45:57.040Z,2VYQg1LtrLhH5sXsULA45Mao4oVhN2NJc73DUBctngaSsBVQtkMoXQwQUEWpfKmy1weUhmp267c1a1PCGyy8cQiK,272804439,,,0,0
2024-06-19T16:45:57.043Z,2YCc1wmsygs57JfAeL6goCxaThA7HBQKU9TxLpuaWkRjKgQzVyvWDKccSgXv5QcV5bNnHdDKsXZgfGmYgC6594D9,272804439,,,0,0
2024-06-19T16:45:57.042Z,5tvyGDGeAMN2CDpRoMVAwsKDRLFTCjcwFEr7iSpZ8qM7UkUQUeyf6pgcoTtH9pc3f3HRdKCgRtFNmLRWjhR1HPZp,272804439,,,0,0
2024-06-19T16:45:57.045Z,2Lajtp571GxMxvbHt9oKoGcExhUwFBpFVPvHBiBfhkgSvU8g2zvYwpV9YTh7L1wDUSxAVBdaCPLUKVWiQzdYwUjL,272804439,,,0,0
2024-06-19T16:45:57.046Z,4CW9SftYLQyRKpiLFgmHEekHjBkt94sGDZ1dUV9giEzo3ouVEY1nwoo46RceGQuoaGP3UdLqkpL5bxYcScVsAALq,272804439,,,0,0
2024-06-19T16:45:57.047Z,3hMASAVRtQS6BZ92QGusecu3JZLAUVF8kQCttdHD5uSUBk63eASE4rvyPK3ymgoa46CBpGZKTHy7S43vCsw9LNJ7,272804439,,,0,0
2024-06-19T16:45:57.048Z,2C4CCxsivDFjzE4VMdhKybhswNEcraSNtEwmeTdM5wD97X76bXHEkfJ4uzTdE1joJBDqoWjThwtwThUb5mCDTv9N,272804439,,,0,0
2024-06-19T16:45:57.051Z,4WxWDPxZms2vYaJquroQvpPv2cGkMnmCRxFVTxzFmycfhCkkz1eGAMZo1xwCnXUs3JqZNvia4uKz5xTDPC5PD9VQ,272804440,,,0,0
2024-06-19T16:45:57.052Z,5Vyx7Fj6axcfbwjdKkbJvBAvT1R5749zy9LA6zxytU4eJqH8AL92bmD2xmP2npkpVssABjPnXxHuxkN7v9G3Gypn,272804440,,,0,0
2024-06-19T16:45:57.049Z,5GBT9zh4QgWCiiQbALRUoL6hPupZSCuXPXowddXQoLCEj5fp1t6M9d5E26A8FLei4N7tWdYWHCFDc23XUJsewK8e,272804440,,,0,0
2024-06-19T16:45:57.039Z,2VX8ug4Y3N6PGxRv7WGHFbL5Avh24hbtFAQ9gTP8224pSg11a4Zb7p6E8fASAxXeJL92J2BEJ3aPc9Phm4RBzD9z,272804439,,,0,0
2024-06-19T16:45:57.056Z,3eQAry4ByprAeUhViwpUqRzcKFrMCUyRkNRpz9BV6Zcf6Qx9fEXaXsHfRqF3MeovH8o9sRZiNUj1u7ZPoZSirQJU,272804440,,,0,0
2024-06-19T16:45:57.060Z,ydqWycwpwFQW7r1FHKwVQYXnySabnFmMLtx5qfuBjngRs1NFveFZFmWG7CMUNQUt2nC3d6j5ZHfQqjjgytzAZYe,272804440,,,0,0
2024-06-19T16:45:57.058Z,3mBicvwwM2fJNdBUF8xkd1QESoQu15d21tVAYkpFKZMZQJWckvLDqNoEQbZrqwAwsxioYXtUXsToERMTmZR4w4Je,272804440,,,0,0
2024-06-19T16:45:57.054Z,5DNae4tQAZ65MV42YsXRYBtWbtjice21wxjajMzopRd5BAg5bevc6iRzpoCMSVp7nHNnoQQstykPTXU71eET11Ti,272804440,,,0,0
2024-06-19T16:45:57.065Z,5vRNebgWcCAmMQVDwDkXZDLGwjs17wmDNPhKtvUUhUho2ZwrqwNYhQQ9GHje2e3ircKEzvgy7c8h8eUxBiJXFRfR,272804440,,,0,0
2024-06-19T16:45:57.061Z,2HkhQsFcbcTc8hYffDKZusnDz751jY25echbEc6uV4DBoBcr2mHaJz99DZ8M6MHij4WEbvNB5X1Djy9B74CDmejE,272804440,,,0,0
2024-06-19T16:45:57.068Z,5BDYHAahHd6EhoGUWNx5Y1tCVGQDYRwYK4sFgyHWQ5SysfWS9HT3BLvc15nmVx4mRhZbvfkiTXNYY9esf1Wa4cLe,272804440,,,0,0
2024-06-19T16:45:57.070Z,adHVVPw6Qic6DHtGpdEEjWA1FyKpmTQceiiTopModUdhxGxysmnvD7YWsyT5unGqNVLRL2x8L5A5qrjDeuq8z6D,272804440,,,0,0
2024-06-19T16:45:57.063Z,2cAeFpNdjBxzKytA4Y62D61x6dpp4RF3BocNRptGppxuGAT48pSJn9ToUrj5n23f2ob4fxfiKi3YWhhk9TzV4GCQ,272804440,,,0,0
2024-06-19T16:45:57.072Z,5XxKWmxNQSx88X8S6QiMqeqFfLEtbjE76p5XUTBWSxpRB7e6EgKqyTSnks4T4bJUQBBF9ewUmhSSC1oKHUTfPUwx,272804440,,,0,0
2024-06-19T16:45:57.074Z,3eW3mM82PsmjnwujsBVNP7yTJ4ic7WGhdHw9uiPbq887GAub96q334XdUNEh5Vrh79A9gzGSUSxXL88L9tgRKkei,272804440,,,0,0
2024-06-19T16:45:57.067Z,2hnx499rLE46kPsXeLafgchtMdevHe8ZDR1LX54DfcTN2oMTYupAwjT9UWMACFXac2bE6tKiQhjWDS5sTAvd8YTF,272804440,,,0,0
2024-06-19T16:45:57.079Z,4Qc6ohCdxFJy918FnvoaFry6KYvfqx6oP4BWaFY94DZVcwtFpa18hyXz2oJEKy77B7p4B3vNWpqiRsgZ2yUUqmh,272804440,,,0,0
2024-06-19T16:45:57.077Z,3dMApPChZYPybDnhMAgm6iCWaQzZLC2h2BQP7mfwWPJaYsQTbCv2KVWu5KingPPhjcCUB9WCywHoLWzgvFMpvFiN,272804440,,,0,0
2024-06-19T16:45:57.075Z,XAMt2h2U7ZjC6p3wZeJotxweTDFiiRFutfHG5gZ4e6iGjB3UHkXz6wwmnJrDtkmU6YM6xTBHmt4nESCfSeqNEaH,272804440,,,0,0
2024-06-19T16:45:57.081Z,5gBySaVZWkZTDGMsQFcRBFYnL8nP19fVZTcArCHoopCfrJW92auQgLSrsFtdoNsHg4jvMNJb2ASRSjC8QJVw47r5,272804440,,,0,0
2024-06-19T16:45:57.083Z,a1pVDbAvWiXrW71zx7mgYDMxoDchxYL8dGAL3AnbdtfzSDp22qZYayj2pRbA97SKBk7PpJQdg56pJPBMXh3TYm1,272804440,,,0,0
2024-06-19T16:45:57.084Z,316rgnAJDMp76MvaV6uD6FCvag2de4EFrbyAYnHjuWPc1493knVvnvTCri6kXmZK3DmWUDtQy46mbQ9iL8zZfzUW,272804440,,,0,0
2024-06-19T16:45:57.085Z,2vAuBwL3T6Tx7U1UpGsRychngDn1qb9itQZdi1c3WWhf6YSTQRPskUeumESDSUm9SU7oJCHEcLna5T4qjYJFd8KQ,272804440,,,0,0
2024-06-19T16:45:57.091Z,3sBzseX3aBBfx2gijc6f4gegfsCrCMrW1eyeRA15J4we7ot4fMxQ3GhQjkVHGNbVQJvdsLRFXworCcigiQTS7C38,272804440,,,0,0
2024-06-19T16:45:57.087Z,3P8wHwmWe4v7s7cK7RTc63PMqjMVvgJ9MK75A2Gyn7ffuzbP4W9CqQBfNUYJMFgkWNL3mwoT5a3Kh1MZB5hRbmPC,272804440,,,0,0
2024-06-19T16:45:57.096Z,sDaptMmpScrQcd2jJC1SH3FTuj3S5MmFTG2oKWfTFeiAx14nnEibPu2FQ1tX7PRRCjYdMEkMKPHFfqQrWnSU8VJ,272804440,,,0,0
2024-06-19T16:45:57.097Z,gT7LQpSAc8nw3ARKJSS3RmzibKkXrNMPkW9tZbkMdXHzjsHAN8DDmD8JLmkKEV26pgm9LEixSSaUeRcBKxZMy1j,272804440,,,0,0
2024-06-19T16:45:57.095Z,3GiytS3osGyQUbzyspE2Sn7AKRLrCPRJ5tBBT3un6xxqwu4hxtWGrf674NH7Qfr4SHgWQixBjYahzGHWL6HvMFq2,272804440,,,0,0
2024-06-19T16:45:57.089Z,mNjzgfdRanmJNSX4KnNUwSWEbXuDdsiLMN2q5nNDUwKkE8TX9HxvETxPUq3kAbsx1scxS3SGfPVtY5k7pAaxntY,272804440,,,0,0
2024-06-19T16:45:57.099Z,3rxHDThHrksRoPJK1HdEbAgM6ng2n25XSANCjgnfNmbXDFggF81UWYyc2zMhwjEt9czDqW6A98eQeopVfLUB8gvx,272804440,,,0,0
2024-06-19T16:45:57.104Z,4twLPiFF51AuQPkEhHSg4UpFRuKN5D4zn1ErioQqKStv4Hdqy8cwn2sARJ3EmTVKFXJP7HRxfNrwxSvtFgVG3LXF,272804440,,,0,0
2024-06-19T16:45:57.101Z,7mmMVmk43eawQYy4i8f7C9Se9RjcEf6R2u9NPooEmvr7x7KLi3QmGRYiFf8Y9F5qmyDoZ8yyynvK5KwhphBWotX,272804440,,,0,0
2024-06-19T16:45:57.106Z,jZPmcGugyFpF1nenHx4vyskQxbZF1x91JCpBUmnVVBWnzoJ7mSfwqzL5Y7Mii3ZWS5h3faBRsjPX82mNExACst4,272804440,,,0,0
2024-06-19T16:45:57.107Z,p9WhJvyMNSY6t51XpmWHdE7YnZdwF65nrjWcPybQfamz7KuzfrtcdyqVc5frtG1E2v9DvQDNGgng2MT9PAdwynf,272804440,,,0,0
2024-06-19T16:45:57.109Z,3bZbz6TkMjmDUknsUdnVfc9ar98wscQUYKk72dPZwyq7A3m5zTFQ5XEFT2yeGCfeXsav6RbWw5gu4TnYgzuBMM6M,272804440,,,0,0
2024-06-19T16:45:57.112Z,5AzFNG3GVUw8VQqVJzwaYrYSbeK7JN2UJWGWHwPUE4E5G2LFmmu4Uw7511gvnoUdvDrUvPMWAQGWiiFS8N1j1esR,272804440,,,0,0
2024-06-19T16:45:57.111Z,u88smtHxEvkwBd5PWjBvgBkmQYNr91mSeCf4EfBapNnd3A63ZzkCCgBrmk8FDhtFVB5fDydVNoFyrgKvos9QM9Q,272804440,,,0,0
2024-06-19T16:45:57.103Z,KMrKHp3RYxXvQWgTEbvqRq2DrGqZR2CHApBivExrgzyPieLzhpxpEychZMDnNaCtokSvWeWQfbSaQzqCiCUREEx,272804440,,,0,0
2024-06-19T16:45:57.115Z,4UZrX1jXazQqcJ1XsXydPAcnWJ4yA7nKq3L1QiM1fLLx3aRp3EkwYgdhLtd57XitwEtm97DGhoQwLazRzKpFt6zt,272804440,,,0,0
2024-06-19T16:45:57.118Z,5uGo2Zjj4ZE2aEaXVQyfZU6eJCtPf4Ba2CU2xMCdaNgzouYFc5XnngompBj8iVb1GgYai4oFeu8bf4JwBcodTM2f,272804440,,,0,0
2024-06-19T16:45:57.117Z,z4wztKCFpefPxEAKYLufVpL88QFbdt3CFCsZpKtuaSdh8X4AJCmtTDKPMbX5gfaPymEeuSKZYnAEXpFs58NgMsZ,272804440,,,0,0
2024-06-19T16:45:57.113Z,46UKr3mt69rCo8URR587StD4sfDRy82kd5bWGXDCNX6fefXLYN3o1a6NGDR89XPrBFFNwG7rWGcxmxiZt5X3SkCz,272804440,,,0,0
2024-06-19T16:45:57.124Z,4B1a8R6aNEgy3n6ewjN4EJcfdHo2mD7CpUxmAHReH4vMjo8QmoFjcn7qsbFxsycEVb9FUJ4UHSLSUwVp7NPj3jdC,272804440,,,0,0
2024-06-19T16:45:57.119Z,61USYwhfdE9St1ajyMSzGxRzukggUc8kRS4E7pAT2hPbQ1ZARTLCBxDejfcRKaQeTp3qvWC3n5ekmyqgEXjQJR2K,272804440,,,0,0
2024-06-19T16:45:57.121Z,52KDN2dtTVrJqaXdJ1YG7viBY4cZ6sYaHb2FDW8PhaAZssYFKuzdig6798RszRs8ywaNx2q5TtLJB1RVBDkD3yAp,272804440,,,0,0
2024-06-19T16:45:57.125Z,4TZmKtRTRpFLHKQ1fvfXWqDWhKK65kmBqnBorv8vu2pKeVZRWaCrviN5g8ho7inkBVXcJRT8GVAZMwsfM1bpmzun,272804440,,,0,0
2024-06-19T16:45:57.129Z,5PCguSBTCp5cmAYPnrtYhNZBQDa7QDXTzoM6qUJC5AFJCQFabG65rfbDs7NUoCwZXJJkT7tVYrVy7wjLodDEsTB1,272804440,,,0,0
2024-06-19T16:45:57.127Z,M6SV5WKd5AxKuj8R5V7uGA6MibLr4sN2gjL5BJTVmdqbBWkKrqkAbbWKsKTeV6Ni6bVpag1KSiXtc8HesB1sYRi,272804440,,,0,0
2024-06-19T16:45:57.131Z,6rHQQR8VbLjESr1P7ZodhN24duhvffoXHRwrQjgfmvqwmGEuA5mydp7WQa9vLDw27WrMwexDGmLpTxeVt5BiMXe,272804440,,,0,0
2024-06-19T16:45:57.132Z,5LLQpCLEfz6nrCbJ77FhCyfkFdb1DkcrjwYWN6N8vccd6ygKvLtQue2ksWN1hoAYmvzudXxeHYASnUh3Kt1oNWA2,272804440,,,0,0
2024-06-19T16:45:57.128Z,v3LCeJ6ydJvD9GRxAt32Ny2G6YQHfHCUxJnk1mWJ8a5x4irXuMzUwAKAmTnyA8o9H3dnqFSSiwGvSv88t1mBXvy,272804440,,,0,0
2024-06-19T16:45:57.137Z,3RvNULajEhpHe6vxrdQXxj2WwTnoCiZZVMeZ2LeDJMbZtTs4Nk2RadkAZUg2yTi5i4zsqudTLcAPy7GLtZsBwLss,272804440,,,0,0
2024-06-19T16:45:57.139Z,54QoyPrRmntHYrgH7XoCunMdFnU87rqq5JYg4vrtwJSYpFY6VTSHXDRemRyT9KAYBkDtiqrL1bpYUHXw9RHnxE4Q,272804440,,,0,0
2024-06-19T16:45:57.141Z,3vL5sZ4WKL1Gwu6SWjBLVptXnS9xoTJ8G7n2bjEUL3SRcxTBKXjpy6Gsv28urmv9n6Jsop1FNYhBecRJn8VV7nYz,272804440,,,0,0
2024-06-19T16:45:57.133Z,XiYyQm9MZBiJS1LMqEewarhU75t5VK3sx94kV7nCG3RjkP6axd53M7phtJ4B6DhzvLu7dQYHqDGyPUHy1c8qQ5E,272804440,,,0,0
2024-06-19T16:45:57.138Z,4s2hrWXnsEvhFG4e5MJeGpAcbbrQQJTvH2s4KAGna35VjsUxZUpMywGEU14wqRBZo36pN4AM4y7mXuyFxzDDiABX,272804440,,,0,0
2024-06-19T16:45:57.147Z,3cgL1wG8ovzWWArGMrhoxhHDV4xTvUcsthrtrYUVLtwDjN5sLQz9bwPW8e3oHTLDS8tJkXjUcUDGyjCc2QaCJmMR,272804440,,,0,0
2024-06-19T16:45:57.145Z,RLCdobV3qRacAkeNHhFYCRXSnytMUwypopnysvJc2kcwPK2bqDbEyXdASNU6GeVnNHomUE1S5jd8oPqc9HukyfE,272804440,,,0,0
2024-06-19T16:45:57.143Z,4iWX6XT7WF3AqFj37PsHrZapzdrgSTcxiqPwJAuo82CbZ9CL1hfF6pZ2r5p7dSoh3hoMRwMFuk1w9g3HTvfGNku2,272804440,,,0,0
2024-06-19T16:45:57.150Z,3wzQBVUZTxRzkjQgmvDd5s2xaMfsxSMYDENnJCq6yW2dWLSVdCiY5C2gMMAS68yC3MUxvnqfkP6zEMDXquFqyEpC,272804440,,,0,0
2024-06-19T16:45:57.149Z,xnH2KZaE83bi2Emo7r7U8hnUqevebpRegoTxYg2knzVwXPtP77BAcBwhUnmUHVFPLJ8rwciLLCaKnUs3Bhh9AeU,272804440,,,0,0
2024-06-19T16:45:57.153Z,4GKRt1DgR3rzKekPs2HfuZnLGkuVTvZa8HrBP9mQZVifXJFKTxDWRSfqmF78n17tBgnW9L7ose7QtTdPM3YQivkU,272804440,,,0,0
2024-06-19T16:45:57.155Z,5QFtUpf4qGKZmLC1BJtakRVqnZgTYiWM9c7jz27NtiG7dP6p1bwG1bbaGLF38EsfrHJDp5KdRMB4fCpY7wiZiRcp,272804440,,,0,0
2024-06-19T16:45:57.152Z,4NZ7DNvP4MxUYriWbiF2NT1FZrHSPhpT5LtSczruMgS5YAimcikbPgEynKW6prEdys5tdH1YK4A1KtEG2DKVcKaK,272804440,,,0,0
2024-06-19T16:45:57.159Z,5Vf6dKKMF7trhUVN5qw7QZup6v5oJ3wgnrumgFHv7GhBJFK9gT5jzF4jwsXiWRDUaL3ihrWeswc5diBZ4DHsfKNk,272804440,,,0,0
2024-06-19T16:45:57.157Z,2cDoHDxU5PYWGFH6FeRrLHaqp45EczUkKNm5tKBAcJGWkQC768qVM2V1zxPhiL1oAPCwzZN6o4YUg9T7onJgrd9r,272804440,,,0,0
2024-06-19T16:45:57.160Z,4Qy7n88nHLeG81JjqmKPzDpDHy537FHCmrch1yVYzfJPaD4rBVsuc1gSEstuQaihehmutNLQghY4HuX9pM6MkCXX,272804440,,,0,0
2024-06-19T16:45:57.164Z,2S4TMcBNGEwV2ndLFFqQxJahDRpdzrYDx1N9gi73KbXNXEqJrLkfoxcWCTBAeKqdTjREEfJ4hemgEU9MF8QEDvyL,272804440,,,0,0
2024-06-19T16:45:57.162Z,61P2E4gGF8mb3YPGUUUq1aTWCTDEKmmzfztLAGne5r5QXxhF7wgmYxedS4cMLPfotzHXvL15aDvgZxpZdNA7y29J,272804440,,,0,0
2024-06-19T16:45:57.166Z,2ykLe3UkoakzufafMRo4hxDkPGzGzhdHXDK1ifnMcg4YKxPkNyP1bbyDp77W3GsdCFRpcN8uLYrSvMrtohJnESzW,272804440,,,0,0
2024-06-19T16:45:57.163Z,rcJGSW23iaeeqWcvXtDqjY3ADz3cETWCpAujeB4Ba6fQahWYiNmJBYmMbShooxeTkgR2efEtkd1nv8gU7DVr1YU,272804440,,,0,0
2024-06-19T16:45:57.171Z,5gVMyNQooLJKLvReuns9FyAgcEbasQDw4Hub9cNn99QC2QnHpNj7DtSJKCtYvw5LqGzEYmBG2APTeoSNXvTVkbQE,272804440,,,0,0
2024-06-19T16:45:57.168Z,59H1B1sfBPVSv28oo835UdnvVuCeRwkgVxUW9GTHnAj1L35vhDzvxbpfEPaBMTZLkctMDbnjdYZn63cN3w1KAHkA,272804440,,,0,0
2024-06-19T16:45:57.174Z,28aYZXacGcUmSBL3Qq8btn5xDdagVgCpN1x3gLSV1Gxq6STt3JYS9SgCqqqrbLW6DmzoBqpeaxpxoruha6vkWTwD,272804440,,,0,0
2024-06-19T16:45:57.170Z,ZWdPVsN8RzabAaQvLPGwt1AxubWTzHa69VeUecsQQAEYU9PVPdk1Uxhjh8f2p9hNeJ7jfTM8y8mn9fcbTxcbk3b,272804440,,,0,0
2024-06-19T16:45:57.178Z,5s87EeHghYYE4b1FmwfiFTSoKLdxCeAKSYj3muzx8JYZs3sCQJD9gUBBt5mrL6RCWcBCn8bJ4rimBkoFTrXxsPCs,272804440,,,0,0
2024-06-19T16:45:57.180Z,jZopWgYbxJsfzqbKL6EJ4vX7mTHQrdVmiCdeZQaAtjLz3gXjL4hw6nY1NGgmG614hMAneQPi4HY7gFoXfD3qiRm,272804440,,,0,0
2024-06-19T16:45:57.182Z,2qVMVXKC5UdU14D9na4bMKfquAgf1yDHyAtw1C6fGrMZ8He9tWh6JCkyiPfqGf1Fp3Tn6hwhkTtxLcn6PxXS5P6c,272804440,,,0,0
2024-06-19T16:45:57.175Z,3MJUvY1dkg38EwHfhAsi9CqCp96TsCgJ2FbYY5Rwa6kCcuzfRiNT1tThRSSybMVCq3hW67c6CCsRF9429zeLEcCE,272804440,,,0,0
2024-06-19T16:45:57.179Z,4qBGPetkjicC36EAyckq6Xv45sf8e8WLJsjBLsAMHvSXg49HvCgDCSHg73kfjos2uvFXBBrqD2zivspaiPeCRNLu,272804440,,,0,0
2024-06-19T16:45:57.186Z,2KzAnZxGYFu39YfrKhxnPDTzhk66avi3H3Ch3YDx6ZdvkYuKZgfZvfJtzmCi9f1vJhAQjvUASGy5hNU7EtUfxJxW,272804440,,,0,0
2024-06-19T16:45:57.187Z,3HtSGKoZv6LS4y6M1SWYhfNrqiw8MWWaFkkp9SHHMBaa1jebPwX6kX36oFhaR5Hqs4t8GonRhC67WreJq9kU4hwV,272804440,,,0,0
2024-06-19T16:45:57.184Z,TMKQAWfZZwP3mn5U2SU6tSTsNec8fwDE18HV2wNXEH7KGaV9tpW5nX15A8GX7pNvjBYn949RdrtompEr1289uJ9,272804440,,,0,0
2024-06-19T16:45:57.189Z,2keErb7ApQ3jnsDFhjr2KDfNvoUEeNECnX1XnAzCf1jXt18BT96q9NH4xjLNNcRSy6pexKneV3hGYP4mTMdt4TF7,272804440,,,0,0
2024-06-19T16:45:57.193Z,3m4chLtJwPjC9teP4vYiPthHHPjAk1GL3rb4tbos3fijr8mYqouwxF9oAMYFPaXNPbeoiQJD42CzAn3aHus33GYx,272804440,,,0,0
2024-06-19T16:45:57.191Z,5Wpa5KY5aRB71q14P6yqWpoWS5HSvByG23nW8WhDg26ghP7CZkk6PRKC3CajMYP712ARt9Kkk9rKeiHw76cqEgiT,272804440,,,0,0
2024-06-19T16:45:57.190Z,3m6EoHmomdfsjiMEp7teGG7YeNakw8xMNt9X5JcNAD5mfe1EDCWjcBuhL1VJa9iSBKHvBwdRrmvSc4WzGzzwLuTV,272804440,,,0,0
2024-06-19T16:45:57.197Z,5EimTcyCEcaVQ2Hmx5kHCJ6NZWUwoonjMUCvnKa4cGubQUCWjQNLdmuoX3TsDWeUyvmdEEtjmoaA6vzd2GgYZpNZ,272804440,,,0,0
2024-06-19T16:45:57.195Z,4o9UH8Ed9hJPE8pdVtojNKBDUojfTU6NAGYCB8dY9X3AMdj9jKAkk7BESmNcroR4qDUJqfUMShb44cv6Y3uEfsb5,272804440,,,0,0
2024-06-19T16:45:57.200Z,5wHjScEkw69ybjyHohXFJ2Nd5U5D9WyoXzD1rdWfNVhyRYFqZ6gJBZcgCqiCnUwH5f8euS1jQxeeVFcvzbo6UFDF,272804440,,,0,0
2024-06-19T16:45:57.207Z,2Vy4ZJ19Npid1W5tivDeKgXQuF7Mka9uPS3nLPdFJXiDQWjgkA3pkS2Y9whyqkcGjRn8CwT9cJ5fY6BTRBrQy9xb,272804440,,,0,0
2024-06-19T16:45:57.205Z,UwM9VnvmTpddWtURaroF1HmvFHUj8v7uzP8mZrdxr2SS5JYHpdgB4JyTFQLKqhTAetWScAgcC1WXGfYCtMyEdb2,272804440,,,0,0
2024-06-19T16:45:57.209Z,2pPRB7LgifgfLoWNWW6H4XTUukES65QAeQSbVZCpZv3eLkooVAoF3aq4ff6hEvCSXeVX26ByZDH5qYmJaYwYqnKr,272804440,,,0,0
2024-06-19T16:45:57.211Z,2TmwykEdXCFpz1ttsqvxan3T4yqVHREGz39RAhqCkxpAT6b7vZVHAP1tk8yTLfxQdZx1qhsg4P46TEAPbfccTPFi,272804440,,,0,0
2024-06-19T16:45:57.215Z,2Wi4wboJemnwJnWeVQyU5jBTjZB9DXeRrYMH8tPodSS6k2yq2s2geLHjydijKzoY5BVi9nmx4Gvn84voGLsJ3LoH,272804440,,,0,0
2024-06-19T16:45:57.203Z,44WzZfYv2GSrsrhBDbqbbLBVyki1D58ok2AhHNh5XzUND5vo348uhtRDuxSm4hAqEvTFPGExFqA3G5S6oSSRMNMG,272804440,,,0,0
2024-06-19T16:45:57.217Z,3iCnETmFdfNoLK7riW5r9TW2FCTUzNGtUNUJYD5s78DNMmAyiCDx7y7Xe9AYfxGALgMeVxmB88S69StuWn2oMVy6,272804440,,,0,0
2024-06-19T16:45:57.220Z,2Fy1NrZk9DpuV376PA3my8fLuYVfhceV9rZZ7fPV43H6TTnX5dsV5CJmWib3crminQrUBkmy76osGrm4c68sZjbh,272804440,,,0,0
2024-06-19T16:45:57.225Z,C6gBSUVBbngYCQGbMimryFndY7j7iDFYQWiVdQow7m67vb8uBb7kikk4W9R4ejC9Z8twWjGqy17t5xPT5B5YN8a,272804440,,,0,0
2024-06-19T16:45:57.222Z,5fNboSSMJJUA4RHHWVwaaUpncd67L6GMX2K6psYTzHoaHH4odydZDrb7MeaXWjHSkoHWZwCUfKUnAawc2od3h3T4,272804440,,,0,0
2024-06-19T16:45:57.213Z,41zJth1oeZ7MCETfMzv5d9VhEiq1mm5GLTRHSqvHW4KbRHy5DpMfCeH6citkpPQPSbSRcE522on2Qis1d4AHnrWe,272804440,,,0,0
2024-06-19T16:45:57.228Z,3xBtaxWA5ddyupA2wC52L9T8Nh2frbwE4C5RoNHJ3JXjFzCZFaF9QeNuThNuXdGC9DDW98UNXyhFS1oFPS7KFqJZ,272804440,,,0,0
2024-06-19T16:45:57.232Z,w6d4tZTfXRRtapAoTWwtCGnkMFrCwPb27VCaPHi5oGaVQjWvgW7WjBYQu1zM8YD4sXMzKD6yMZvgd5D7yibQqXZ,272804440,,,0,0
2024-06-19T16:45:57.234Z,qXHEg9vBshERcivDgTz3MeJW4iBUmrtqvKBMqvXD8afdan3XL1hGwcyRWvC42Tb1e9NSwH5dPbEFWY4iucyvG8g,272804440,,,0,0
2024-06-19T16:45:57.231Z,3PuuMoR6y8j7EW8omnDWyBMkTwgA7ueKieDQn3qspy2dZRHNdnRRXqDogv4GmD9aj4D2KG1PRExZhAcDCohSGNAT,272804440,,,0,0
2024-06-19T16:45:57.236Z,58PFpyuJLBd9YdfSRHT8cDbi5jnRxMw3Ls5uSAscdtxxNz6ha1zU9wWEiTxcTM8PpATLpBB1Uk5PwkWLRsascucE,272804440,,,0,0
2024-06-19T16:45:57.227Z,67ZnhNo3DJ7WKaSDvE3o5RWx6WkuckPxUkWSoQAdMtbZJhvkZL3ob9d8hr5rADhcNrkY4qcyyg9KQX1SGkDfbVjZ,272804440,,,0,0
2024-06-19T16:45:57.240Z,3BV7VhUmw27k7FbpMqe7unX87i8gjBTVwBLF6RezkFTveqhAWPkt8JFQgXpJmDdDdPH2DhZaaG6ZXYbPw7z57DPA,272804440,,,0,0
2024-06-19T16:45:57.245Z,5eFsFocdBtPamnQgt1BWWD65hrEB8i9sghSfEQDrEuL39wFHmFxfkGTHv57aMxXqE13oLsEuYfqmu7qVrzvnKfrM,272804440,,,0,0
2024-06-19T16:45:57.242Z,5Av7Z8iWkqFUxKBrSw2H7aF6NMYSkjoreTx6PGLZXrnau118H8bvFSuXvKwQmK7znVawAZyUXTJ1ooHgcmB2BTcQ,272804440,,,0,0
2024-06-19T16:45:57.238Z,44ZQ4HddFFR3S6PhM7CJdNG2HyMchAdaU5VynJEzzwoPjh8u62qYYoBMbDchZqX7AGCMCwu4u2okYqJzhqSCWaj2,272804440,,,0,0
2024-06-19T16:45:57.250Z,64CNhfWao1AvZn4Mr7Mns47A1U4HQ2yFGoBoWKeo2HHUvUqVXQD8dGSmyi5Q5KK4K8xteiXTCJPjbJ1nha2LvoAj,272804440,,,0,0
2024-06-19T16:45:57.247Z,4mmCUqttQMijreTey4WXHbtgoE99g1XU8b2puy2sJfqGA1wC8nFQ4VMeMaLaXofVUXxAajaaeXUa38CDkZ6zHkhu,272804440,,,0,0
2024-06-19T16:45:57.251Z,4tXebhfw3R7iW64m2xGkZDc4bvGziDqTmkehEJ3gsppDtH9QmVdkjYs9fE55n79bwHFRAB3viiK5gwCS889E7KGX,272804440,,,0,0
2024-06-19T16:45:57.254Z,3CK2CCq7v9p9RBB7RXuQA4RshJTjGHJLnYnJCVHLYSZLayGV7tnteGoFSCYppmDBhRLhLWa4NVj5Sxy6YQY4aoxd,272804440,,,0,0
2024-06-19T16:45:57.253Z,5MH6FW73rFnQsScWyRsVT5DD4UwWWrDmyWPeRMty4NeHdkoXzvwN11VK395iTGgCH7ETb3rJJW5fivNFiUU7pL3P,272804440,,,0,0
2024-06-19T16:45:57.256Z,2JiozWTfyW8Pdw9LEgdkQzuMZnDJNhScrs9CvnwVDG31svYFq6A1SYvrFWyBv35XeLhmLjH3wirLxUdDjR7DnKE5,272804440,,,0,0
2024-06-19T16:45:57.261Z,3As3NPcx7AZoqL5sXykMMrfPpsFMpz2WKkZiLW6PA1jS8mnorzYBRKkrb5LauUFzu891KYCsY1VNQZEnexGKkiDT,272804440,,,0,0
2024-06-19T16:45:57.263Z,4rqD5Hp1193uPf7518sRk3Zk7j6GdsCRhJfgsnt9UdKdcTYdcrJDes6z5ByNwASabuuxY34ek84r753n9odaDPcK,272804440,,,0,0
2024-06-19T16:45:57.258Z,3xSH1FV5kJsjYQQuMPom5G923iRfsAfxKsiExuq6oPYAT5XJZwg6Hv1KJRHntRb9MDfGeuYTwa12kFAU5fBFc4sm,272804440,,,0,0
2024-06-19T16:45:57.267Z,5aaEgMxtxyFrkgmM2bbX5VoQ41DZCd3svNY3wMbq5oFCnNgxL6GhAH3Aa895cTTTv4UmmPVXJSHsDvd9uTsFqrP3,272804440,,,0,0
2024-06-19T16:45:57.265Z,5YWsQpzf1z5D2fXPt7tQrxSK2b1AioSrXZVgUWbFXdcRQnWDHacZnMKNdEwEFP1WVTXnZ97LGGREQCa3pXeCUoM8,272804440,,,0,0
2024-06-19T16:45:57.269Z,2A7PiAhUz48HJBgX42R7oUCrF5G5Mf1J83ta4uyQjk9CPG4iwr2pFA77J8nTQQmeBhUaAuvaNp9ueavEdo73Xu8C,272804440,,,0,0
2024-06-19T16:45:57.272Z,5JdWSNa1G2Bt39wBs9U5rxVekni5dqiX2NocX3KRjEcqQGj5snSWZAypeeiPdfutwaNJYgGwiQi7HbYEzQ4TUHDL,272804440,,,0,0
2024-06-19T16:45:57.276Z,2XBaxfwtJQXzNNWyx8j4Z2n5Hz86nmvzEDaFweN9vfvNZzxwGvD2bD2cBxMawRNHu6UZTnCmPpz8SfCnvAgRQfR7,272804440,,,0,0
2024-06-19T16:45:57.274Z,Ro9MbhBfHEjAwXkEa9dMpL1gjxwwfp78EcZ1JXD7w9vvGr4ph2mTVFNQ2xR8bYGdYeoUAhdQaR62GHbLPKMndVM,272804440,,,0,0
2024-06-19T16:45:57.268Z,3MwjgrKPvJMU9nAp1MqJtDEMyPLy9TrneAfHd6DRtbTwB8v8rR3dC4FBGCyH1JWhxG8VK2XZPE3AoDc9mxBEAxJz,272804440,,,0,0
2024-06-19T16:45:57.280Z,UmeqoNvcS3EKwZ1yjcWKwotPRRG7qDFGZ7Vb6uodoS2svsyPjuDEF8AT8nBt1bXnCRzcydPwM1endtZmbVgskpM,272804440,,,0,0
2024-06-19T16:45:57.278Z,4XvU4doeJstFHi56yGRUznLaRcxxP42cWmzuEUz3FqJtSvbc8yWSAGJpMFdLiBPXauE9RhABzfEBUE5dVX3zPQA9,272804440,,,0,0
2024-06-19T16:45:57.284Z,5x7Jffk3NfzP6F3Xf2jKKYJ4GzwV127DsTJh46yRvUMocTJFtqmtsBy2q3VohrspPvAddEd1rgKAC5jGA6cTJshC,272804440,,,0,0
2024-06-19T16:45:57.283Z,npgn5AR6LD2vJJ7quk8YANqpFZ9ibaSx7PsoQSjkJHJj6hbg8LpV4BAGcmhGAngpFGVrZdyFjd3NVQjJdGa8RtB,272804440,,,0,0
2024-06-19T16:45:57.279Z,25Tr14cEK1X37ZVNf9H1CoJ1XqjurBvXWZpbvs6qsRRTBTuMm7TZZrRmN32NksGcYVPWDLnmsTj2EC7dGZvPuQCg,272804440,,,0,0
2024-06-19T16:45:57.290Z,uyyNuMAYJa7QcX2mFPrY1DDZQtPQTkbt5GLQErwmKe4eXMUF7qb9kz6vCeGncGE3nhcYXw7NwsvcZHy9sSBh6nf,272804440,,,0,0
2024-06-19T16:45:57.287Z,5E57hfxKk6unHpKsW13DyY5rWpGepxmvxiUskynj7XhNnmfC1CmfimJtWVn9DGeEYLBbDd2RFqDHcK8wAnWLp8Rs,272804440,,,0,0
2024-06-19T16:45:57.292Z,48rkXSZd6S3n8Q46Zsq5F4zVEQ2L25MCQr5VdkprZcxQwYtSFDGUavugdbci483jXCEcCKdiSbdkRQVGHKirSn8A,272804440,,,0,0
2024-06-19T16:45:57.294Z,4oGdCk8ooVPjapxWqGk3BeFft1uerLXWwcM1mrYNQGT56xvYdKFvtMz7mZJFPTmr1qoBt2DpnrhTaim8Pdjy37AM,272804440,,,0,0
2024-06-19T16:45:57.296Z,4kaiNSWmLor9PsMtjLk1UXddsEpKHz99pEAU8DnZMABbvxjQQRJRbxGnvyqFEC6sbFHm3Mm96ik9gJ4KqPH6rZEX,272804440,,,0,0
2024-06-19T16:45:57.286Z,4x67GqH4E7i8vsAQeGnwmUccHaWHuM5gEk4icqpWeuhBtj5aor4yciCnPzhE1UTVWcPw2VGgJQ8sqifxZZvTCBKN,272804440,,,0,0
2024-06-19T16:45:57.297Z,3pABXGEqanYu8FVijmjgce99V5RbmEb1D4qyhEXXpsYkFNausKFxrpXk8zZwLEKbAqQXzfQCXaugcakAdQMDUzHd,272804440,,,0,0
2024-06-19T16:45:57.301Z,1NvZJytv17Lp5th7o296Db9W712A3YgJ694LRFLcq2bMy57gfkWehaYBmzYAwwfYb7VK6rj9dk1e6Ua99g1SChe,272804440,,,0,0
2024-06-19T16:45:57.300Z,u6sU7WwJayncZquKRBWmW9NJ4WeGmKtRwURDmdNM8Y8S1ZKkGKoK2AES9WsZfn7L4Bqgt7oZM7ZDCwd9qT1EuBe,272804440,,,0,0
2024-06-19T16:45:57.298Z,44VsxiETt2og4McmPWAazf3YBhQP14ANqU15uLXoayWS9MFUP52bLWZkuobZpnzcHkwcSi47tUDvJHn643vcDfxE,272804440,,,0,0
2024-06-19T16:45:57.305Z,4BTrjDBbvoV4bicAxDAVt4vj8jeJH1sMEN7Kg1SkU4i3R4FDRJyiq1qKuUYb3icwq5wS8uce8V63ftbi8ZPPrSYp,272804440,,,0,0
2024-06-19T16:45:57.309Z,3Xhv7btwEaAJFpTUYEjNT7j1WtNsZZMKzortHxutabSDRM2oPCSASjDXbfmwMYuwhkHmvDaQc9VUzTb9YwfuzWvF,272804440,,,0,0
2024-06-19T16:45:57.303Z,45aiqd2gCc6qoiBT2MeR3A4sv6kpZNgtQAJJFLdDRenNQaqm31XXsKmxZKZZWkHZ2t6XCm9oYz6zbbkzbvwUjjDb,272804440,,,0,0
2024-06-19T16:45:57.311Z,2d2Z6pSWdTcyEipUuxVFCBZ35JKot46qdGYjjXiDpvBcGfcg81rcDbPMgCVipvSUe8fSRXEBzSnGHdp4UNnMFamQ,272804440,,,0,0
2024-06-19T16:45:57.307Z,2uo8QiJNA6DKFZoAj2MobVFjWJwsqtbUaa5vPJ5KUhfzcCCqXoYUJGi6rGeGAxyqhHcU5GstcoQKx23xX1NYRnqA,272804440,,,0,0
2024-06-19T16:45:57.317Z,2E25EvdTVxY9kPdxh7DkibBeStTK1AmCzu2h5AiXDEzJxAZWZGw3DyjzkQMGYj1VdCG7y1xcBU2BBAm7Cqzhn1nr,272804440,,,0,0
2024-06-19T16:45:57.314Z,65ySpmWjQy57hXtTTka8EKxBhUbY6yj3eZCoMmhKaU2J58jrankLLP6bAKPqDNirC2NRA726SW7E4ubjyTDDw9fM,272804440,,,0,0
2024-06-19T16:45:57.318Z,586gQVEQPVyRsJVThBwUunAVhtZtVZs1iHA9iB4JQA9YRiw3cs197MSa7XH9MgERL6GEC7JfXtV1ubm7y6EAxQB1,272804440,,,0,0
2024-06-19T16:45:57.319Z,3hiH6RVeUtf1nVttjsQoiJ68zBR7qEe7pk2omSviisuiAiwvoUXtHsJKuhTL61TY4zfg2sSNVHSBDxPnMfhLwyTc,272804440,,,0,0
2024-06-19T16:45:57.320Z,hB6m2Cao96SK7ZhyCcDrDobVztw4ibC2tnzdRKf1SePPQP4b5i2UUQ3sYHJU4PQgJ6mfcxow44qeKdFAC3LCgAR,272804440,,,0,0
2024-06-19T16:45:57.313Z,3vvKg9YKhomcbpF9VxdmauiEpc9Mb4D9sz9NymauULr1pyJfAr9BjzUigMZixve6s3jCoQQsxU6zWsDTep2C2opw,272804440,,,0,0
2024-06-19T16:45:57.326Z,5UTHsTp1P2UGcJRQv4hWSUxYCraJKyVMjW2PUtDXcoe93BaBYWKb7pYzkSE5uVXy2xh25ezq6PjrqAds5tQr9LXV,272804440,,,0,0
2024-06-19T16:45:57.329Z,4ywC7cqHNDPFQayCB8pA8QTtE4Kj2zL47GJWYFYLBF6kubnv8U2eTh2ndSttiX1Pj9LtkL3a67hpyU15xm76BJLt,272804440,,,0,0
2024-06-19T16:45:57.324Z,3NUGqnoGNfNqWk4Pz5fza2DGxaMhqw6eKfHoYquy8bzmgdWLnQ5BMc2TsKwG2ZC4N26PBvMUmH8J3j8WksZp9TrG,272804440,,,0,0
2024-06-19T16:45:57.330Z,4zgwufG88U8dPH1CnmUBBGNcuU4GSNwCXWSEjaFJLorQo9JbNANX86CgqrrhhekRrGtzZF3D3dZECbrpVHt6aESm,272804440,,,0,0
2024-06-19T16:45:57.333Z,RqB14HTmLjy5ACVFwuJTxk4RCnvmVK6fJcFPM2P37FQ3DjceAQhmQFyfuH4pQF1K5THYVXcQqSs936EBpAgLxoM,272804440,,,0,0
2024-06-19T16:45:57.332Z,2Vz9kNDfEiG1jyTX4C691q4x4Xbj8y1KdnU3uFSyq9qobYyt7qrCDSrR1PmYp6Qtg4aNgGfxK7mymYAsZ47HXLEu,272804440,,,0,0
2024-06-19T16:45:57.327Z,3zJ7Mom42wDw7jJGQuoZQVjGBAnc2jshuEvTxiWk4Knxku4BNKXrmYPECrVdteoKPa8b2aWeC8dnauyPgAe1jLJF,272804440,,,0,0
2024-06-19T16:45:57.340Z,2g541rvfzoewo8U5b6Tct1RKRkcG3nTQrzfZCRF3sJ2Hhn8E1kVcwkiEmdJfz5S88NAhugYrHoNRzKh4W6MuKu2v,272804440,,,0,0
2024-06-19T16:45:57.337Z,Uwn4aywNbn5QMRpv86nTRbicd2HK1mygpnVQ4grF6os1comvxT8RjaRvsSfBiNBMLgo3LWx5mhrmGGGyXt8UDry,272804440,,,0,0
2024-06-19T16:45:57.336Z,393ES9VgXgGEUMJBvt4MNxTXp8xi2kbBVmczYPLLEmnErx7MyDuCRyNRgiVC8fAAuu1HL7Ef6HSisc96bUBwf3eK,272804440,,,0,0
2024-06-19T16:45:57.345Z,63Mmo4sVYbd3i4j5b2jmVRno7iCN5srAbR54dCFS8WPN6ga9RwSuNRSV7RCr5GZka9csnQqXGR8Eh9UzdfmKGCTU,272804440,,,0,0
2024-06-19T16:45:57.341Z,5NQjevjPR9VfYWkvHXkrYTHo3o8V3HrxGbw2rjx9xMHEfzmyxSwdH66dgLkCWz8coPmQNTS9zUjgmJLcKQZtS5f3,272804440,,,0,0
2024-06-19T16:45:57.344Z,5tc8nnfhMvwjn1LByQDxYerK1u3ZDjcgKL2xKAjjNYgysVe5fcdhhRCZHeAWzCmkGQpx84nRUQKYC4cE9gMPXzfV,272804440,,,0,0
2024-06-19T16:45:57.348Z,5ZoUHVhqSn2QqjPBWLnqvyq7UQruLLZo7mReBNdxycFNB8oHquE6s2jfrxNJ9pCxEPF5Dd7Y2Nkhc1c5cyC9pFNT,272804440,,,0,0
2024-06-19T16:45:57.346Z,4sKHC5LGVCokbR8V9VwwKrS5XFsJAytX31YEjCYS8z3i7eftmmcpUCewHxMCS8k5FVoFXiWjxwuBQPGepNEaP1Rt,272804440,,,0,0
2024-06-19T16:45:57.350Z,4UWozFPkHwc4PooxFyBp9tiCc5rbkoPLw1FttKaxhmzRrrQ14HoQuoxtQ4J88CBLLyYrCqr7c4rCakkjtVgjAFYb,272804440,,,0,0
2024-06-19T16:45:57.347Z,2wNtCFzNbSVwdrnWPJggz3wx6LF2S6DrZyqBVhT6szfo8zAQHiyLBa1F5yBk5yunHLB1SmGE4AoVu2fbcynspSe6,272804440,,,0,0
2024-06-19T16:45:57.355Z,KkwBrEY5M9yLm2HgZ2QykgyvtTbcFfFV9iWNZwsreszdemvVzZi6RhA87fHbXvQrjkW9FVL6QKZuz1ezs463E4B,272804440,,,0,0
2024-06-19T16:45:57.352Z,2Sd7Za1tYSFdsvQVa9X56rHYTJs43ogvD4xrZgsTP2VTVXnc4KE6dRWU78nVWzfyPam7YSRknHEW3rATXTiG2pvu,272804440,,,0,0
2024-06-19T16:45:57.356Z,51AXGqhZuqNztnmwUDmkqVo7CBMPid3nC74FFDLBFZDgMYpWRPwiLVRCkLaiBGDLFmHGG9Z2HCkFJBCuKdtppkHw,272804440,,,0,0
2024-06-19T16:45:57.362Z,5914BHSVv7E9u8zQf9ghTEFixsC1TVmEyw62RGFXicgBhWZmML7KA9J6tLymfhKQysVxyeS7SZkcs4ZfYAbbbPC2,272804440,,,0,0
2024-06-19T16:45:57.360Z,3vnRVuhunQWdLrGAzrXpqeiwHK8nvRtYmbnmVsk5uCcUW1qPFa2WBUDDyw12EeJmNGxYSR857NRNVyTBoDEzVnWD,272804440,,,0,0
2024-06-19T16:45:57.365Z,3aoHbYTpdVNZ4yxzMRireqnTRdNDgXPo1TdgK8U9rYG39Q8KLzVEsvJQAacnSrmKzzoDhGjEecTs9y9VLWAPU8vL,272804440,,,0,0
2024-06-19T16:45:57.367Z,2c9WbB6QJdJWjr4Km5c5iGYU7EDxayXZEXG2yQ1pujAwCUNcaLjZ2RW2noQxXgLt5e6NYnTAeEq5YKXxuyBBF52u,272804441,,,0,0
2024-06-19T16:45:57.369Z,5Lc32u6WnnyAwXRUC85QqC28ns3eTo8f88A5fp6EFD7J7FFbMrqArfBHk5aq1h8rPUQ6JPBT9tZmU56SZjrR8nzN,272804441,,,0,0
2024-06-19T16:45:57.359Z,4QkUC5KP1fkjgnCq79Pk1dTMirxgLpyjNpUEazc7J9wdJdjezfEnus78pWdxGKVUcEV89ZCdLUSZpBHnkQYydYuY,272804440,,,0,0
2024-06-19T16:45:57.372Z,5kMr6yvWiscrjaw6FS1u2AgJthy7iYKRk3Rn3AyzQxxk9itu3dnGW2BARST88QeGuLynmTad2Bxa25kgEDXxzDyF,272804441,,,0,0
2024-06-19T16:45:57.370Z,jrj4DPQys6oTm3YajCy8X6SJpVjEtpbsjzDMP8U8FZTpFyLAs23qXyZ3Y68q2rTj7gf2wzjRi1FoyzDcXzBWhMP,272804441,,,0,0
2024-06-19T16:45:57.374Z,2qnZozMUhVLJG3DEdcGYos4FKgfPK9fBr8NNhgWoNBwaEU3ktQBazuL8RPTe4aoRyhoWaBmZ7Mg1fefbtERB2KE5,272804441,,,0,0
2024-06-19T16:45:57.376Z,4VvaxnGbacpepF4M6pGPsSwnZoWg8zERaTFD4qP3hJiqyJDgYY4vA6pzdoK9DvUvztoXSH3Da6Gcji4HYF8ZG8i5,272804441,,,0,0
2024-06-19T16:45:57.364Z,3AYGYHCzzATKN5Z73K4DyDPN9bW2i2gC7NhpbTcAny4zwNgnLq3ufRnezjfcofdfYUB6g4d3UnjE3zNERVvWYeYD,272804440,,,0,0
2024-06-19T16:45:57.379Z,S67BHvCeyhywWFVNNEoaxHUmZv2C6CZdVSigEruzSPzntbpUv1V5QckhJofpULSxSWVPGZ9XJzhQkc4bAGvh3jC,272804441,,,0,0
2024-06-19T16:45:57.378Z,4ckzmqrHh7FWULsL5p8YfQjFLd2SK5JJg2Fth1qNqN6X5UzKApXWvy3LxkGaxAqehsuzKnBMVgoSnBcBGGqGs8vF,272804441,,,0,0
2024-06-19T16:45:57.380Z,5SHW7kwn3v34ZeJEr7cuCEmVFE5J59cvXCstRnhGQ3cPqBPCvxYqJPoJCB1e9mVdKhnLbKdZCV7NYqbrDXfih8qX,272804441,,,0,0
2024-06-19T16:45:57.384Z,64xummBnE1GHZKueFiiDQLS5n7AUXcztpRTwKeC2KiKPp6iu3Wopg5ptRqTxBPZNbtJgr5EbrpKKG9bQQr1Db9r4,272804441,,,0,0
2024-06-19T16:45:57.383Z,5d1QvkUaD4uzjJdj22eTURYFtv6AnrF7SdKeUp7XmAaQHdZVyApoXStzzMXnMNNEjWnuFfF7JWijcgJPYWEuoAQz,272804441,,,0,0
2024-06-19T16:45:57.389Z,5CyDLbwEY7t2LKY73PeRP3vATmj5FGL7xLK6Rg94gqMgsDMYtHwSZfcNai8ScS51rQkNkrMaMHnDSutiMnYosrd,272804441,,,0,0
2024-06-19T16:45:57.387Z,53fLHLQWv8D2ZVQm2Wq4o6r9MhfZuWxVdfXBRApf6CMq2xBAPQkzndwcvqSMFdQjSgv7ihY7r2nb4FobFwXpKWqJ,272804441,,,0,0
2024-06-19T16:45:57.393Z,4MJJ6zQDc5KHyCb2NH6ou37hExFSnPYTLdCT9CgCLWqbtTj6tthmQ4rDLVogqSeLLiJgVEWSh19oVRhwr8YACT7P,272804441,,,0,0
2024-06-19T16:45:57.394Z,5teqh1oGeyZX2n9mQBBFdBnytQBVPE7FokgWCcvxULxZyeozwMu53AkdGWZury23j6Nqcz9FvwatQuTe2r7kywsk,272804441,,,0,0
2024-06-19T16:45:57.395Z,2tSxZKqsA5VZQFh2u4UrCP2MPFBMAy4AEk38QYmf2EZzgiCtmmGc4uRW6wqfGLCnZQ4obuB9X74dpzpQJxjomQsz,272804441,,,0,0
2024-06-19T16:45:57.391Z,4w5tqCsnAtwTTcpbAQ3cb67nGqNnMJhiGqaaDatSMf8CnCfGUhcDUss1kTxn7ap2ZF7BrCXB8v38WWR3veJbKsCj,272804441,,,0,0
2024-06-19T16:45:57.397Z,v5RhjXYdKssftA6kztcD7kRtH5ZyDGSQPUASmqYsqqUw4qVgGwkPpgEux2SYidQgsLutzHUcyetd1L3NPXno3TP,272804441,,,0,0
2024-06-19T16:45:57.398Z,2fhwWnxHNkHjUaNM5yLitwGLFKGTGjd4ZVUQY4GSjS5Nu4ai1ehBF7Unuhm54hmGiCtY228b8TP9rzwM3NEiVCAg,272804441,,,0,0
2024-06-19T16:45:57.401Z,48SyTK5zUaSTr2EHoRou1dYhf4MU2PRFN9idcwJTYmGnzsopbCHK2JJXSRY7tzbuYCM2j2woEBmkQkmQET1DYgup,272804441,,,0,0
2024-06-19T16:45:57.403Z,2s5rvpx153eh8sexFMLFhdDvVu28r7GDNJFGajZoSoMrbEKgGJY5SZhPY3e4A5MhE6AvJU8H3Mkj4QqM17ZcHN9G,272804441,,,0,0
2024-06-19T16:45:57.404Z,27yTDdDhZiEcc4WWcnbLffvVettMcDjx1mGN2bbjjmjXQQeqq3PcDg2X5TbvXnyEoTzbEY3fqNKaA8TUyrMmRgFR,272804441,,,0,0
2024-06-19T16:45:57.399Z,3Due3JPRuMWRmrqRpoKh23LWDMGfiyFNS77Nhdo4TuXLKpUZ8deAJeWX785oEpbnKZPyKQXxAsNNfAZxmSdcByau,272804441,,,0,0
2024-06-19T16:45:57.406Z,3eLMFCk5J7vch7uTg9eLEVAZV1obxPQatuZBCkj7XYGFEv2eGyzSaja6cSdX72c38HxWn7QWNajUwTQa2paWpcET,272804441,,,0,0
2024-06-19T16:45:57.386Z,k1NaDpQeLWCmKG91MybyMbUYKDMBbmaZgs5wggP1SVBLwdDGXMhpVePSpvzEuyU3qcvMcEkFRYVXf8Dt8fP1av4,272804441,,,0,0
2024-06-19T16:45:57.409Z,4mZP512oZMqnGeUGQ6dfgSeY3JEXph53jPVRg1C9qtCpAbty9DGn6RLmvNCPdeqWyaqRRxk4GTWkhSVmjMZrMr9j,272804441,,,0,0
2024-06-19T16:45:57.413Z,5SoYqDjjmNJWdrkFuSDyqR3ND81wXWhgVF6GBSoizbVMR4B5C6HAb5T1c4ChWgBDedi3AC315MF2NxDPjecJ4W6b,272804441,,,0,0
2024-06-19T16:45:57.407Z,2PWSrtwQY5gbjX63GE2aJ9fT9nDHFwYPd4P2uZyH5kyvdsCttHY8y7djwaXGb6gmtVJVfbyJoJceZQCySYu535rB,272804441,,,0,0
2024-06-19T16:45:57.411Z,81PbjPbQhsBgWdEHSGfkSmwdf2xtAXH5DtnySHkUkAfM4TzjkgddUkoRjj8SUg3EY7bhTFzZGY19BCp4YzM55Wa,272804441,,,0,0
2024-06-19T16:45:57.414Z,5vsv8QwmiNutzTeNfocoubAVS3Lno9n4vfpUZNcVCoGEfqqVamsL4LKHehxffD9RjozANpH7jtVh3eHHBSXfiUZm,272804441,,,0,0
2024-06-19T16:45:57.420Z,2A2bowU4VAjGvFF5UfwYkMSrn5gT8TC3uvGQyXFPnBb5ZjhEmMgQB73wQxkzHKGofKWaqs4dRviTKxNyWJ2vWm3o,272804441,,,0,0
2024-06-19T16:45:57.418Z,3GDXYXwvyFKg8gG9j1cemDrkmFHZyRFYsWaAA4SSD5LwbtJzofcErnbEWoYxNPPmDA5Z2SzDWgDnUA3Bo8B2LLUy,272804441,,,0,0
2024-06-19T16:45:57.421Z,DScbuxEVHDFnVs38VwNf1VyRutBxVJna7Cni3MtjAKb1RXkmtAnFrx53yyHzPt4ZDWj6QZMQbXgB2N3Ndx5ph52,272804441,,,0,0
2024-06-19T16:45:57.423Z,5rPaCSVpFYVbf24hHJHDAAmMaKcb1QztGF5gZBD61m61Lm39JjYp75CYpsmJrcrSJFtKKcYacvf3Hrn98eB8W2Nk,272804441,,,0,0
2024-06-19T16:45:57.426Z,57A8iEQkTKydxqd4rSiYGmBcB7w2tyiy9socgDioyjP4V4N2QQbVE71bQB2ztHrVkHc4qMHJ9hicRXEeziFY5JxY,272804441,,,0,0
2024-06-19T16:45:57.415Z,sr7LYgike2PouvMUQKuHyngP5YqozwzVC6WRpgDETL1kaZCZjbVNUxZEGgb7MhqroJQ3mTnLnpk7vjZwPAWv9Cy,272804441,,,0,0
2024-06-19T16:45:57.428Z,3zx7VN5yDpF2EYwmMrXLk3X4qp3psrAxEWAvMWECBQ55zq6VW7ybhrDGoBLTc2xDS5giqdfZse2hb8oQrhbmyXsx,272804441,,,0,0
2024-06-19T16:45:57.425Z,358actjP2GUndoEF85zFse858csB41comXdCfaqvjwDUyX31Lxpa5eHWWDB2oSGca3hHero7aygaTJvKuyaq1CDj,272804441,,,0,0
2024-06-19T16:45:57.430Z,2CTFSSnrFX2JfZ4ypWGLgmaq8yBNmx181tj3kPkcCcVjoaYiSP8kE1A4Yhfk2HPZF3sWT9kjjCPcc5AMTWxom2is,272804441,,,0,0
2024-06-19T16:45:57.436Z,xnGeaZBjsMUPTYKbudYHDLpK4mSUyg4L2tzjG43jsEUWDcd9TBYeZN4ELcdZfNKRr7tcf6LmafnNH9bag1HZsDE,272804441,,,0,0
2024-06-19T16:45:57.434Z,5WDXTxcw952u8sEB2Jh9bNhTAJEukzWFCVTxpsvrryFsLKFG1HHjV3ZtVoJpoGykDEqF19fk47R46sVQtpTLTbiz,272804441,,,0,0
2024-06-19T16:45:57.437Z,5QJpFXGK3PfjfpXP9PYiWWVCaKQSeYqvQ7MmVPwiPVzhKJ5SCstKF42xCPBpZoZxjnFCUCySqm6VUHGYQC6ALJSC,272804441,,,0,0
2024-06-19T16:45:57.439Z,4YateCUqTDoMh4iT3dK2CdkM2bHnnjDb3T8L6zZwT6yWTY6dR7UYThbfnSBTgbVo8Tng9v7hFJsT1njGbB33hkg4,272804441,,,0,0
2024-06-19T16:45:57.431Z,zJLE7DM4WpWfDjaoUDt8mKr7ANwW98b8SNfzW6VfayzsvrWaAd6SVqZSwQpFGVi16KeESazMQiYqsnNsrahpJDq,272804441,,,0,0
2024-06-19T16:45:57.445Z,GnGFtmxKpGW3Bb8pVohjjBnwg9gXCEMUj9M2X3RKsfpYzyRfmYindCaaBuA6vtJ28ZEt5MZnNYWvewNzruDDb72,272804441,,,0,0
2024-06-19T16:45:57.443Z,2d4dXRUmL748U66BGkpb1WoZGhQdazhZ57aHB5Xn8Txz7szbhCCrYgM1eVX4X3pUjxxZZ2Ny4TRF6TCQTDBrzKwH,272804441,,,0,0
2024-06-19T16:45:57.442Z,2UQ7ifB4eFJvSCVURMdLTKwk73cbqk9sgQaGNGxt1zkqpgjZE7NkNb2EnMwuNW9RwSKWfiQKCHxDxKsGvawpGaop,272804441,,,0,0
2024-06-19T16:45:57.441Z,Xz5Xiyo7zvm8GjEVyF2dhJohXXyzYmbXf3SReE6St4LHGVSknL5TzB4kENgGAakWLgYKb5GpCNVbGqRF1hjbpxE,272804441,,,0,0
2024-06-19T16:45:57.446Z,4sFPoq9hSpxSnq1cbSVMJFbLkVDWf666uxJsFmMBEUUmV9bvX9wagL59XutHfLyhgEn11LTSvQB9q26saq7V4FGw,272804441,,,0,0
2024-06-19T16:45:57.450Z,UHx2dUvQH5xC166QsCQA38xD7JV8zRVQr2phxe8nmYsn7j6izDdMZnA4Vyrh5V9gAU55ejVbZ4eTQ5bhBTY4s9F,272804441,,,0,0
2024-06-19T16:45:57.448Z,4RjJ1rz7gAvryVT775CcX9gLn3rHcRGFTobR7UrfMex4n22p6hGZzU7W4pWuNT3eEgT8EhBnQRHbq1ZLHejgNJ7A,272804441,,,0,0
2024-06-19T16:45:57.454Z,2zSECgkDQsKfeyTfeyHYvT7Rrkbnj72mv3TqGYCen5ZSBeqfdi1tegAnaXXf6NTcXbMnn3tEj7LhSWgqNpkuLcyR,272804441,,,0,0
2024-06-19T16:45:57.452Z,3GAfNAthm9qbar79vLBRpDmyoA1o2nDLF6MLozRyS41XpazdWndfcQZ4Fo9LNwtEcAEMLAJpEMNj4pf1dqQnyErk,272804441,,,0,0
2024-06-19T16:45:57.457Z,2Y8aqvc5SfRyeFnc4Rxvn4bSKiBhV2JfqcnqFWvjqaxyzUkSPibQhtP8MHRKLwmDr8UQUycYfYRVwzkxce4YpcUR,272804441,,,0,0
2024-06-19T16:45:57.449Z,44Yv6KA6FaucQfEva3tD92dhf9NVLvicPEYqSG1bnzFAhang55Z2nKEaUBHa7sit8ZWij2sKtsQokHdSDmmp9qRk,272804441,,,0,0
2024-06-19T16:45:57.458Z,2MZa5sbC4phaEcYUqXyv6yhzGwNHNwbp1KQ13afCS6wTJStuXvC4BM2WSFZGK7PzkY6Vtvf7P2FDbB2iCh2Xqq8x,272804441,,,0,0
2024-06-19T16:45:57.455Z,5UzgveHBkynFJLLAgYF5W7JhSXPtb8mWFBB6AetEDDdzHSX93obS97PnZEmjRtHr2RGGQKLvBkmNijcP8vN5UqE6,272804441,,,0,0
2024-06-19T16:45:57.461Z,8CpisCLsmQzEV2dQf8MTGpF8yvx249jVdzXQRnunjt1m6bh4cXnG8oxitpGzQkCxfLc6LxPtsgHE8XEpe7vb1Do,272804441,,,0,0
2024-06-19T16:45:57.460Z,FWBeYS4uUgixYrEgdxtHc3QgLa99zGmUz1bjFX9LGkbivZUvXovPv5yTfZ12dawVC3G7qb7LK2pyxR1hn8my5ZV,272804441,,,0,0
2024-06-19T16:45:57.463Z,DtZAPuEwfkhCvk2ANWkFLPomhrYgA4qVkrQaeZ7xRxBjfqRNBf7QNQSfGEK8U7PNWyegbUk21VZ33xucxasWrjJ,272804441,,,0,0
2024-06-19T16:45:57.465Z,3NtFwAQJX7sJxcLruad1nWs1dqSzWaEACYkjvLrk6dzCb3YiJfwoudezJcWK7nMmo9QDcXwRpWLhEQEtKQtPD6sX,272804441,,,0,0
2024-06-19T16:45:57.467Z,4GJQorhRzn7ui69ZfCRC9A66qnEu7ZEz9cwur93QRWDm9ocupPLNfzFoTa7ca8k1N3tjy7yCcrJbeyeGvhrmuxB1,272804441,,,0,0
2024-06-19T16:45:57.469Z,3jEqYdG6avsd18qmv9RNbtWt9o4Nx4tTYus9h8snpMhyQ2ERc9LnPxFU9PYj23NWxoPEMywLoR3uqytvpgTXNC97,272804441,,,0,0
2024-06-19T16:45:57.471Z,ygiSTigQ2AeMH8B6Zq1dDQVFA7Q1b7pXP32E6WTsjNwBrczebiLLHBwfrYwB4GrfVYwhE7eFHTb9KkSSBAuD2vg,272804441,,,0,0
2024-06-19T16:45:57.464Z,5rnFhzT8nrzHbgD6q1zQCjCQxfVGLf5JRu8juC5rvXsHtxrmn6q5j4ZCz1KG3GV5fLjpMFPLEsDaJnbfdMqG4U4j,272804441,,,0,0
2024-06-19T16:45:57.472Z,5AMHnmW6rNE9j3Gt2DViwkbFiNSV8mASRwgEfZtuHJ1CCBJcDLriyMcdPUdMm9TyUQ7DhE7YycN6ycSdfFQ9JNcZ,272804441,,,0,0
2024-06-19T16:45:57.474Z,5ScAfJeaX4nGVm6vWvkDoGgFtXf6qXMiTPyaZBsLCsbBMgq8r2gnwSCnPqnj9Dk5kH46hTuqNCk5q35Hoqwheoj7,272804441,,,0,0
2024-06-19T16:45:57.476Z,22Bn5PFWwuY8TmeYvvniJSCqgpokBDXubu45PocJNykpBMeUieXwYnepxB8N6qcdVGD8kQKcNVJeBgtoGewFtktN,272804441,,,0,0
2024-06-19T16:45:57.479Z,2w1NYacZWYExyKUVACBTHF5pK1TySginMGVLPzNaFZu6ngEbQoU8vikoFWaq4Co9qAttnWaDZjM3JXQAC7XnnSNr,272804441,,,0,0
2024-06-19T16:45:57.483Z,3g6cWY6VQwjkdbVWxGtvc5UkYmSMzi5s7BVzN4ZvWEYttPCzBXxGXrmMcJMoDErxvvNi5XGdH5JTZgsCduoVu8VQ,272804441,,,0,0
2024-06-19T16:45:57.478Z,526FcPU7x6rRA8aqTVxK8nyKJtVK6J4L3QEauMS83jSys9cFh3Cf6FohQVco7eve4iyvfU1hzdisxhHXuKXZwgba,272804441,,,0,0
2024-06-19T16:45:57.484Z,bpvZnKb3m7uEhnH3VENUTUfSwG2e9pQr77dVoD4R9gB299Ep8Gmr2AyoBVSSzpNfdZkdMtqe65acibsfqkwVt6a,272804441,,,0,0
2024-06-19T16:45:57.487Z,Tqn6ys3W8n6xVNf1xRLpRAzkoLsTRmQYs7e8MZwzq8Q219cYWCAhPVRyiAJd8SyZFiZBWZUoTLMW9JBZbGDHXfN,272804441,,,0,0
2024-06-19T16:45:57.488Z,28j4CxUZVeAbk7zFymP8V3uurTL6HaQZENtzQMbrXhTCoV1hiymmGFuWnymWGqnu14nDMZjd3umfSJm1pwZfz7yx,272804441,,,0,0
2024-06-19T16:45:57.490Z,4SZgJ1ZZWarRpRPqBWMVbota5tDPG7hpEU79EdCJcSzaYpjFX384Z6ZNcx3cmBpouohLtkRrK4ZbNqPpTkpZJ4Sh,272804441,,,0,0
2024-06-19T16:45:57.485Z,jWXV8Tg2TjwWXUsmtPvXSEwPdtkEFYvSzV4Fd6ivDkRjPGzuNrWoexwtcVuZHDbYX16h22qKeooY8eToK85sYyJ,272804441,,,0,0
2024-06-19T16:45:57.491Z,5zSBJayjhzMvC3Ah6vrxZRtA32pUtyDYvFZBSdctFFrYNAugXSp9RTugxdb4XxHKhdsncxgiqwuZPVDU57qa8nEW,272804441,,,0,0
2024-06-19T16:45:57.493Z,2dYzoTjxN5UR7AqUBvp1F8Cr6b3F5KD6rz7fBHEpL2dxbcFv9onPcWRTBEz6cqWjFTqG1A96ogWsQRiXVdqQHYD9,272804441,,,0,0
2024-06-19T16:45:57.494Z,2uhSAJoqgMtN5f2idGp8MRD6263SEzDAeq4FtPREU1eN5ktyiLWQZwT8PqLcANUEcv98pSXBPV6okJij2Lz3QT8y,272804441,,,0,0
2024-06-19T16:45:57.496Z,AjwNj4dEppimEVibPvwineYkRyyhiKmEe34bAGmPoiXsbx14sufeGCurH2hbgNDWN7VAHWXieU6Skxx2dtKAJ8X,272804441,,,0,0
2024-06-19T16:45:57.497Z,4TRLktnWd3vzZBxarfD8MAeouyPKMXS6KDfGnSHAiG2gEBxHjCG2bQ1YiK4wXYiaoU8RZVgYZmZjwcXoLBWHoCPu,272804441,,,0,0
2024-06-19T16:45:57.481Z,Ru4fPpivp5rxdsHR8g9wpdPX2MhHC7dSHH6FgVnU3UPXtFcDQEiD7tq74Lcnx6e2FJdvqKTUd9bTJh9SSQvS1ay,272804441,,,0,0
2024-06-19T16:45:57.498Z,2jzMmLdvakjy8pXKkHsrcGSVtvJXRAkRDvLtJRoVcgWBS7SQN1Z4dTNPCL74L6MamXN1TAswN5oz8ZVCZ6TfWQs9,272804441,,,0,0
2024-06-19T16:45:57.504Z,29UETPwK32p3E6m7mggAzgAattmWpuKWFxhWvCSePLGmdTDDoE8fx2WsUKtQrqQUJrXRTmgWuTm3PYG6Sxz5S2kP,272804441,,,0,0
2024-06-19T16:45:57.500Z,54mHLBApkFkXM5oYjpHYpAPYtLa8xVSb76AjsZEaayMc1dzxjqeDsk5ixH9k8oBq8778Pq6uQSxc3LXGaV7zXY1q,272804441,,,0,0
2024-06-19T16:45:57.507Z,4pxpzcv1DDvsVsFJwbNFe9JuzJyaKBuS5q5mxVvT6QTQZLohk1SbUrbQ3m8KPntkoQ1NsSi67zoX8ZNk4KE9it8y,272804441,,,0,0
2024-06-19T16:45:57.505Z,3sCfUoYp3oUkMEgR37oH2bUXrWZy3AcvVo9HfWuwPyqbTTUDg2wreRGqr5rfsixdKuR6KDYYZcgkzx2egSpDQwgZ,272804441,,,0,0
2024-06-19T16:45:57.502Z,L9kRHjPxCuqrXzVkT8PvkVPxSGTCdSQST4zrmJ1jc4jLDjs4H4937DuKDHN3PgCPHFX5uPdNPotYYoatPrUFdBn,272804441,,,0,0
2024-06-19T16:45:57.508Z,4axum72JwyH7eoKHxmxHDQapsF84NsZDcYDQ5mxRNedd1fznm5nza6yvnvn2kD3sfPLCYZdPGMARK4Un6rgdUUHC,272804441,,,0,0
2024-06-19T16:45:57.510Z,TLSuM5A6KSxcD8h8DCGeu6nxgm7SLfBGpJqGGXsFmVYBeX3wet3jr9m1zJdmpD94HKVRUVZCUv48rhMMS7kib69,272804441,,,0,0
2024-06-19T16:45:57.511Z,4ZYmX6pADegL6LxbbpasiJtxe9QiEAHauogzeYP69mATJ8x6oUfPf4xcQAtV7Dzkj3ce28FNZKV66yM9ahpnT6ek,272804441,,,0,0
2024-06-19T16:45:57.512Z,5nNZfbFb7oxw7xfZWDcvsZr4hiJGfpHjMCFs3X5qDC8xpiCEDbfikEb1pQ22q8jQ3e71RREvLdss23WLnaPMgNKd,272804441,,,0,0
2024-06-19T16:45:57.517Z,EmTsxxPRxtARCsx3ercFR41pojj8FJKrCBBrQf94AFGtKBZWafrfET9CXpL3PKMeRbVEgWnEwAB7UTwqND52hhr,272804441,,,0,0
2024-06-19T16:45:57.515Z,56Mnczv1n6Q6ysQg5DRvMPnbjGqGbg7e8DmXysEuGtK6uvZwKG6A3XoTxLKYgzYie9DxsCk3rv5XmLbGCS1obAkK,272804441,,,0,0
2024-06-19T16:45:57.523Z,348TEEJdNgsMYPethcEDeQwr87crngJf8bgZXGHvC8PAFgz7KNZarxD2oBLL1r9pBwRZCSdojtyTQ6CgTvdC3y2i,272804441,,,0,0
2024-06-19T16:45:57.518Z,BA2L3p725457bPbB2aniajpHhiRUNzF6Rnwj3TEkGRSpr8aM4ps7x2HdntP54Jwzyp4VKeT7zQYLP218iQ2BDex,272804441,,,0,0
2024-06-19T16:45:57.524Z,4U1HaT7D5ipNk3YhCnHwhtspqmKftf1jnLHZiRTraxsrqAc7NLJTZaT837DyFtEqfpD4k4HQYV7y1UsZ3tNgXNK5,272804441,,,0,0
2024-06-19T16:45:57.527Z,2a4Scd7A1vTQCtZGFUMsUp6Yz14HM17z8zu3hGuQLbCw38zP6mr6XmKkvyWEweUrEexSvsDLDZNZzChnG5psSsAB,272804441,,,0,0
2024-06-19T16:45:57.520Z,3nsg498bqZdnmeQVr6vEyauLiuqHPM49QRnFKJAfGBDDvmjzJ1dUu3axi4S1WeeretbNh8Hxwnf4V4HmBMch647M,272804441,,,0,0
2024-06-19T16:45:57.528Z,3sns66Pps4Qj4edqE6nS9CrQJhxvaJc57DZ93s7oVshNiLBQWHyWhS2K9gUQob8vjcG5mj9cLjGn681gcdwAHAsd,272804441,,,0,0
2024-06-19T16:45:57.526Z,2PEgT2KFePzEeqeF6387TqQzSKNSepYKFWh2A7o222SRvKLNwhPxGMbovLGTyPum5M7nHwhfx4wU3982jwb1WpUD,272804441,,,0,0
2024-06-19T16:45:57.533Z,x1gqVG13coAVRzWjVYNT6vNtbNNS4gEPSt4o2c2Dz7t3xbdMJ639p3gqzhRZsFPJV3ZnxRUkTKUenZJDuAKTjwJ,272804441,,,0,0
2024-06-19T16:45:57.531Z,4Vbe29Jn5ZLXZqL9CAXVEhbS3R6TLVgJPe8CsQwn8YBiMc4L4GYJPL2E1Nn5VYLi5Y4jGSWion3zaxU5yZs2PpS3,272804441,,,0,0
2024-06-19T16:45:57.540Z,2Nqo6KEN6Hap8ZtmfcZcD9c1NezSTwTNPa6rV7DVNSrJ9j4rBVLSDBm5Kjhorzo6v7Fgw4CeXDFt57DDv8cPG8L,272804441,,,0,0
2024-06-19T16:45:57.536Z,nMrtQPD1QST81UB4WYAg1G6KWTgoNKPrCbYUgK8LVZwEW9W83dL4VR4jrzhc26YCNhME4pnkvNAEHJJ2TgPBGMH,272804441,,,0,0
2024-06-19T16:45:57.544Z,5T2wPShXYs4jJc3oitAJj3SPRoCRD9GFzjJ3nRRPfEMfhvHBdjxYHhQeUdTNJWLKRS4sr6XfpxGVcHVRmRrkqhGw,272804441,,,0,0
2024-06-19T16:45:57.546Z,46XjrjLf9FgzvQFmx9yqtwso4XR6qN3VDLNNdhN7FXpaUY1c5PRmDYksoFU1P6ykWMJoukR5Wc6fGnx86fFcTAjz,272804441,,,0,0
2024-06-19T16:45:57.548Z,3aeJg4G4xPiWQxMEGJUo11iE2DYfDj85xjLjDsvFQ2WNyw3jZ63GE12owkmaxYgomuyXwAtgDLoZrnh4hcguy3aX,272804441,,,0,0
2024-06-19T16:45:57.551Z,61Xuq2TRDnqc4ktUcWXm8MMrLAMVoGNAjFypuvWAft2tPPke8PTNDmKJUqAhJ43d2vpmdsVdzaqxajp1fSMedWnM,272804441,,,0,0
2024-06-19T16:45:57.559Z,5ayaSsqxoePE3EMY1DTPJExsQbuGC9UE6kxPNgtA6neGgquu8MnsziTAr9gdpFvy8hXpfCs7uGkFvV3d8ZVoN9D7,272804441,,,0,0
2024-06-19T16:45:57.554Z,DGbWQr46QLDRuv5b52t89ZBm7nUVBJKqF2AiydvUuyRfidWpoYksZr8PKefyU4W2k7891XvR5ednPUDhmNihdv3,272804441,,,0,0
2024-06-19T16:45:57.556Z,srfbokkNpMcvGuT1gARW8xuXRcPRUuwfcSyb6wvn6FTMtTgh7kCFPAWw7SvbTqrxq7upZcgfpEXVaZdHYEW3oep,272804441,,,0,0
2024-06-19T16:45:57.564Z,4CEKAk9grDxPFagtDWBHamhC4XaStxqVyEQJVjEteDf7fM3ELNaRFaLTdXkosqnLmkQwHxViW79XqW32RxqRWpxf,272804441,,,0,0
2024-06-19T16:45:57.566Z,54PqjDKexdrZyTAnrMdzNFXG4batqSUu4BKX6c7F3b9T43yVmWghWnN9dtxco9sRUz7qTTxRhfy2gQMEApCAiEhL,272804441,,,0,0
2024-06-19T16:45:57.569Z,58wVdSoE6JUo1XdQRj6cUttwFkiECRny2vRhaoEJk7nsiPNhaENdgHm2pqtr1ua6YajkjAkF9eA1pRHuU5Qqw3Qu,272804441,,,0,0
2024-06-19T16:45:57.571Z,3JE5nsopYYZeuJ9cBsXueB1Gph1H4HL2CUvLtRYX94zjv5dUSRSmAoYjHbmc9eCZyUkwwgJ8RmyapxxbMvpefDLk,272804441,,,0,0
2024-06-19T16:45:57.561Z,G9F4oMGkd2u3exk5ZnwyZayk38qJ4zfNbUfFtkLzshMNdifdvZWsrM6MJdQFgJiXsrFb2FEn7K7CUgwQNA57yon,272804441,,,0,0
2024-06-19T16:45:57.573Z,65HRovA2acNjCegZZJ8dDaWkT2SBmtwLyJMrua3KmBqktpm3TQrzPKTebQAjR4kpeqH3yDpmuEsfKgMZ3TEVXvGT,272804441,,,0,0
2024-06-19T16:45:57.575Z,4LDscTyCZWpZ1GdYZLakEDsjuSVjdh2fQ5PLYVtWMEX8f83JTAiRBkQ9eFdZKddGjuygJh4HWabWhMYEiSw3W6KX,272804441,,,0,0
2024-06-19T16:45:57.577Z,5GgGhxAmTcUGbjUZTu7UwEAwn7EcWYP8HGbpd6TtGrgyjvKLuHGsHFsvM87xdnyhy7eLHEn5FBVfaNmvbmAokACF,272804441,,,0,0
2024-06-19T16:45:57.581Z,5wFSaisH84w8sh6525JxYb29YrY4SWw49qPgQSGodL4CKvGG3yPxXTZeSNV15WuuYeqhmJXyxj9QVn6AgffM4xya,272804441,,,0,0
2024-06-19T16:45:57.580Z,58d26qjcTL4ctNSDvnnNQuh57SSY2qzkvWpFLB51S7GVKMdn691JqBn4EceYDp5xuFE9UH597nAUWz3VFModVDgX,272804441,,,0,0
2024-06-19T16:45:57.578Z,vg399EvJJaeLECw3x6hZhgF834ykrGFB3jZ6McCa3JgeVV7Tr9dxq7Z3wtg8syCgqck4rE3hEJDNjP9G2Y7PzEU,272804441,,,0,0
2024-06-19T16:45:57.583Z,35KrAxAQ2wm2sFnMwap1oTpJq3LsiXy5L6oBCVhHTHzY7EipS47yHgLsGCg4BFFsARFgv1PjQ4mvnPVCPWC1P78H,272804441,,,0,0
2024-06-19T16:45:57.591Z,5XQdbZkyC8P9dNm2GzESpyWKGzf2SAv88GxHEh4YpqAjfjV7iAK8ggZ7FJ7irJ5H7XsTHd9ow9AAqaut5d3M2pSZ,272804441,,,0,0
2024-06-19T16:45:57.585Z,53MHaKbByXbaqB5LnJ7LhScDnvKXZA5ouHQ3q3WNe3ieEmEVfjNUbLwNCemH9sgdTvhbpzU5YBUkv422QLVGAo32,272804441,,,0,0
2024-06-19T16:45:57.589Z,es1pTdrkVZYnvUTngU1SR6gKZBqJqjSNgAE4AQZRwpuL2p5GngFrLM68LzozabVsd3uAPTUZwD28f21pkh5wtuj,272804441,,,0,0
2024-06-19T16:45:57.593Z,4nHM41Tqax4GAnUURrAFoDAwsQMEECTmUMTVtx1QraHhEZaynArmjzquXX7aTp5zzpswJ2iHLhsHGBKGz8jm36bQ,272804441,,,0,0
2024-06-19T16:45:57.600Z,rb6aC7UkT4ZTEjy5spQJENKq4CS9s4SJ3YmriedRCxLem9239xnkT3KNY5xasFb5HLnRQxpQvZaCcxv2WZxempu,272804441,,,0,0
2024-06-19T16:45:57.596Z,2kssKxokTyJYskyB5kffwVueM87kUfRbwiQYaWnt2J84dsvXVc7amLQvj2anWRARXMGpemWW7LMqSpCTZBUJHfWj,272804441,,,0,0
2024-06-19T16:45:57.595Z,4UP9arcmN2iS4KYC1vHXEn7dTDGaGBeRPFfr8pLPobtNGhWQwR4cLiLaXNmB4Wt4cRiBPNQ98iT8HxZJbSdnzKv7,272804441,,,0,0
2024-06-19T16:45:57.601Z,KDtuoZKz6UFeUAugu7bCPXywuvmxFj1Tanz4DLcUcP1nHhAw4FvFH1aVWPKrVeNzDXBkYvWArmEV7gWXJHkhFpw,272804441,,,0,0
2024-06-19T16:45:57.606Z,563oZnq6Xx7bnjMy2gkPP8bWa1Jp75HWUAPwbi5oSA5WGhxL2xCmdwiKbS35LpaSF5tLWiJpPw75ML1DmDs2PKQ,272804441,,,0,0
2024-06-19T16:45:57.605Z,4RCQ8VStfM3AeLSt17BoHTf4CS6mQv5Xm6HDwZtebU7W9QvxwRHnj7uWt7KfMgZTUuesujpQbjQR7pGy253Ctv6A,272804441,,,0,0
2024-06-19T16:45:57.604Z,3RtuupvEfeSTg5mnrDCYTgKd22pz1R8w96cwrUwT4KVhzY23ZjfceubYPp3jKauoPChWoL86uNDzHNiPsXZ9KXw,272804441,,,0,0
2024-06-19T16:45:57.608Z,41jPRR853okYq77QcRs7gbfGA6awvfg1chvZYUAZkrznYnLc4pxX94axrvGxrVpxrtm9cimmEm6PVyAwLkHgqrNk,272804441,,,0,0
2024-06-19T16:45:57.614Z,387fUzdd53sZWdPp671bEdHyBnUtLgeqrHMnL8QCKrqvv7xU5WihWMfGb6KwkeGP4mP9omGWohbxMkGWsYxHXqVR,272804441,,,0,0
2024-06-19T16:45:57.617Z,2BhFNxbYH6YfgA4CTAWsR5ctoaogEJnVtuqVXB6MEFmUSucs5VybXv2evo7ShExtA2KxM4w789WfdYWkBYxcosis,272804441,,,0,0
2024-06-19T16:45:57.618Z,4qiX4jMQT4PEQih6yery4dePgYBrjtKrYQakZVoaa4zSRYtoX2vtqoKhcQGXH8FMJpNiLwfugAn66gc9DFUbokwB,272804441,,,0,0
2024-06-19T16:45:57.613Z,5C1r3sv4N45w546mc3JZRu5L9qkR6dLZDmJo7dr9Yf95hfK7aWXf7Q2ktchwQRMvE5vYj5zfLQiwWMNqY7NpC2U,272804441,,,0,0
2024-06-19T16:45:57.611Z,5K42Ru4rjVb426i92JHmNU1beHWhk7oFwKABnSa4CoFritWd1EUm8LPmHTbpBkurYUd8ntAMZoWwE3rzJ6WSRe3o,272804441,,,0,0
2024-06-19T16:45:57.622Z,39uj5DzSDiJk3ZU52FRaBBQNZtt1bPZNoijFVEaSATjSBn6gMDqNUeHaBZKZCjacFPcDP2FFAL3RkvmVg5sXMtqu,272804441,,,0,0
2024-06-19T16:45:57.619Z,2ovjCLiionyxCSc9RnipSrUA1taKSGAnMBgJTw2CtxTuLiY6TH1Q1uQC4BpHqPZXFiURgbL8upi3Ax9LodUSCq1a,272804441,,,0,0
2024-06-19T16:45:57.621Z,64uXWCYoj1ximS4eMQoA32epPCQ6GUkoWbgegHNZkfQZ2rpu2TGbkGHzBGas78Tz2M5XGEKSkGVt7LNBYLzEJBFZ,272804441,,,0,0
2024-06-19T16:45:57.624Z,54TiVpxqg7y1ksUxPKQXh952GkJAFPybUYnMNNa4ZMZFdfFqG8azHvd4G3o9nbtmjVLDuaLdfg1v2p8weSWA3tzv,272804441,,,0,0
2024-06-19T16:45:57.628Z,4bzrHREpYfzqokwcvEHt7p666yVeoao38ZYtaCjmBn4We9Sxb4wCaP8JYa8CR4NLDq35easCgrjgvmvwNW65vbbX,272804441,,,0,0
2024-06-19T16:45:57.629Z,viGQVVrazZTkvPs7PRjjWWdzfNni1W3KuPVonL9i8U12JAeJV4q61yeRqXQL1fdGsSaiVcYyFseB9aSB8zGXpsQ,272804441,,,0,0
2024-06-19T16:45:57.625Z,3FG3ssSLcoM1y66R4piG1VjZcTkqypL6RAxsJGiKzXvMJRNwjAik6h95pFJgaBjPErmbukrqnaHB2xaFZn6mDWNz,272804441,,,0,0
2024-06-19T16:45:57.633Z,645UjQn8EYTFRxie45qWe91Psq9p7WsKP2ZcD2GnNwFGnXe93prXb6pfv7EJBZPReMDoxVQXwxTv8WUQsnoxfTNx,272804441,,,0,0
2024-06-19T16:45:57.632Z,2V8ZJJiAXrKEhfb6XM3WFcXmks8mmp1JuYmBJACPEvNLsMs6gMANu7EUwCWPUSjhmFLFXcnRLxYTADVgs59LuzfU,272804441,,,0,0
2024-06-19T16:45:57.635Z,3A4yJyYXLtLKRrnmmUt9c4cG7b8qXJ2LfTWbg2jNSG61Txf2jTTX8dTNyqAPVaYPBMXroNf85zr42B6nyyjeo7eF,272804441,,,0,0
2024-06-19T16:45:57.630Z,5kAWkGCmjoeoGe3VFQtysiGLx5g945GPyEbDisvBkHVxhfgGhMoJtk4kkoQfF14HVXSWQs97AtevXPFhJZxXkUWv,272804441,,,0,0
2024-06-19T16:45:57.640Z,51EpygZ3f6V9MoTVCToN59D5omUyBFxHsUpUd7FMSUNZ4LryVrECsZgaskwALuz6DFe67KLrA75SonXqYhRSELKx,272804442,,,0,0
2024-06-19T16:45:57.639Z,2U4CVUVZwxfSMPWkmv9tFMoCeyhLYQTot3mw4FqhPYA2HBHJB9hASdZyYGqCwtN2RcUrUmiYvbUuFEX58TQ5En9z,272804442,,,0,0
2024-06-19T16:45:57.643Z,5KudETTGKmCdWrEqxExDnPqmKYFw7uqKmPb7BKF7uUthK36RAzGLBqch6f9qSD8dyb8Fp95Ju8Ty3Cyj5yCJwEHv,272804442,,,0,0
2024-06-19T16:45:57.636Z,2SvtA6VxgbG46GGwyXr6KRGn1Yb9L4rLQFBrAWUcgjsMSSNfDbKqWXMhRU5XjXhKkHYseLezMvPUetvo3zdPy1rG,272804441,,,0,0
2024-06-19T16:45:57.648Z,5NTJoJPF7cSF9PGgwNprcQooqC1Jzhgk81fr3oTrsCvnPkB3MT3cbMzSqH6qVWkCyCEm8PTEJvangLdxPzW2bpHC,272804442,,,0,0
2024-06-19T16:45:57.645Z,27mTRAcPAkeykn9qTALvChjsmAmkphBJD1YDXhrCG9p6jV2J3XdubWoAnqFtxTRfEjvJrptwmsf9jtGkruT7G97U,272804442,,,0,0
2024-06-19T16:45:57.650Z,4nuG9HUzvmgjNcrBzjSWshMXEYinZW6BcBZdELWWyyvJicqvWWmX6w46BJUFfPFgfEK43iZxFVNrPZH2a35eZ1UX,272804442,,,0,0
2024-06-19T16:45:57.652Z,2NJkMAZspY47s25RWm7LNWC34YZ8gghSHPjdHRGZZUC96GMeez4ZxzGvRydH5KhU3TuQ6K3eyEfVUZ2fvAh4ETsD,272804442,,,0,0
2024-06-19T16:45:57.649Z,4M4g2H4PNjWcbFEmfwyp4wq9FzkS64ZrPgSWn7zEeB59mWGTAJKpdsepke9wVSFERkbvLUicKYXRAzGXKij2HuMT,272804442,,,0,0
2024-06-19T16:45:57.654Z,zW6nyEPscSD2KweZL1oVLdvdv5b6tssaCiDwZAUkN7nsbBon7eVwZN5aJkUBR8Lpe8oaNapeKqr1wYA1d7yNf65,272804442,,,0,0
2024-06-19T16:45:57.646Z,4FoaPHQTGAerySLMJCrjPhnHPaYENEDbiVEdRWyH3TeUVQYrjHUv3QgfKgvZraYyaVgnJwc7RFZwaQKd8TwjWr1v,272804442,,,0,0
2024-06-19T16:45:57.658Z,2E1k62bC4HYMw2KvYxiD3zaHw8JGbDy3Ja9rxSf6bxS9inWuL6ngKshE88jzFLx73bqpJ1huG52kCVLjhS3NBiDq,272804442,,,0,0
2024-06-19T16:45:57.659Z,5LAAB9iHddfJQKetFGheFeRLwyZJ6e5BjX2izqwtXCDkxBjDu4igoHruHkmWtfhEU4XxRS8cD8mfEexHq3KqYTu7,272804442,,,0,0
2024-06-19T16:45:57.656Z,4Z22Qc63s8JFkGeheq9k8JW6Z7MCaYdRa1F7mXL4PGuT3H5E8AQv9ZNVmKCSYx6SPBnJ3oX59EJ3sPkXNJ7fMchD,272804442,,,0,0
2024-06-19T16:45:57.660Z,33uL1tQsWRY6KqgK3sazP6HaayurehPMsQwjDka4qyUoAQ5vkrfnVjQWdi35azQ1y1LeR1XPxBM2erAMcUJJjhXM,272804442,,,0,0
2024-06-19T16:45:57.663Z,5Jo48YyjmXkfpDD4B5nFj2MBa2GGUb23FCgjx1xfBtoEyq4PGMdDwYEXF8zTiFkwhW5YmNczxicJBMuPoZLrrW6y,272804442,,,0,0
2024-06-19T16:45:57.653Z,54r7QqnhKcKCvZ9seykYu68Up1KCxFYjkT6U6shmuCbPQnmfrd1DAagWThPE5XRPdSGZXakixpGrAep8pDCukrpZ,272804442,,,0,0
2024-06-19T16:45:57.662Z,3XfstzCFiUZfPkGsVjisc7x2hxwE7QGLLuKgkkYhnnNWeZFmGZiJMnTa6WyqkCUR8VJNhHtP5hg91pxzLTsVa75,272804442,,,0,0
2024-06-19T16:45:57.666Z,5sdZHrbD7Ed7GS7e7ixRABmKZRN5dXr3DYHsBFD4qpWXnKAmpgJDAtmx3LHHq4pRGQsmeJwR6jcBcyci7tbq7XuM,272804442,,,0,0
2024-06-19T16:45:57.669Z,2wgfME4L2D4x7EtmXMHbkGAbASsbFMtBiQo12bmjp5KiBtSjcv7rTQvKZB8JopvvRwTESSubNfZKWb3FQtYLRvJd,272804442,,,0,0
2024-06-19T16:45:57.664Z,2ECqy5DzWK3mA6r4mbVRgFkDm6LNchwikpmVFFDKPfyYghwD1x12eJHPTU7jTNMD41tQCtpTPpMxsZRHxRnaZvkj,272804442,,,0,0
2024-06-19T16:45:57.668Z,3RgdKYwt8tAeS7wqKDPGpNAUFcKoKPeajCWRrb96BRBkLzzL6xCgzhCyc1PHmW4e5miwzTAyCiYk7mirRNEn2a1E,272804442,,,0,0
2024-06-19T16:45:57.670Z,4BdrUuMUkMdx68EXa99QyxEATGE8mN2pKXhH8ngcAksdZUyswpkQPf57PS69T8SDPoAMU638iih3WENVpNMcX4Lg,272804442,,,0,0
2024-06-19T16:45:57.674Z,4n6Qv3pPcg8qYGLXoethYkug9Rc2x3mBRMCgb871EKmy3YDG54U8d1pxwt7iroF89G4gyrfnjGoSbfqFYfi9wrjE,272804442,,,0,0
2024-06-19T16:45:57.677Z,4AmKtR2BVcdh19DpZYTQ2MkfA6QKTmuEefSskSJLCkoh5rWoBxifeqEcUTXTVBbNp1VXXy1F1zAmsuvHXUciHu5a,272804442,,,0,0
2024-06-19T16:45:57.676Z,55AwedBG6jnVBP8Yzd72DvhpfXxTQvsv1aE7E8eLSwTPrEGfbviLEa7P5qnXmGow82FuTuAnpAa6hXcWLPjJ1x5E,272804442,,,0,0
2024-06-19T16:45:57.672Z,5zg4QRQnhTJYMZmfpwAsxScmNgKdhjGKxZVtEa21Syox66pL7F4nbAPNmTtcniEm85Zaj8q8BPmH3eTa21Xn5Kfv,272804442,,,0,0
2024-06-19T16:45:57.678Z,4PF8ykqxHZHnT4qr167GqMSWbRmyHJueEPkjhqZNqUTWT88oWTVDvUj2uK1ZmEDjfyityworFowy5bBd4mCHe6Pk,272804442,,,0,0
2024-06-19T16:45:57.682Z,3D2qc53AWdR2NpmHHM8Waosj2MCUTr4eLUt9YuCMMAbFADPifK1kKZpoqE1FZd2esM4UHk4raVe5mesxGbDmwEsv,272804442,,,0,0
2024-06-19T16:45:57.685Z,4ykMzG9kERxCSwEpZk2FEj7dFfv3zCyzrdAjvV8mpU5wHSxtsghav2daKbmySNXg8a6ifJqX1az8okjyBmqZT19g,272804442,,,0,0
2024-06-19T16:45:57.683Z,3enitPP5rFVcqE94hDbhEhF34BPsn77FkxKSnCVEyWBYeNeHaxD1EyTYBEwx47uP2ypK2qwtsdXeyUCNoYRKhfRR,272804442,,,0,0
2024-06-19T16:45:57.680Z,25v6iguwWwX6gnaJxWWaLqKPqPwDSUYzZBsKtTnZwttV9LCWp7fzSje5aF1kte3SJZpYPGot3QSjfY8yeAXrcxdQ,272804442,,,0,0
2024-06-19T16:45:57.686Z,2hSKyhDLJvwfz7o2FrRcgVoS4HYahe2NQVWEGt7ARHcHLkEhV6fzX9xxia1f7ATzAE66xpYe9322VBgP4933yYcR,272804442,,,0,0
2024-06-19T16:45:57.691Z,2DaGTjL2CxM2Cfy8jYcaVVkK1eVKmvQaPKQoHzcaf337M3uXdHjXqA3YrGzatK2KWPTYAd8bWH6ALqYsrTW6WiwK,272804442,,,0,0
2024-06-19T16:45:57.690Z,2UfswDD12bMbBthyM7aDQC9Dh1Pv1UGVzAk72Yn79v3GdQ9CxZf55J9Wm4FFz4mezBYUrgrb41YwiztM5nMtMtfw,272804442,,,0,0
2024-06-19T16:45:57.688Z,48PVoGHkPRwuLcEHfAjijemkcnTshr4cueX19PKQYsJ5DNCivZorA4bc7cpd8PB6aKa2dBwNiUPW3cdwrysLZgf8,272804442,,,0,0
2024-06-19T16:45:57.696Z,99vpVgi5tBVpnbk63gYMgAWNoJV2ppWUPhHcH4Emohy4r3m9Xd1Q6aaZruocBxfeYTviFFMCwRZQh23QvMSbhZ9,272804442,,,0,0
2024-06-19T16:45:57.695Z,4B2i79uDtoy5f9fcBRvGWz39LvwuYAigsX51NT8veUZSeV58LEiQtnUNRGxXsE2ur6qPdrVifB7xAP4mTyqUDj3P,272804442,,,0,0
2024-06-19T16:45:57.699Z,2n23shwX1ZJAvHfCVVYKBP9vj5iQ91T3Mn3spmwdZpidgPJwqPfSW8gfPq3tuUtTdY4QuZ3inxyTJBfJ6VFzGcXg,272804442,,,0,0
2024-06-19T16:45:57.697Z,sszSVfpTt5PG8dLFwAUbtSRxH64VnrC17cdzjUAtaVQaRn5X2KPeUtzETBXqb6r24FGYZfkmcKhTHt4rnXNbrqg,272804442,,,0,0
2024-06-19T16:45:57.693Z,3tWiLx45yuk2hV2XvPE7ftmH5ZkH8Zm2HkrYMMW4vSCFNCi1sE6hSps9Xz5JG3ahf2165MAS3AXGaieeDZe5Rrgq,272804442,,,0,0
2024-06-19T16:45:57.705Z,3tVdGfT78JeQ2b35TyEZHysYc4nCyPERYiw7ywNPEFzfYtbipfnArJboHCsZ2apFLacGVH18TTVJ59VhtSEhgvPb,272804442,,,0,0
2024-06-19T16:45:57.701Z,X4h5jo8ccBMCJ69FgX1zvpk7FMJ7MvDij2j6zyThnZtUEUGFrVha6aFcDJojETxU1KqB7TWEqhuQGm3eKwk2L4J,272804442,,,0,0
2024-06-19T16:45:57.703Z,3JgUX9Dth6moPjqnVGUAaWaRheqYNMr5V9aJ7DCnQRdFN3E9Xrpr6e7DgjqVottfL9n3ByaFW7NH4Vt1csp79VK9,272804442,,,0,0
2024-06-19T16:45:57.706Z,5TD5EGdsh14CJ1CZJTrZatyZbRPM2sez2Kb2j3zVBUkEtk6F6q19ucaPe2HkhpDQsq5bnT1ciJtnwZRUWMmUKEy1,272804442,,,0,0
2024-06-19T16:45:57.712Z,3FRvwFqfjW3hMLSuyPNMgAMP41qTTuz3kGYwq54q94RQykaDvfjW9r1EWLtooJRADDMBRzzo3vFLtsMDBDP4t2cL,272804442,,,0,0
2024-06-19T16:45:57.708Z,33fE4FWkbCaF2CKMEGW8yDmHoadnckHwh7b2vaXAoUhXZxoDjTbWZ5XZKoAri2Qe2ZuJRWazzb91WKkws9YEEyuf,272804442,,,0,0
2024-06-19T16:45:57.714Z,3mYY2rAUia8Z7s9QdnU8dGUX6C3UDWuJNSDWzD4wXoaBEFbtWaeQmw6DvAMCw85Eakqmg4uBJr3VfVTaZLJprQkV,272804442,,,0,0
2024-06-19T16:45:57.716Z,2ycgG1EioeDfLUjUgkozvP4npBp1Jd3fwVCYQWrt714Lo48fiLG18wFHWmC1HkNqNuAKKNa6cs7Krm6pSVDy6CAh,272804442,,,0,0
2024-06-19T16:45:57.710Z,2CshSqvVkJubDFc3oLKmsp6G86MUzqg4QLACF3i3XDXxsqS7qWh7fZjJquWsbx1Mo7f2aYmkPCkApcxBXJFkVGg1,272804442,,,0,0
2024-06-19T16:45:57.718Z,3K9Jr8SpBpeX6d5MoeoPvPqqTiLTRtpcBQCZFg3JjD9qxtqeM2yEjBB2N9Uq3KEwv6isARDPA3yaKon1c5LZbggA,272804442,,,0,0
2024-06-19T16:45:57.720Z,62A8vpXgfBMbMc8gY8uovw3mYuUst1vTqxwerSdZUYGL58dtEMsLTzV3X9aaVCbtjSiPYS8adwcekgcyyYhLDXTM,272804442,,,0,0
2024-06-19T16:45:57.724Z,4uRCSEFdrS8WmutLUWFnKMUFV8U53FUovXf3mNAywr4fESGLaRMPwdZR9PSkXCAkNEnCzXRXotqcqj9UrvV7QuoN,272804442,,,0,0
2024-06-19T16:45:57.719Z,5fALDUsppu4VANXdLoccv1rdKmGATgi74cDXBkQdiMz19H6is6GG3tWEAfZuZ7sqkaqeykFSSRYFoaCLEzuuVop9,272804442,,,0,0
2024-06-19T16:45:57.726Z,4pU9BTRP523VHYZz2ejJnjsq9zs8v3nod92XU88tnAnWg7gU8NJRSdnEmpRz5o3GbprgcVtn5tepKFxaHgd71xjf,272804442,,,0,0
2024-06-19T16:45:57.721Z,2WnPd9MVSoyTsgqU7r2KiwWcHfUFSYe1hV7aaqLnevpRhG875KysvXiifmXsoote5mKr6M4H7tVRnw8MJvqPvnKz,272804442,,,0,0
2024-06-19T16:45:57.730Z,65upPyzjy1CovUhqfQ79ixVyvTHeuW5pF1B68Tx3WFhPHHNbTBKJNqPWWaNJwyUpS4J8WTGNcXZG6r6rpHTwoAeC,272804442,,,0,0
2024-06-19T16:45:57.731Z,3FmZTkG9pmgVWT3oTRNPeob2EcSEucgVmVdLY9rddpvFVejaUctLmnY9aBGibv2S3QK8tCdEDqiwqhRX8UdPdStr,272804442,,,0,0
2024-06-19T16:45:57.729Z,3BtUXRXeJMn4GSaTqGgUxC1cTHmGW6NsaFbr7jnbcGYm1S2fZwFzQgbaFY7Sz2s42oUid6Qq9DJDtoy9ipQsAWSh,272804442,,,0,0
2024-06-19T16:45:57.735Z,coaZcHprewjMVcmQ27zT2ZX9LrC5e8F7TNVVgz4xmE3B9d7NFNxu6ks16N6WLgyfu9o7sqiJM8LaL1ZaWZgQrnh,272804442,,,0,0
2024-06-19T16:45:57.734Z,3FRPs8TFPaQYv236e9QWptRpTTBiSe5RHhKtaswQg4HdVfFJENG1GjiLcrPDyjhAakZMczUVHuie38wr91GuDZze,272804442,,,0,0
2024-06-19T16:45:57.727Z,54kNuRgXD4wPLsjhFfxYR1dPyK9pLcWXkb5QK75jE8yJrw9mgMJpGYSf1Ghgv3Dv5TxEFq23tdh3TCmtGjRUFKCe,272804442,,,0,0
2024-06-19T16:45:57.736Z,56daas6kEYkocx5Yg1g1mAbWeY7tf3uprHQJNxrwiP8FmCiKmi2R3HDJaqwfNEeAmxfn3SS5jZ35bW6npx3EhsR2,272804442,,,0,0
2024-06-19T16:45:57.741Z,4ogiJmA8WNXnttvSkCXiNM5Nm5aVtnBD7RshMUUHqcd5BCnZvDL35Vx8fG2QEJTALdJVZPJHcnAeFKLCkXMiywGx,272804442,,,0,0
2024-06-19T16:45:57.738Z,2okYhYHq3w6kER6TiCGKe7Zo2iP2BQxRxxVgnMpNsHTJLUE6wdkj1YvTSt92S9EBtcSFeQg48RJfySwWpAmMs1Cu,272804442,,,0,0
2024-06-19T16:45:57.740Z,2dYds7P9dNEwHHih8TmsakjbYesngZU5V5Vc2ufZAdcC8AgMkFc1qVQgazjYcnnbYDLqbXVNR6F4cgU8QzhTy6Q5,272804442,,,0,0
2024-06-19T16:45:57.742Z,4jA4KYGjkn5bAcv29nKq26aRWSD3o7NicgFt3Kki55um5GT4Ahfq8MY6BhB4vDDjrNtKY2DMDerMwJJPADvFZi8p,272804442,,,0,0
2024-06-19T16:45:57.747Z,62HvdzLJbivL4KBE3vhKUhKXSMRyKFmm2ctC3Z2BYW3Kcpajs2CEkGgnobMQyoGocM2RxXPBoPcs7nFiYhSVACKc,272804442,,,0,0
2024-06-19T16:45:57.748Z,WGx5T5GJ3CUu9yKd8oS8Ek1Ws2DDQKEFmQG7gGKCfm6AtCfBtRSfJBkasoHbLdE7eqK2Y4zpMEhB4QXioGXqvDR,272804442,,,0,0
2024-06-19T16:45:57.744Z,3hwionBJGUhK3QsR33a6kxc6KRwrqyNYgKn4dzUTWwKmzmqp8AnetZ3VMoxPBgPRcgbrHzYUDWmjDXsP1WdhUTuW,272804442,,,0,0
2024-06-19T16:45:57.752Z,5cnLQhs6ynTRzRS8cAcxeY4893S7qtm7cih6xm2rYrnjRVTZrzWHRP1DQuRWr7ozSH6p298b64b1cGJuX4o1g2nV,272804442,,,0,0
2024-06-19T16:45:57.751Z,frM8iaytRZknieCHtqJbcJ2WJaRwvM8L5BjvgaYv562k5VD4YcvJtXmM9KK24GjpWSDU3yyU9qykdHJFmXwuM9h,272804442,,,0,0
2024-06-19T16:45:57.755Z,2qahaxs2t3mmQpTEBcJan6oegS67hHabPK8HdzbKiEXMV7LtEKFdVGHtgExJRKfBXbPbMNPw1YwJyRAVYfK3thTs,272804442,,,0,0
2024-06-19T16:45:57.749Z,4eVhqfAvmDF8NgGFbWatUwfTAkDew2Tyj8b9HHBeext6nEiaEyLWyYsg4Xu465SNY77JhtqbHwrtwFyDoQTRAVe,272804442,,,0,0
2024-06-19T16:45:57.757Z,4XfQHcuXXebKBvA94QNr18FingScAQyFYvq5dRxmTmDWebh3nfTtciZUT1AC3JEwJQUBZcyGrjDuXssn1fJLLXaH,272804442,,,0,0
2024-06-19T16:45:57.754Z,ycBj1oXTL7wAv53zuBfp12CpSnnMMYqQTcypsE81RBnwTYfMph2KZEJwu2FC3x4medeiRjpZixLymwam41bMLnr,272804442,,,0,0
2024-06-19T16:45:57.759Z,5AXiCG6n22qg4wxf5knvT5j4wUtauz9mwsxy2CPgenju5zfBTQgs1dvSqn4yABDpiz6fXQFeXwXQBs1CvxN6Egg6,272804442,,,0,0
2024-06-19T16:45:57.760Z,39g4GmYTMMrX6THP9tYGXBSQF61QWJrjv4CB39ezQ6UpcBW5K3P3nhRTCrjUzZCZP7b5ho6wG24cq5zzDi74oNHF,272804442,,,0,0
2024-06-19T16:45:57.763Z,4yi5pBdQseyxV6nzXHYz8VP7g1HL9SWhtocEJeL9HaD97hG356J19yJC7Fko27sjkxDXwDLmk2MhxnnXQ3TWhqJc,272804442,,,0,0
2024-06-19T16:45:57.762Z,37UTT76FvnaCL5fbwqUp4v5uKXZ3TkthEo8LEyjrCCJU1ySGn6FQZVA997JEha4DZ5Rj5gUbxSKpM4HSrnb2GorC,272804442,,,0,0
2024-06-19T16:45:57.768Z,2Ut3mhEwHrSsK7Z8T3rfs2AZeVFBj26JyNK9C3F4A68eQEw3e96CrxA6z3mgDes32aZgjCmSgEDFofybwt6nWWb9,272804442,,,0,0
2024-06-19T16:45:57.765Z,3LNG7A7mAUHfVo8aSBASdP2RJ1XtLDnYeyoG6RYzf22Y9BSa3j2cuueo1CEMWBDxZWV9gQtXHhuEtWKfca72GtgV,272804442,,,0,0
2024-06-19T16:45:57.767Z,5VHPzSpVgphTCEoD1EdLXUZ5ZsxGiGQ1MSesB2hhF6EbywQvyCpgogKQQSK2uSHvvDTo9C5yvVBbacgKChH9iP3K,272804442,,,0,0
2024-06-19T16:45:57.770Z,31GNPGu4bpKNkL7LEoKn4fJCqJCPxKzUyE2hqmRwkneUshqcBCREmfPeBJMWkbcN2Ngji7T5BFbFvRFCjNtWzUwh,272804442,,,0,0
2024-06-19T16:45:57.771Z,2VCe1S1TAVBz2KhxZwS4caz33JVoWannP2y23Ap1f5kwBChXdvgFgPi4FBDGkg928XgpD7YefR1MMiM7ZJG5iuBh,272804442,,,0,0
2024-06-19T16:45:57.774Z,2iVuSKPqesquGoEK7tJ1qGvDkqdvyUjZhUb6rzf1xzWVAcTd3UVYPsZgRdeN4NqninxpmzSkMcK9iVKKxKA6GrDW,272804442,,,0,0
2024-06-19T16:45:57.778Z,5mpDsT69FgMiDQi2qvXYequgiLdLAsKsaVecF4mfvNzUWasnizELJHQQiw2e8gtxC62GKRzwVzpx77FJv5yZFYzL,272804442,,,0,0
2024-06-19T16:45:57.781Z,4f514Dym5cAxwfwu2rGu2iBiqeAyQenhDjEGztDhwNLGNRk8B7avF3i8y6cEBK1eJmf91wcgWh4EKU4NzVQ3ALqL,272804442,,,0,0
2024-06-19T16:45:57.782Z,5aDr1Bj5HfGP3Nej4ECv95kdbwjBnvk85MviB8oFocyDiz4CQXoyp7dtbBcwyDwsRv7ys5P46CTaz7ozaBf7DRjW,272804442,,,0,0
2024-06-19T16:45:57.784Z,MSExVPQenkdSg9ndkGggNAULZWfv8dtzh35e63xLNLwPpiokPeNWXxutpHja32VSk8A6LWKMro4faq2FyybVWR5,272804442,,,0,0
2024-06-19T16:45:57.785Z,24DpTuoZTXWHU4vHr8U7Vm7sCHsYcpPpWLqAqupyDujmSiaYKBt86wkhRw8M75rtYhGSDrKQ5mqLmAykidzLXmSp,272804442,,,0,0
2024-06-19T16:45:57.787Z,41FcTuBjJfRvB7quPxykCQyvPwxFoTGYNMYb2MYBKcGwUYvbZyJaz7DNTaTijJfnaJ8hWtg2gVpd85XEtZwf8eva,272804442,,,0,0
2024-06-19T16:45:57.790Z,3qvAowo7D3PLgMfwhkS1ySpZKfkcsT6nYa3QykMcvLmkV2dswbdXrbyfcu7TiYQTmHgTNQ2gcBs2cjULL6Le7dr2,272804442,,,0,0
2024-06-19T16:45:57.775Z,2gyhVvYGc35BZNiHCg9EEdX37Kmu6gYKG8ZDwXJ1EBrudJKszQksnS3QtGX1M7W1RE2ENh5WWyEneaFHTZwd2Aae,272804442,,,0,0
2024-06-19T16:45:57.793Z,3HoNpCFbUrgGiQZEo8jWsbUwXaUZcziFFCDpjfLfBgjXroGczssJBsYJ1nNBM16Hjb5k4XT5Ltyq1kg4k1C2FURd,272804442,,,0,0
2024-06-19T16:45:57.795Z,59eGAE9SnE7t32tz65r9zjJy943kDXzFhT2wfKwPSge35pXA5uGS3XeAEYQZtSYaF7ciYbLWwfW1ZqYedHggnx7S,272804442,,,0,0
2024-06-19T16:45:57.788Z,2hjPGR859U5rFuX9rqEmykf9h9GnRydy6hMkQ7VHd2noszpSgj9F2Z2XieHerU5iPwMeEMEGm3vSKoVeoqKJnPae,272804442,,,0,0
2024-06-19T16:45:57.798Z,5UvdXmdq1GDBRz3EfkSeJkTdXVRmKjLxa78sfzFiXm8jXjKeDpb7Lc4qHBvYyJWRVVjoFSR84d2xEutRMd9yS1Gx,272804442,,,0,0
2024-06-19T16:45:57.796Z,4ehhv2X8dzJhALyNyXe9zjfNZyJtPZvKEXBACeSpL4xQQwxHZ7tatCdQyut5HTCVweqQJAmSYiQWZUtkTemN3SU4,272804442,,,0,0
2024-06-19T16:45:57.799Z,3fsHscXd49BMX7ZAN2LQf5nH9dYFqpg6bKmQ38xLn8TZ6Ynh9cXUpie4qQwqBa5HHrYZWjJsYFtEmBz9gGTD3NeV,272804442,,,0,0
2024-06-19T16:45:57.802Z,DmbzPbumEvUX7u4J4vyDxAwa6qosKLStAM1YXpNxsHggzovSKAThf4LkHruaPgoW2UMW6htu1dioDuJohGdza4h,272804442,,,0,0
2024-06-19T16:45:57.792Z,47S2gBmEj4BERKjdJR5T6fUc6eshUYcTxjUZWWWt2Vuo9B4qAJAdeLC5836W9Y1scoq53F1emRyefN1RcXdgf6Bv,272804442,,,0,0
2024-06-19T16:45:57.804Z,VD9Kv8f8rfReysFxdM51VgAXEU9DzzCsAAvCvuxvbRoquRygy9uj4dtqqtjrbKbUTasiBBmes6Dxc73se4F5RY2,272804442,,,0,0
2024-06-19T16:45:57.801Z,4Aq6Bh2hEUURMwUmeQtK2vqNB5yjP84UNP9PWjzZdvLtbrJeWXGyk68GGKgmqSZH6kgS5YtoYTk4VdS1ozGgHzBx,272804442,,,0,0
2024-06-19T16:45:57.803Z,oTULyNEZVtVZgXmM77Q3vZRfzxiMycdGncSiLkeETjg4YLsBEd1HHYG3ejwxknqGssafTmMi8VJUQEsw91rUxA1,272804442,,,0,0
2024-06-19T16:45:57.807Z,5ME6s4PEvjYYUjE2XpGq3rGxK6VVgd4F6wEchsamDJACxxA7cqY7nhuodCYFTAirwnopoPg44aey6kfb3qFzYZLK,272804442,,,0,0
2024-06-19T16:45:57.812Z,AwAjdZTkSJgZ89Pyy1aqjXCLbTijzfYH1gmBc4gb6S25gE8k5wuDYc5vkRc6unbLYygX4X3uh62kRUmzzFJQ2fT,272804442,,,0,0
2024-06-19T16:45:57.808Z,2JZakEg8DPsNcf1GmdK1bb6ymmP9XE3yMbwbgtHsgJYubccQHVFC5uVWsivJ3Ldd13cCaXE8J6pXAtLnxR2UWQVN,272804442,,,0,0
2024-06-19T16:45:57.817Z,3fR1hcoejeru9CdzNrv7N7pKrKPz91gpwFotkxRY3Ax4gXMhUZBqGorZcsXYs5VK3oh394y3eNAwkuB1Erhessr3,272804442,,,0,0
2024-06-19T16:45:57.815Z,4v3LT1dp1yBTMY4akxtP3H74d6ks5JrRsPzkiHB5LdTfGJ2tZeW6WWq4uzqSDM5UGUS4etr7Lc6D13QCN47jShDi,272804442,,,0,0
2024-06-19T16:45:57.819Z,47T54H4qGFK9GqxSRH9NZ565xc6BU1FtXyzu8oZwVchyNy1L4AFv2hGKNvTGEM1HLtFNEv4CZc29AZxDG2FVuea1,272804442,,,0,0
2024-06-19T16:45:57.822Z,2wwkHbgFnJcDtwTvgLcLqJKZM89E4fXw3reGReNcVV1AiueqVvaVwSKo3q2g9u1LkT9ZjqMzycfo2eNWGGXt4pMv,272804442,,,0,0
2024-06-19T16:45:57.810Z,vui26WnXR7JmViDNuVYqzebBfnsVCVQWa4LmeHHMyWF6zPMJ982P4W3LGC4gdN6ePuymRyAYCeZxycSRr4Dx5zK,272804442,,,0,0
2024-06-19T16:45:57.825Z,5yzPHYcJpvg849mNbXNDK4oeDpsaJfZ64TrUxCBvNHQMNTnoXGSgrSnStAcoLcxRgXkr6SKWZ6ptaL6o75PyPEso,272804442,,,0,0
2024-06-19T16:45:57.828Z,3jcjHJaadHwbPZRPmfdgX36SSpxRnbaLyUFwFaMsxvKhAFFTnDAjghUvHzs2Z8maQAyp9dmwhx88VBbLc5kvAgZt,272804442,,,0,0
2024-06-19T16:45:57.827Z,7asAz8rZUYd24EeNps5r32uFNGnYWZPryQ7gjFxFsChjvDUx36wWP49GLyu1VPaFZsKNJR8eGDDmiK82sJ3GPuD,272804442,,,0,0
2024-06-19T16:45:57.832Z,3mH3i4fPi4W2Kgnq4QkmMvv3hWXR1oZSYeKfc7KXT3Noge8aBDpgeAiWpuEh2HNA4TCuixiaP2KfWMJeU914NbnG,272804442,,,0,0
2024-06-19T16:45:57.834Z,3CQtmwFV3z3FEAYDTNgmPaM1g2BwjPuxxL35XBcik91jsteym5EinsRWLyx7mKqqxHYVwE9pQZ5xEeX5S2YLPn9j,272804442,,,0,0
2024-06-19T16:45:57.838Z,4XAwN5EEfxLXYU9EyVC3Az7sGm2UtCgenZ6o9L4qKmP24r2Q67LBkZEoagQUhcshoMy7emPcbvjBS9jJFvVaZ7Za,272804442,,,0,0
2024-06-19T16:45:57.830Z,4z6GXFNLKWXoryKUS754eDFUG5ucKVgETAaUGfpWLAeG8pqmwsSJ1nMMCo6VNUf7eohuE9jr6z9yxFrvX2JHtCtG,272804442,,,0,0
2024-06-19T16:45:57.843Z,3fYngHJqx22V8qrhrgh1Ma1xbAobvX1a4HkkenXAunVyHXF7EuptC2EoEMEV2tmfHZTyu1VjeXhPnBYhm671eUr,272804442,,,0,0
2024-06-19T16:45:57.841Z,4xYZ54d4yAvMw99yJ6CRvMdApdxE4oQSNod67ZygSkmcifa7NHdSa2Sqcd5xUE6So9XZc6MSRqoUNFwuYkHa5GqZ,272804442,,,0,0
2024-06-19T16:45:57.836Z,28TpHRLWgfDruWhgghfnM4cG9aTGUZqSxtwEVXnasSF4ZXsLSZ8rZsDxBDskxMDUEtqB7E52mB1gseix8jNvS1tT,272804442,,,0,0
2024-06-19T16:45:57.845Z,2pwn7EM51x3AzUDbGEHCGqMXzX35XKZaopsKVkNpVpcmC7Kos67JrahxGA4rg85ibfi2ZZcvV1cN3SADrqfMwha1,272804442,,,0,0
2024-06-19T16:45:57.847Z,4RdxpMHCRrLWuoVzmYJMLF9KEsixmLfDijdTKXVyYU4iduoh1B8RoRRxfJyst1azHxxwHFYDCLATM6rS2q6kvNeU,272804442,,,0,0
2024-06-19T16:45:57.846Z,5xsqqyJg224niS2aeneMJqe2cj2edkYjipCp8CWKdSaaEcVUuxow6Lb4Ccq95mcWME2pC5hvUVdWcQSrh8XnsyEG,272804442,,,0,0
2024-06-19T16:45:57.849Z,5LKipFrznpJYygf15FDpR49K9Lqb4nLdHfJnYQf37hZJnKewNg6Lttf5wGhN6stVPXJNjEeFrsuHugJ8BuPrUYae,272804442,,,0,0
2024-06-19T16:45:57.853Z,3mjH52dubBJTKsedtquTrvGDXx9U7jvG9EtcZ5t4pvA27miJ4wbgyYKrTqGw2McH9f4TMkeetn1bRN1d2nH4CTb9,272804442,,,0,0
2024-06-19T16:45:57.851Z,3N5vH9EiQkYqJTDtBpr1akZ794K5TggA17uBH1Ls1k5P963537s5RXvooq99uGb47vzoBSQCd5sCFRmvdZaqYg1S,272804442,,,0,0
2024-06-19T16:45:57.860Z,2dP4sFzzZa42XsauJj2mnEfVG3mRC3NARkT3jxfq7ZarJ3tFhyeZ9JALpm9r73jPo15BXVKfXqNcXBbyxv4sSkdo,272804442,,,0,0
2024-06-19T16:45:57.858Z,5JjmmzEyfabH3ZR3vqJ7yEehn1fNsmVvbZbeBCns9b2sP4nF4CHooyRA2fNZgNjmkBpKfMzAP2oWj4BNcWHhr8Er,272804442,,,0,0
2024-06-19T16:45:57.856Z,56Z6dcWumj53HJhzmh6ahHZSUsTnQXNiaKfdc7jbJk7yoFJFheaugBKP1VZdpXr9fpmBpdPCZVfb22LMa3Rz556j,272804442,,,0,0
2024-06-19T16:45:57.862Z,3ervGXKgV9Y1YQWF2VGZ2jenS36pvQ8rEMJKLJ2hgf8Ro8wbi7BsmKXwAHqCyYTpRx3HZsK2NJFvNgp4KnjmaJvx,272804442,,,0,0
2024-06-19T16:45:57.865Z,43JTngzF2tBgpZG3ttooJa5urBbQcHYZSDXd698uDvSuHRWMR6qtof9gZzQZePtCV1LVjCmF1kRJaafDYXG1ctmB,272804442,,,0,0
2024-06-19T16:45:57.863Z,4X338ZNVKHyyEqbbLDoDLuEyB36iQLMyupURW5u41PKaewU47EcSDNKLjcuY8pgGkgFKmtwKcfvKjjCrrDTFQKFQ,272804442,,,0,0
2024-06-19T16:45:57.866Z,bWeRh3ZVJfkcSqvGbeqLy7ddxQrC1zPmHkeLa6HsdiiHrkxpKtZnvntwGywbtVQvJThF3bPTq28G4Pc2UZHcD3g,272804442,,,0,0
2024-06-19T16:45:57.870Z,5nZDLpJdvkURabTGdaa9ScfVvaVQ3UFgSdkbs984hNiTqqV6dPEDrEB2kvRVSvaMT224c3fKFX8djt3XAyZMpsDu,272804442,,,0,0
2024-06-19T16:45:57.871Z,36VoKMqy5LK4bEvw8bqoErLsUnU7r3HvLgitSwYTDsEdeAvnQsKtGb2gyiT4ywbr4ZRNCHQdjcPAaQPzuSBJeuVF,272804442,,,0,0
2024-06-19T16:45:57.868Z,ZeP8pNK5FUoSK64UtoZ4qEaG3Y75HQwRYiJJWJNA78d8t7dXN43k9hx7YnzxLzr1eTgmbYqN1WFEYSJc9LRwu78,272804442,,,0,0
2024-06-19T16:45:57.873Z,2hjohsvpEQ5tENRn4mqjTiwWtDPs99PpcbKD9PBr399774okECUpTS5fWPvMy1uvdxYTPQsoJUge5wNxBfQ32XCh,272804442,,,0,0
2024-06-19T16:45:57.878Z,4BvbxUwD4naJ9KoZMTJPnve1bJYofzVZFnzYAVscUVdYSGN49Z6jBJ2nA9eHWq63GJ2dwuumjm72M68jEVwYKgRQ,272804442,,,0,0
2024-06-19T16:45:57.874Z,2kmPEfdW1eFQLxcthhpjmJ1Zvt2bJRsEhpDEmXe94d1roEMVRDHfwpEwDYRbmspboMHeEFnHfv9N8iT9uc3bCc2H,272804442,,,0,0
2024-06-19T16:45:57.880Z,5UDdnN5iwBgB2aWTRRUrBgEFpRpp8f5sznezRyhr3dDKYoG3sxMq1dr6quzvhASCSAB7TPGTqVePe6U5p48jMh5Y,272804442,,,0,0
2024-06-19T16:45:57.881Z,5VfT1JUAzUDriFqsneNVZHn2zD17FAdf6hmimDrchg4bUNx3djsYHy1tZnUL7xSu4LZwEtQPaD2uCEPTjwU81JNB,272804442,,,0,0
2024-06-19T16:45:57.877Z,bE4zmXfDNKXa1k3kVY1rtj57q2QfWiNHBzpJjMWSXQ8B1E9Wb4K6uYUcEynDRSSbT3Xm8tmQUoWQds2cZpMfQHb,272804442,,,0,0
2024-06-19T16:45:57.882Z,5n9TsLC24kcr1M9N5qh7d8ARFCxcG3NPKApitiR5T7vd6LKH8uNfKzko1Mw5W8q7Jm5Y55C3FHA8jsQR42b1MRRW,272804442,,,0,0
2024-06-19T16:45:57.885Z,4Fv9kso2Fj8SEXThBTmanB99UNhbc6CaU8wZMmLc67RZa7pTegdFAesUfDMNqFCqdGmAA7q3sY6hLVpZDAt7EgqV,272804442,,,0,0
2024-06-19T16:45:57.884Z,4vDkzwsEDaemKUPaZxDA67SBLSxqQ8TGkPnKpZJtvCeHCne18Lh6rACaALaEPQPhvvr25jnvmW2xNkeQkTqm78Uw,272804442,,,0,0
2024-06-19T16:45:57.887Z,Kmsitqt8RLtcDdCdHHuq3bC4YcS2MQDrmBS4fSuz2VjX6HXpwHqfp1rB35M8gL43K3UZ1UmtAihacLE71SZXNSK,272804442,,,0,0
2024-06-19T16:45:57.879Z,iemDzpgTAiiR9TMKkb2uEY1youduzHXgqrq3fH3BGSHVShwaBKzwnHagT3PhpbaNYYRV7DfHwJpnjgHMV9w2bD4,272804442,,,0,0
2024-06-19T16:45:57.888Z,4nZyEisEd3zDp3qQBuBhDxrTVSmPh82uxnmPeyhJBUBppTMNG8Hp9xRoS2DW6m6QcFJ3bwd1sgVEAkbG8EaE4wkC,272804442,,,0,0
2024-06-19T16:45:57.886Z,w42pYFVBSDGtaMFhQTm6C79hmLmZehW9h7ToiLy9XLsJoj8bsESo1jtPxjxWykSWvdjDPv62SJngCnXbnjevuxn,272804442,,,0,0
2024-06-19T16:45:57.890Z,4taJbBpKjqNR9hm3LXd9zirxg8uy17PVeTj17Gk9SHv2qMY15JH88TCPSHmvLgdfRvnNJsMFAsRxUYqkninybCNC,272804442,,,0,0
2024-06-19T16:45:57.893Z,45yt3LixXsVWRLBDVMdRqRW1q7pZMef1goWSNk52RJQWo7eAEZkrWgt7giLr19hkJYLFHwjr2bHgHVv4E51bmnd6,272804442,,,0,0
2024-06-19T16:45:57.892Z,42LaAdRuC52sANhCbR4kWRBwoRZGrBV3LiQfMf4WGNs4ZbuVRsR6jg1qWyXjUTWw2vnQArXB9mU3w3ugfrij94bb,272804442,,,0,0
2024-06-19T16:45:57.895Z,33FxYJavHsW6324cUi3bf69sytWUFEynR2hdo6poT8BJgTzxtZxvWRpaY4GNTNsV9SJ7ftVMmzJ7pUKv5UT91Zm9,272804442,,,0,0
2024-06-19T16:45:57.897Z,4DS2aWjdVN4dGigdG1CsDTxXvMGW6uZ4MgG1RSCBabsrTmc9LmtUAZa2TszXaL3FCndCHbKBdfAo5jav6gCU99DV,272804442,,,0,0
2024-06-19T16:45:57.901Z,3pZUggdhyBG7Wg6artWxMgobFqPH8DvrmWbHKqC7znXLmrKMe49ngLw3MDE6jEjrB7kWKKzn29VX1H8Zzne4fq6Y,272804442,,,0,0
2024-06-19T16:45:57.900Z,3V5j9Tkk9t4Yk4aeNbVNerxBQNApzf3Qd99jDkSeH66zyCeoGiEVxAvocJGsyCMseQbJHNGJSsS4ghtE4sEmwPxj,272804442,,,0,0
2024-06-19T16:45:57.904Z,5LmGzBfK9aZXZYHV7MKG1zAXJoXHxu538iyDUmKpJDMCTA9yq7djrHCCjz5hfLupSCNAaT9qX2iSrhcLi5apu4id,272804442,,,0,0
2024-06-19T16:45:57.903Z,Q9xR11AmsM7G4hNCsPFqFsjhQR2pqc1Xy4pDGeLyWsnQhLqm9hzdbNx6AB2ic3LMck5GzdPdUoPR3rhRphjrbKi,272804442,,,0,0
2024-06-19T16:45:57.908Z,5Cq7VyQ8BFbhQXAJg5o8stqKujvw1HAM9eshVXgYrgvzsnEpGCcewCEMCpAcMxzLbKV6QbFBw1AbcjBVjWDnHcEQ,272804442,,,0,0
2024-06-19T16:45:57.907Z,aU4cXBHWVEeY3yHEZV3ouMZFpNifWeYdcc3Ni7zjuXXsYKkfJeeP7PjLaWfXSJtqBqzzdkDmtZnXsAJZ5pSWK5Z,272804442,,,0,0
2024-06-19T16:45:57.910Z,5kV5Yg8WQQPKptFFVWND8NxeGrDh2fzXCyZ8XmyTeqEpkWqdRYRH8j2aZtvYBe4Lga8sjZjaT5gdmzR7rsV1Vfg2,272804442,,,0,0
2024-06-19T16:45:57.915Z,hkMtaDSnBbkcXjxp7peoHKriLWeZCHcmfXHgNLX7qCzDEuDLjJe6Cj45AC4cY5PK6JKWpz8rWP2Djx35Kdk7Cpw,272804442,,,0,0
2024-06-19T16:45:57.911Z,38jNMGDZ91NQXaewx77sprE8XPvTFSoKzYmhJ6pe2UCWbte3YffZ9LJgRxb4GgNYhSDAtPGjJVtfSVFkuWGRmCLg,272804442,,,0,0
2024-06-19T16:45:57.916Z,4onvmtKBUy7tfcKyf2BQT9WzJbuFX7amyz1bigbanF3m1ZhCdfDSb5QE3YMFyD51YuekpBu2nAb2m1Lx23HDCuQ4,272804442,,,0,0
2024-06-19T16:45:57.913Z,2GGX1XhWbqC29kdYdxwAvY9pPzJ2jWMCaLH9pnrZ7HkcRn4JGb9Cf74jDnzuY3Rea6uZjrws4SkdSzoBNV8JeehL,272804442,,,0,0
2024-06-19T16:45:57.946Z,48WbXcRmnPg3unzBPj8bbMJZwpvq3wKAPBfCb2WnHhdm4CxFEwbc2Mo8NpgAhhSEfvwR8fdu65SZ6FDoC6Dd1oA9,272804443,,,0,0
2024-06-19T16:45:57.948Z,5iee5Fy74HqVpoG9fKK4SzUuLhBnotjX7Ev6wpm5GQCz7GFQjDQuWNTKPCJD3N3QtAm73qnHQXSNeo4V2iBC8mh4,272804443,,,0,0
2024-06-19T16:45:57.944Z,5futtNeDXvX8je49DCeYgu2cGqnBXRtuxGzbGNjPvRfbUG6xoQodrYAKxjmbWweaWDmYuHvj33BonxvW6n6dJEQv,272804443,,,0,0
2024-06-19T16:45:57.956Z,41hcDi1FU5D18MYnYnkN7qDtB9GELvk185iRE17BFrsXc526dmnxkngxZ7MuC9pcmBEztNAM4tKcqruWCcsv6yoW,272804443,,,0,0
2024-06-19T16:45:57.950Z,4FtMGF2JgbuqfZFK7uYowkciqroShFGsFizAWoWuC4RE2QPM4a4Kb3brb2bXREFFchWcp5ZWTbXt5MxHwxnQGwDE,272804443,,,0,0
2024-06-19T16:45:57.953Z,56UPVx4sMKDffi58qGyZdd3i7y3UPFvmgguSjdUmzLUWVWG5hZT5LVYZE6q7mc54xxxBn4nj22KZWRrLvq31rLgP,272804443,,,0,0
2024-06-19T16:45:57.963Z,4YXh7cLvmHXHRVDduyPsGEXHipzBttchSmrcQeHvHBree3e4MU9kAPbyB1EPo9wBVZa23uMwF3wPwGkQoALm5s39,272804443,,,0,0
2024-06-19T16:45:57.961Z,2PxiKMhRWH9wKKcMN8NodKzwMT4PTaAefSTgxfFdGL63sysGRC7AXuHnYjF4gq33tjVrjUoE67CyBuF2CXF6yMZi,272804443,,,0,0
2024-06-19T16:45:57.965Z,2RqJent4hSSoB8o8rfPpn7vJ2z8QAua1uc27bsB8oiyQnKR3LMUA6GoJjbUiJY1aBN88UEofqphA36xXYGNuYifq,272804443,,,0,0
2024-06-19T16:45:57.968Z,5kwakUhQmspyaBo31XnfPNoxdPAKyFk1ExkZGHefQwvBHzwMFDNQkvXF96VNcWK35263Vc23SgbaHgVzkeF4LqWD,272804443,,,0,0
2024-06-19T16:45:57.959Z,52JRnnhg3zDk3SvrNwXRQD5f4jgAEiEZgjUyw2Ns1wo1CaC8TRZup4LDrpQZ4ZVqArermGyLqBkXvLnMjGLQrhp4,272804443,,,0,0
2024-06-19T16:45:57.967Z,xUkV76LmUYk2HDVZy2hoB7DeoNjr4CzBtW9XFtGffe3WbS8FnkzhpQRFYjTBGXJWjQJG6Wu4ZxXEaYSukCWgEH9,272804443,,,0,0
2024-06-19T16:45:57.972Z,5hMkAHkPSemsq25NJmqqgmLWGEG2gdXijAJKbsAzAGrZXh2wV71dhV5HyeLEdVhp8kYHFt2ECvkBuBTkztQp7sR9,272804443,,,0,0
2024-06-19T16:45:57.974Z,4nKhZVvLRMvBCovXhztYhaWFuJui6xzf8yyjZ9GUtdWbMiFKC11N8VuSg6TTSgXAZqgj8v2rjJaGGqUsTYxjTfkY,272804443,,,0,0
2024-06-19T16:45:57.970Z,jekwSSYMkkYQk1eR754eDPCQzrS6u3L12ujmkp2xNL7Nj8H8sGpSw9n4HxGSNVqGEsnQTukizBrSoTZEN9EwhVH,272804443,,,0,0
